0 0.359375 0.1943359375 0.021484375 0.021484375 
1 0.6005859375 0.544921875 0.021484375 0.021484375 
0 0.5087890625 0.3408203125 0.021484375 0.021484375 
0 0.6630859375 0.3037109375 0.021484375 0.021484375 
0 0.4970703125 0.32421875 0.0234375 0.0234375 
1 0.4599609375 0.1376953125 0.0224609375 0.0224609375 
0 0.6435546875 0.2734375 0.0234375 0.0234375 
0 0.6455078125 0.0947265625 0.0234375 0.0234375 
0 0.4013671875 0.5703125 0.021484375 0.021484375 
0 0.5849609375 0.1884765625 0.021484375 0.021484375 
1 0.5078125 0.3935546875 0.021484375 0.021484375 
0 0.53515625 0.51953125 0.0224609375 0.0224609375 
0 0.5048828125 0.142578125 0.021484375 0.021484375 
1 0.5419921875 0.2451171875 0.0224609375 0.0224609375 
1 0.5654296875 0.5205078125 0.0224609375 0.0224609375 
0 0.5927734375 0.568359375 0.0234375 0.0234375 
0 0.3974609375 0.1650390625 0.0234375 0.0234375 
1 0.5263671875 0.359375 0.021484375 0.021484375 
1 0.5517578125 0.1953125 0.0224609375 0.0224609375 
1 0.5048828125 0.42578125 0.021484375 0.021484375 
1 0.521484375 0.2041015625 0.021484375 0.021484375 
1 0.5068359375 0.6806640625 0.021484375 0.021484375 
1 0.59765625 0.416015625 0.021484375 0.021484375 
1 0.619140625 0.203125 0.021484375 0.021484375 
0 0.5283203125 0.673828125 0.0224609375 0.0224609375 
0 0.5712890625 0.2294921875 0.0234375 0.0234375 
0 0.517578125 0.267578125 0.0234375 0.0234375 
1 0.478515625 0.345703125 0.0224609375 0.0224609375 
1 0.6591796875 0.2646484375 0.021484375 0.021484375 
0 0.416015625 0.1865234375 0.021484375 0.021484375 
1 0.4794921875 0.1552734375 0.0224609375 0.0224609375 
0 0.3388671875 0.2958984375 0.021484375 0.021484375 
0 0.517578125 0.8857421875 0.0224609375 0.0224609375 
0 0.4033203125 0.119140625 0.021484375 0.021484375 
0 0.41015625 0.138671875 0.0234375 0.0234375 
0 0.451171875 0.0556640625 0.021484375 0.021484375 
0 0.392578125 0.193359375 0.021484375 0.021484375 
0 0.4140625 0.4033203125 0.0224609375 0.0224609375 
0 0.5068359375 0.0830078125 0.0234375 0.0234375 
1 0.3984375 0.0361328125 0.0224609375 0.0224609375 
0 0.498046875 0.5859375 0.0224609375 0.0224609375 
0 0.5595703125 0.62109375 0.0224609375 0.0224609375 
0 0.56640625 0.1708984375 0.021484375 0.021484375 
1 0.5576171875 0.4931640625 0.0224609375 0.0224609375 
1 0.5 0.490234375 0.021484375 0.021484375 
0 0.5986328125 0.50390625 0.021484375 0.021484375 
1 0.36328125 0.2548828125 0.021484375 0.021484375 
0 0.43359375 0.083984375 0.0234375 0.0234375 
0 0.5625 0.04296875 0.021484375 0.021484375 
0 0.51171875 0.767578125 0.025390625 0.025390625 
0 0.484375 0.1103515625 0.021484375 0.021484375 
0 0.544921875 0.3974609375 0.021484375 0.021484375 
0 0.5263671875 0.251953125 0.021484375 0.021484375 
0 0.57421875 0.21484375 0.0234375 0.0234375 
0 0.4189453125 0.2724609375 0.021484375 0.021484375 
0 0.58984375 0.3525390625 0.0224609375 0.0224609375 
0 0.677734375 0.1181640625 0.0234375 0.0234375 
1 0.4423828125 0.478515625 0.0224609375 0.0224609375 
0 0.4462890625 0.537109375 0.021484375 0.021484375 
0 0.4755859375 0.5068359375 0.0234375 0.0234375 
0 0.5390625 0.845703125 0.01953125 0.01953125 
0 0.6376953125 0.1953125 0.021484375 0.021484375 
0 0.548828125 0.771484375 0.025390625 0.025390625 
0 0.388671875 0.2861328125 0.0234375 0.0234375 
1 0.359375 0.3662109375 0.021484375 0.021484375 
0 0.5419921875 0.44140625 0.0234375 0.0234375 
0 0.4501953125 0.81640625 0.01953125 0.01953125 
0 0.359375 0.412109375 0.0234375 0.0234375 
0 0.625 0.291015625 0.021484375 0.021484375 
0 0.2861328125 0.107421875 0.021484375 0.021484375 
0 0.544921875 0.7880859375 0.021484375 0.021484375 
0 0.484375 0.4736328125 0.021484375 0.021484375 
0 0.4423828125 0.10546875 0.0234375 0.0234375 
1 0.4658203125 0.2451171875 0.021484375 0.021484375 
1 0.556640625 0.2763671875 0.0224609375 0.0224609375 
0 0.4697265625 0.6396484375 0.021484375 0.021484375 
0 0.431640625 0.1953125 0.021484375 0.021484375 
1 0.5693359375 0.6416015625 0.021484375 0.021484375 
0 0.3701171875 0.1611328125 0.0234375 0.0234375 
0 0.5283203125 0.7890625 0.0224609375 0.0224609375 
0 0.3115234375 0.126953125 0.021484375 0.021484375 
1 0.517578125 0.85546875 0.021484375 0.021484375 
0 0.455078125 0.7421875 0.021484375 0.021484375 
0 0.5830078125 0.3310546875 0.021484375 0.021484375 
1 0.6337890625 0.123046875 0.021484375 0.021484375 
0 0.4560546875 0.1640625 0.0234375 0.0234375 
0 0.525390625 0.7587890625 0.01953125 0.01953125 
0 0.6201171875 0.2314453125 0.021484375 0.021484375 
0 0.4921875 0.16796875 0.021484375 0.021484375 
0 0.556640625 0.2919921875 0.0224609375 0.0224609375 
0 0.4609375 0.6201171875 0.021484375 0.021484375 
0 0.4169921875 0.5830078125 0.021484375 0.021484375 
1 0.49609375 0.69140625 0.021484375 0.021484375 
0 0.365234375 0.451171875 0.021484375 0.021484375 
1 0.4638671875 0.083984375 0.0224609375 0.0224609375 
0 0.4755859375 0.705078125 0.0234375 0.0234375 
