0 0.5048828125 0.7783203125 0.01953125 0.01953125 
0 0.619140625 0.4609375 0.0234375 0.0234375 
0 0.5244140625 0.89453125 0.021484375 0.021484375 
0 0.349609375 0.2587890625 0.0234375 0.0234375 
0 0.5673828125 0.712890625 0.021484375 0.021484375 
1 0.6259765625 0.4140625 0.021484375 0.021484375 
0 0.396484375 0.34765625 0.0234375 0.0234375 
0 0.6669921875 0.0859375 0.021484375 0.021484375 
1 0.4853515625 0.365234375 0.021484375 0.021484375 
0 0.63671875 0.1748046875 0.0234375 0.0234375 
0 0.5400390625 0.3125 0.0224609375 0.0224609375 
0 0.33984375 0.2841796875 0.0234375 0.0234375 
0 0.5537109375 0.59375 0.021484375 0.021484375 
0 0.302734375 0.0595703125 0.0224609375 0.0224609375 
0 0.3662109375 0.3798828125 0.0234375 0.0234375 
1 0.5322265625 0.876953125 0.0234375 0.0234375 
0 0.56640625 0.2998046875 0.021484375 0.021484375 
0 0.548828125 0.8173828125 0.0234375 0.0234375 
1 0.5400390625 0.857421875 0.021484375 0.021484375 
0 0.3828125 0.041015625 0.0234375 0.0234375 
0 0.4853515625 0.4794921875 0.021484375 0.021484375 
0 0.359375 0.150390625 0.0234375 0.0234375 
1 0.470703125 0.296875 0.021484375 0.021484375 
0 0.5302734375 0.599609375 0.021484375 0.021484375 
0 0.3662109375 0.40234375 0.021484375 0.021484375 
0 0.5234375 0.833984375 0.0224609375 0.0224609375 
1 0.5625 0.3408203125 0.021484375 0.021484375 
0 0.65625 0.2626953125 0.021484375 0.021484375 
1 0.568359375 0.56640625 0.021484375 0.021484375 
0 0.4248046875 0.14453125 0.0234375 0.0234375 
0 0.400390625 0.0458984375 0.0234375 0.0234375 
1 0.345703125 0.03125 0.021484375 0.021484375 
0 0.43359375 0.31640625 0.021484375 0.021484375 
0 0.658203125 0.150390625 0.0234375 0.0234375 
0 0.2841796875 0.05078125 0.021484375 0.021484375 
0 0.568359375 0.0859375 0.0234375 0.0234375 
0 0.3564453125 0.185546875 0.0224609375 0.0224609375 
0 0.490234375 0.494140625 0.0234375 0.0234375 
0 0.6376953125 0.3837890625 0.0234375 0.0234375 
1 0.4697265625 0.740234375 0.021484375 0.021484375 
0 0.3125 0.201171875 0.021484375 0.021484375 
0 0.609375 0.2177734375 0.021484375 0.021484375 
0 0.4072265625 0.3798828125 0.021484375 0.021484375 
0 0.490234375 0.3427734375 0.0234375 0.0234375 
0 0.40625 0.3076171875 0.021484375 0.021484375 
0 0.4443359375 0.0791015625 0.0234375 0.0234375 
1 0.27734375 0.080078125 0.021484375 0.021484375 
0 0.4775390625 0.6533203125 0.0234375 0.0234375 
0 0.5859375 0.548828125 0.021484375 0.021484375 
0 0.638671875 0.3251953125 0.0234375 0.0234375 
1 0.5732421875 0.3798828125 0.021484375 0.021484375 
1 0.44921875 0.55078125 0.0224609375 0.0224609375 
0 0.619140625 0.1494140625 0.021484375 0.021484375 
1 0.3046875 0.076171875 0.0224609375 0.0224609375 
0 0.3798828125 0.1396484375 0.021484375 0.021484375 
1 0.4345703125 0.642578125 0.021484375 0.021484375 
0 0.3759765625 0.080078125 0.0224609375 0.0224609375 
0 0.556640625 0.7529296875 0.025390625 0.025390625 
0 0.6435546875 0.146484375 0.021484375 0.021484375 
0 0.5 0.857421875 0.0224609375 0.0224609375 
0 0.65625 0.1162109375 0.021484375 0.021484375 
1 0.5 0.689453125 0.021484375 0.021484375 
0 0.4443359375 0.6083984375 0.021484375 0.021484375 
0 0.42578125 0.2119140625 0.021484375 0.021484375 
0 0.4833984375 0.203125 0.021484375 0.021484375 
1 0.646484375 0.35546875 0.0224609375 0.0224609375 
0 0.513671875 0.3623046875 0.021484375 0.021484375 
0 0.3349609375 0.2646484375 0.0234375 0.0234375 
1 0.529296875 0.482421875 0.021484375 0.021484375 
0 0.66015625 0.0693359375 0.0234375 0.0234375 
0 0.4580078125 0.353515625 0.0234375 0.0234375 
1 0.697265625 0.087890625 0.021484375 0.021484375 
0 0.515625 0.1064453125 0.021484375 0.021484375 
0 0.451171875 0.6474609375 0.021484375 0.021484375 
1 0.6982421875 0.064453125 0.021484375 0.021484375 
0 0.53515625 0.642578125 0.021484375 0.021484375 
0 0.6513671875 0.2978515625 0.021484375 0.021484375 
0 0.4677734375 0.216796875 0.021484375 0.021484375 
0 0.4677734375 0.443359375 0.021484375 0.021484375 
0 0.3251953125 0.240234375 0.0224609375 0.0224609375 
1 0.5849609375 0.6171875 0.0224609375 0.0224609375 
0 0.5439453125 0.5654296875 0.021484375 0.021484375 
0 0.5322265625 0.751953125 0.01953125 0.01953125 
0 0.4267578125 0.3818359375 0.021484375 0.021484375 
0 0.544921875 0.4921875 0.021484375 0.021484375 
0 0.333984375 0.1318359375 0.021484375 0.021484375 
0 0.4326171875 0.560546875 0.0234375 0.0234375 
0 0.501953125 0.1923828125 0.0224609375 0.0224609375 
0 0.6357421875 0.033203125 0.0224609375 0.0224609375 
0 0.58984375 0.4443359375 0.0224609375 0.0224609375 
1 0.5888671875 0.52734375 0.0224609375 0.0224609375 
0 0.4921875 0.224609375 0.0234375 0.0234375 
1 0.4560546875 0.58984375 0.0224609375 0.0224609375 
0 0.5556640625 0.208984375 0.021484375 0.021484375 
