0 0.3955078125 0.23828125 0.021484375 0.021484375 
0 0.4833984375 0.841796875 0.0234375 0.0234375 
1 0.6162109375 0.123046875 0.021484375 0.021484375 
0 0.4970703125 0.578125 0.0234375 0.0234375 
0 0.462890625 0.3681640625 0.0234375 0.0234375 
1 0.43359375 0.0419921875 0.021484375 0.021484375 
0 0.4248046875 0.2265625 0.0234375 0.0234375 
0 0.537109375 0.8642578125 0.021484375 0.021484375 
1 0.681640625 0.15625 0.021484375 0.021484375 
0 0.603515625 0.4541015625 0.0234375 0.0234375 
0 0.59765625 0.0498046875 0.021484375 0.021484375 
0 0.4443359375 0.2578125 0.021484375 0.021484375 
0 0.328125 0.2890625 0.0234375 0.0234375 
0 0.62890625 0.0771484375 0.021484375 0.021484375 
0 0.435546875 0.6171875 0.021484375 0.021484375 
1 0.529296875 0.1533203125 0.021484375 0.021484375 
0 0.4892578125 0.0419921875 0.0234375 0.0234375 
0 0.564453125 0.16796875 0.021484375 0.021484375 
0 0.5791015625 0.10546875 0.021484375 0.021484375 
1 0.5478515625 0.484375 0.021484375 0.021484375 
1 0.619140625 0.5029296875 0.0224609375 0.0224609375 
0 0.46484375 0.875 0.0224609375 0.0224609375 
0 0.521484375 0.1171875 0.0234375 0.0234375 
0 0.58203125 0.0869140625 0.0224609375 0.0224609375 
1 0.3447265625 0.369140625 0.021484375 0.021484375 
0 0.4306640625 0.6494140625 0.021484375 0.021484375 
0 0.4462890625 0.3046875 0.0234375 0.0234375 
0 0.560546875 0.2392578125 0.021484375 0.021484375 
0 0.373046875 0.126953125 0.0234375 0.0234375 
0 0.423828125 0.1240234375 0.021484375 0.021484375 
0 0.51171875 0.56640625 0.021484375 0.021484375 
0 0.4375 0.484375 0.0234375 0.0234375 
0 0.6728515625 0.2216796875 0.021484375 0.021484375 
0 0.44921875 0.69140625 0.0234375 0.0234375 
0 0.4560546875 0.8603515625 0.01953125 0.01953125 
1 0.6640625 0.2861328125 0.021484375 0.021484375 
1 0.548828125 0.05859375 0.0224609375 0.0224609375 
0 0.5244140625 0.0849609375 0.0234375 0.0234375 
1 0.603515625 0.421875 0.021484375 0.021484375 
0 0.5283203125 0.0595703125 0.021484375 0.021484375 
1 0.5751953125 0.345703125 0.021484375 0.021484375 
1 0.4091796875 0.4521484375 0.0224609375 0.0224609375 
0 0.4091796875 0.640625 0.021484375 0.021484375 
0 0.5654296875 0.0478515625 0.0234375 0.0234375 
0 0.33984375 0.2763671875 0.0224609375 0.0224609375 
0 0.4755859375 0.1953125 0.0234375 0.0234375 
0 0.486328125 0.3603515625 0.0224609375 0.0224609375 
1 0.5888671875 0.1689453125 0.021484375 0.021484375 
0 0.5263671875 0.3125 0.021484375 0.021484375 
0 0.470703125 0.119140625 0.021484375 0.021484375 
0 0.39453125 0.400390625 0.021484375 0.021484375 
0 0.658203125 0.1357421875 0.021484375 0.021484375 
0 0.37109375 0.095703125 0.0234375 0.0234375 
0 0.3857421875 0.1806640625 0.0224609375 0.0224609375 
0 0.3310546875 0.072265625 0.021484375 0.021484375 
0 0.419921875 0.296875 0.021484375 0.021484375 
0 0.4462890625 0.46484375 0.021484375 0.021484375 
0 0.40234375 0.130859375 0.0234375 0.0234375 
0 0.4951171875 0.1005859375 0.0234375 0.0234375 
0 0.630859375 0.0927734375 0.0234375 0.0234375 
1 0.5009765625 0.353515625 0.021484375 0.021484375 
0 0.47265625 0.68359375 0.021484375 0.021484375 
0 0.3076171875 0.060546875 0.0224609375 0.0224609375 
0 0.5625 0.1376953125 0.021484375 0.021484375 
1 0.4482421875 0.3271484375 0.021484375 0.021484375 
0 0.6201171875 0.376953125 0.021484375 0.021484375 
0 0.6513671875 0.255859375 0.0234375 0.0234375 
0 0.634765625 0.31640625 0.0234375 0.0234375 
1 0.46875 0.7685546875 0.0234375 0.0234375 
0 0.35546875 0.302734375 0.0224609375 0.0224609375 
1 0.5078125 0.0537109375 0.021484375 0.021484375 
1 0.568359375 0.6015625 0.021484375 0.021484375 
0 0.5048828125 0.3076171875 0.0234375 0.0234375 
0 0.544921875 0.646484375 0.0234375 0.0234375 
1 0.5 0.70703125 0.0224609375 0.0224609375 
0 0.5380859375 0.0927734375 0.021484375 0.021484375 
0 0.666015625 0.169921875 0.0234375 0.0234375 
0 0.4794921875 0.697265625 0.0234375 0.0234375 
0 0.521484375 0.1005859375 0.0234375 0.0234375 
0 0.552734375 0.685546875 0.021484375 0.021484375 
0 0.4443359375 0.3662109375 0.0234375 0.0234375 
1 0.4345703125 0.396484375 0.021484375 0.021484375 
0 0.3955078125 0.30078125 0.021484375 0.021484375 
1 0.3876953125 0.0810546875 0.0224609375 0.0224609375 
0 0.501953125 0.14453125 0.021484375 0.021484375 
0 0.447265625 0.0908203125 0.021484375 0.021484375 
0 0.34375 0.3544921875 0.021484375 0.021484375 
0 0.6630859375 0.208984375 0.0224609375 0.0224609375 
0 0.4208984375 0.5234375 0.021484375 0.021484375 
0 0.5068359375 0.728515625 0.021484375 0.021484375 
0 0.517578125 0.193359375 0.021484375 0.021484375 
0 0.5068359375 0.3896484375 0.021484375 0.021484375 
0 0.4501953125 0.1689453125 0.0224609375 0.0224609375 
1 0.482421875 0.748046875 0.021484375 0.021484375 
1 0.4326171875 0.208984375 0.0224609375 0.0224609375 
0 0.345703125 0.333984375 0.021484375 0.021484375 
0 0.5302734375 0.0341796875 0.021484375 0.021484375 
1 0.45703125 0.791015625 0.0234375 0.0234375 
0 0.443359375 0.3505859375 0.021484375 0.021484375 
0 0.27734375 0.072265625 0.021484375 0.021484375 
1 0.544921875 0.52734375 0.0224609375 0.0224609375 
0 0.544921875 0.1982421875 0.021484375 0.021484375 
1 0.6513671875 0.3212890625 0.0224609375 0.0224609375 
0 0.55859375 0.033203125 0.021484375 0.021484375 
0 0.5361328125 0.2353515625 0.021484375 0.021484375 
1 0.5654296875 0.40625 0.0224609375 0.0224609375 
0 0.3720703125 0.2880859375 0.0234375 0.0234375 
0 0.3916015625 0.064453125 0.0234375 0.0234375 
0 0.3134765625 0.037109375 0.0234375 0.0234375 
1 0.5380859375 0.3759765625 0.021484375 0.021484375 
0 0.5751953125 0.19140625 0.0234375 0.0234375 
0 0.443359375 0.435546875 0.0234375 0.0234375 
1 0.4140625 0.2421875 0.021484375 0.021484375 
0 0.5595703125 0.736328125 0.0234375 0.0234375 
1 0.37890625 0.3935546875 0.0224609375 0.0224609375 
0 0.41015625 0.5087890625 0.0234375 0.0234375 
0 0.388671875 0.103515625 0.021484375 0.021484375 
0 0.5498046875 0.724609375 0.0234375 0.0234375 
1 0.5751953125 0.39453125 0.021484375 0.021484375 
0 0.44921875 0.2158203125 0.021484375 0.021484375 
0 0.6005859375 0.51953125 0.021484375 0.021484375 
0 0.546875 0.15234375 0.0234375 0.0234375 
0 0.4931640625 0.8896484375 0.0224609375 0.0224609375 
0 0.7021484375 0.0625 0.021484375 0.021484375 
1 0.40625 0.3505859375 0.021484375 0.021484375 
1 0.5439453125 0.181640625 0.021484375 0.021484375 
1 0.5078125 0.2373046875 0.021484375 0.021484375 
1 0.6416015625 0.216796875 0.0224609375 0.0224609375 
1 0.443359375 0.59375 0.0224609375 0.0224609375 
0 0.609375 0.1943359375 0.021484375 0.021484375 
0 0.4462890625 0.5556640625 0.021484375 0.021484375 
1 0.48046875 0.576171875 0.021484375 0.021484375 
0 0.466796875 0.453125 0.0234375 0.0234375 
1 0.552734375 0.556640625 0.021484375 0.021484375 
1 0.43359375 0.669921875 0.0224609375 0.0224609375 
0 0.3583984375 0.12890625 0.021484375 0.021484375 
0 0.5224609375 0.8134765625 0.021484375 0.021484375 
1 0.4873046875 0.322265625 0.021484375 0.021484375 
0 0.451171875 0.5087890625 0.0224609375 0.0224609375 
0 0.4453125 0.1064453125 0.021484375 0.021484375 
0 0.5224609375 0.2861328125 0.021484375 0.021484375 
1 0.5458984375 0.27734375 0.021484375 0.021484375 
0 0.5107421875 0.6298828125 0.021484375 0.021484375 
0 0.4541015625 0.1298828125 0.0224609375 0.0224609375 
0 0.5654296875 0.6533203125 0.021484375 0.021484375 
0 0.57421875 0.4423828125 0.021484375 0.021484375 
0 0.4833984375 0.76953125 0.01953125 0.01953125 
0 0.564453125 0.697265625 0.021484375 0.021484375 
1 0.466796875 0.07421875 0.021484375 0.021484375 
0 0.4541015625 0.71484375 0.0234375 0.0234375 
0 0.609375 0.1416015625 0.021484375 0.021484375 
0 0.396484375 0.5166015625 0.0234375 0.0234375 
1 0.384765625 0.1513671875 0.021484375 0.021484375 
0 0.4521484375 0.6259765625 0.021484375 0.021484375 
0 0.6015625 0.3330078125 0.0224609375 0.0224609375 
0 0.572265625 0.6669921875 0.0234375 0.0234375 
0 0.3310546875 0.1630859375 0.021484375 0.021484375 
0 0.390625 0.5654296875 0.021484375 0.021484375 
0 0.3486328125 0.1689453125 0.0234375 0.0234375 
0 0.3642578125 0.052734375 0.021484375 0.021484375 
0 0.5107421875 0.61328125 0.021484375 0.021484375 
1 0.3974609375 0.48046875 0.021484375 0.021484375 
0 0.3837890625 0.26953125 0.021484375 0.021484375 
0 0.5107421875 0.4462890625 0.021484375 0.021484375 
0 0.58984375 0.40625 0.0234375 0.0234375 
0 0.5712890625 0.2236328125 0.021484375 0.021484375 
0 0.3408203125 0.197265625 0.0224609375 0.0224609375 
1 0.6162109375 0.2861328125 0.021484375 0.021484375 
0 0.3544921875 0.1025390625 0.021484375 0.021484375 
1 0.5185546875 0.48046875 0.021484375 0.021484375 
0 0.57421875 0.53125 0.021484375 0.021484375 
0 0.6171875 0.0458984375 0.0234375 0.0234375 
0 0.5 0.8525390625 0.0224609375 0.0224609375 
0 0.4970703125 0.5478515625 0.021484375 0.021484375 
0 0.4462890625 0.384765625 0.0234375 0.0234375 
1 0.6533203125 0.0478515625 0.021484375 0.021484375 
0 0.5029296875 0.4208984375 0.0224609375 0.0224609375 
0 0.4521484375 0.03125 0.0234375 0.0234375 
0 0.6357421875 0.0390625 0.0224609375 0.0224609375 
0 0.3427734375 0.0625 0.021484375 0.021484375 
1 0.6357421875 0.1640625 0.0224609375 0.0224609375 
0 0.6220703125 0.30859375 0.021484375 0.021484375 
0 0.546875 0.8359375 0.0224609375 0.0224609375 
0 0.6005859375 0.3623046875 0.021484375 0.021484375 
1 0.38671875 0.3671875 0.021484375 0.021484375 
0 0.5888671875 0.6396484375 0.021484375 0.021484375 
0 0.5009765625 0.75390625 0.0234375 0.0234375 
0 0.3544921875 0.0732421875 0.021484375 0.021484375 
0 0.4345703125 0.1728515625 0.021484375 0.021484375 
0 0.3759765625 0.0390625 0.021484375 0.021484375 
1 0.634765625 0.126953125 0.021484375 0.021484375 
0 0.6357421875 0.337890625 0.021484375 0.021484375 
0 0.4482421875 0.744140625 0.0224609375 0.0224609375 
0 0.443359375 0.7841796875 0.025390625 0.025390625 
0 0.37109375 0.076171875 0.0234375 0.0234375 
0 0.6064453125 0.1103515625 0.021484375 0.021484375 
