1 0.5322265625 0.7373046875 0.0224609375 0.0224609375 
0 0.5849609375 0.03125 0.0234375 0.0234375 
0 0.5205078125 0.1572265625 0.0224609375 0.0224609375 
0 0.4306640625 0.328125 0.021484375 0.021484375 
0 0.60546875 0.0634765625 0.021484375 0.021484375 
0 0.361328125 0.431640625 0.021484375 0.021484375 
1 0.4931640625 0.0361328125 0.021484375 0.021484375 
0 0.5283203125 0.654296875 0.021484375 0.021484375 
0 0.5927734375 0.353515625 0.0224609375 0.0224609375 
0 0.3583984375 0.2763671875 0.0224609375 0.0224609375 
1 0.3935546875 0.1357421875 0.021484375 0.021484375 
0 0.5107421875 0.451171875 0.021484375 0.021484375 
0 0.3056640625 0.1689453125 0.021484375 0.021484375 
1 0.388671875 0.55859375 0.021484375 0.021484375 
0 0.2841796875 0.0703125 0.0234375 0.0234375 
0 0.54296875 0.26953125 0.021484375 0.021484375 
0 0.583984375 0.2880859375 0.0234375 0.0234375 
1 0.4501953125 0.076171875 0.021484375 0.021484375 
0 0.345703125 0.2919921875 0.0234375 0.0234375 
1 0.5986328125 0.607421875 0.0224609375 0.0224609375 
1 0.4853515625 0.548828125 0.021484375 0.021484375 
0 0.3876953125 0.33984375 0.0224609375 0.0224609375 
0 0.470703125 0.16796875 0.0234375 0.0234375 
0 0.4541015625 0.21484375 0.0224609375 0.0224609375 
1 0.4501953125 0.6240234375 0.0224609375 0.0224609375 
0 0.568359375 0.6494140625 0.0224609375 0.0224609375 
1 0.5458984375 0.412109375 0.0224609375 0.0224609375 
0 0.4609375 0.685546875 0.0234375 0.0234375 
1 0.56640625 0.2744140625 0.0224609375 0.0224609375 
1 0.4453125 0.5498046875 0.021484375 0.021484375 
0 0.4091796875 0.2890625 0.021484375 0.021484375 
0 0.4482421875 0.201171875 0.021484375 0.021484375 
0 0.3291015625 0.1875 0.021484375 0.021484375 
0 0.396484375 0.5908203125 0.0224609375 0.0224609375 
1 0.685546875 0.1181640625 0.021484375 0.021484375 
0 0.501953125 0.1044921875 0.0234375 0.0234375 
0 0.5771484375 0.4130859375 0.0224609375 0.0224609375 
0 0.361328125 0.3330078125 0.021484375 0.021484375 
0 0.5380859375 0.302734375 0.0234375 0.0234375 
0 0.5517578125 0.134765625 0.0224609375 0.0224609375 
0 0.568359375 0.349609375 0.0224609375 0.0224609375 
0 0.4013671875 0.1162109375 0.021484375 0.021484375 
0 0.416015625 0.466796875 0.021484375 0.021484375 
0 0.482421875 0.310546875 0.021484375 0.021484375 
1 0.353515625 0.205078125 0.021484375 0.021484375 
0 0.3857421875 0.2646484375 0.0234375 0.0234375 
0 0.6875 0.041015625 0.0234375 0.0234375 
1 0.5615234375 0.4599609375 0.021484375 0.021484375 
1 0.470703125 0.0634765625 0.021484375 0.021484375 
1 0.35546875 0.2275390625 0.021484375 0.021484375 
0 0.5703125 0.1181640625 0.021484375 0.021484375 
1 0.529296875 0.8681640625 0.021484375 0.021484375 
0 0.455078125 0.7626953125 0.0234375 0.0234375 
1 0.4970703125 0.669921875 0.021484375 0.021484375 
0 0.5361328125 0.8876953125 0.0224609375 0.0224609375 
0 0.49609375 0.169921875 0.021484375 0.021484375 
0 0.3828125 0.0400390625 0.0224609375 0.0224609375 
0 0.5390625 0.0302734375 0.0234375 0.0234375 
0 0.6064453125 0.087890625 0.021484375 0.021484375 
0 0.5859375 0.44921875 0.021484375 0.021484375 
0 0.5166015625 0.4814453125 0.0234375 0.0234375 
1 0.53125 0.0751953125 0.0224609375 0.0224609375 
0 0.48828125 0.4404296875 0.0234375 0.0234375 
0 0.4697265625 0.140625 0.021484375 0.021484375 
0 0.4423828125 0.470703125 0.021484375 0.021484375 
0 0.61328125 0.5302734375 0.021484375 0.021484375 
0 0.4462890625 0.283203125 0.0234375 0.0234375 
0 0.5849609375 0.6650390625 0.021484375 0.021484375 
0 0.44140625 0.3427734375 0.021484375 0.021484375 
0 0.478515625 0.759765625 0.0224609375 0.0224609375 
0 0.427734375 0.6669921875 0.021484375 0.021484375 
0 0.5283203125 0.40625 0.0234375 0.0234375 
0 0.666015625 0.203125 0.021484375 0.021484375 
0 0.4423828125 0.7548828125 0.025390625 0.025390625 
0 0.4033203125 0.314453125 0.021484375 0.021484375 
0 0.51953125 0.1220703125 0.0234375 0.0234375 
0 0.568359375 0.140625 0.0234375 0.0234375 
0 0.380859375 0.53515625 0.021484375 0.021484375 
1 0.5517578125 0.0908203125 0.021484375 0.021484375 
0 0.439453125 0.72265625 0.021484375 0.021484375 
1 0.34375 0.09375 0.0224609375 0.0224609375 
0 0.3271484375 0.1474609375 0.0234375 0.0234375 
1 0.3984375 0.5703125 0.021484375 0.021484375 
0 0.6328125 0.03515625 0.0234375 0.0234375 
0 0.5380859375 0.1767578125 0.0234375 0.0234375 
0 0.5224609375 0.375 0.0234375 0.0234375 
0 0.603515625 0.2138671875 0.0224609375 0.0224609375 
1 0.4306640625 0.35546875 0.0224609375 0.0224609375 
0 0.3818359375 0.203125 0.021484375 0.021484375 
0 0.669921875 0.0888671875 0.021484375 0.021484375 
0 0.421875 0.064453125 0.021484375 0.021484375 
0 0.578125 0.19921875 0.0234375 0.0234375 
1 0.49609375 0.8857421875 0.0234375 0.0234375 
0 0.65625 0.1376953125 0.021484375 0.021484375 
0 0.54296875 0.568359375 0.0234375 0.0234375 
1 0.587890625 0.2353515625 0.0224609375 0.0224609375 
1 0.5283203125 0.5673828125 0.0224609375 0.0224609375 
0 0.470703125 0.7900390625 0.01953125 0.01953125 
0 0.4189453125 0.3046875 0.0234375 0.0234375 
1 0.693359375 0.08203125 0.0224609375 0.0224609375 
0 0.626953125 0.126953125 0.021484375 0.021484375 
1 0.5224609375 0.1767578125 0.021484375 0.021484375 
0 0.34765625 0.380859375 0.021484375 0.021484375 
0 0.4873046875 0.1171875 0.021484375 0.021484375 
0 0.4697265625 0.3359375 0.021484375 0.021484375 
0 0.5380859375 0.140625 0.021484375 0.021484375 
1 0.4013671875 0.455078125 0.0224609375 0.0224609375 
0 0.654296875 0.25390625 0.021484375 0.021484375 
1 0.4013671875 0.0302734375 0.021484375 0.021484375 
1 0.3818359375 0.2255859375 0.021484375 0.021484375 
1 0.646484375 0.359375 0.021484375 0.021484375 
0 0.5380859375 0.7587890625 0.0234375 0.0234375 
1 0.400390625 0.1943359375 0.021484375 0.021484375 
0 0.3701171875 0.3857421875 0.0234375 0.0234375 
1 0.39453125 0.0986328125 0.021484375 0.021484375 
0 0.302734375 0.1025390625 0.021484375 0.021484375 
1 0.37890625 0.4111328125 0.0224609375 0.0224609375 
0 0.490234375 0.4228515625 0.021484375 0.021484375 
1 0.54296875 0.341796875 0.021484375 0.021484375 
0 0.5302734375 0.3515625 0.0234375 0.0234375 
0 0.40234375 0.400390625 0.021484375 0.021484375 
0 0.5 0.7197265625 0.0224609375 0.0224609375 
0 0.3984375 0.373046875 0.021484375 0.021484375 
0 0.564453125 0.291015625 0.021484375 0.021484375 
0 0.525390625 0.203125 0.021484375 0.021484375 
0 0.4267578125 0.6943359375 0.0234375 0.0234375 
0 0.515625 0.767578125 0.0234375 0.0234375 
