0 0.376953125 0.3994140625 0.0224609375 0.0224609375 
0 0.3681640625 0.36328125 0.021484375 0.021484375 
1 0.685546875 0.115234375 0.021484375 0.021484375 
1 0.4931640625 0.1171875 0.021484375 0.021484375 
0 0.57421875 0.2939453125 0.0234375 0.0234375 
1 0.4248046875 0.2880859375 0.0224609375 0.0224609375 
1 0.5537109375 0.0810546875 0.0224609375 0.0224609375 
1 0.474609375 0.8232421875 0.021484375 0.021484375 
0 0.41015625 0.197265625 0.0234375 0.0234375 
1 0.51171875 0.44921875 0.0224609375 0.0224609375 
0 0.5107421875 0.2509765625 0.021484375 0.021484375 
1 0.5361328125 0.4208984375 0.021484375 0.021484375 
0 0.396484375 0.2734375 0.021484375 0.021484375 
0 0.544921875 0.2333984375 0.0234375 0.0234375 
0 0.595703125 0.287109375 0.021484375 0.021484375 
0 0.6083984375 0.5390625 0.021484375 0.021484375 
0 0.3603515625 0.2421875 0.0234375 0.0234375 
0 0.39453125 0.13671875 0.0224609375 0.0224609375 
0 0.6337890625 0.4296875 0.021484375 0.021484375 
0 0.4169921875 0.10546875 0.021484375 0.021484375 
1 0.560546875 0.720703125 0.021484375 0.021484375 
0 0.4072265625 0.55078125 0.021484375 0.021484375 
0 0.341796875 0.2607421875 0.0234375 0.0234375 
0 0.4208984375 0.24609375 0.021484375 0.021484375 
0 0.4267578125 0.685546875 0.021484375 0.021484375 
0 0.46484375 0.8515625 0.01953125 0.01953125 
0 0.42578125 0.5419921875 0.021484375 0.021484375 
1 0.515625 0.486328125 0.021484375 0.021484375 
0 0.576171875 0.51953125 0.021484375 0.021484375 
0 0.32421875 0.0703125 0.021484375 0.021484375 
1 0.4609375 0.314453125 0.021484375 0.021484375 
0 0.474609375 0.708984375 0.0234375 0.0234375 
0 0.4814453125 0.49609375 0.021484375 0.021484375 
0 0.51953125 0.46484375 0.0234375 0.0234375 
1 0.578125 0.5625 0.0224609375 0.0224609375 
0 0.310546875 0.123046875 0.021484375 0.021484375 
1 0.4794921875 0.8740234375 0.021484375 0.021484375 
0 0.3193359375 0.046875 0.021484375 0.021484375 
0 0.34375 0.1259765625 0.021484375 0.021484375 
1 0.5224609375 0.7724609375 0.0234375 0.0234375 
1 0.66015625 0.03125 0.021484375 0.021484375 
0 0.5712890625 0.0634765625 0.0224609375 0.0224609375 
1 0.669921875 0.138671875 0.021484375 0.021484375 
0 0.287109375 0.1240234375 0.021484375 0.021484375 
1 0.7041015625 0.111328125 0.021484375 0.021484375 
1 0.595703125 0.3154296875 0.021484375 0.021484375 
0 0.5751953125 0.3212890625 0.021484375 0.021484375 
1 0.4599609375 0.0673828125 0.021484375 0.021484375 
0 0.3779296875 0.1240234375 0.0234375 0.0234375 
0 0.400390625 0.240234375 0.021484375 0.021484375 
0 0.58203125 0.1826171875 0.021484375 0.021484375 
0 0.5439453125 0.337890625 0.021484375 0.021484375 
0 0.6005859375 0.455078125 0.0234375 0.0234375 
0 0.5478515625 0.1015625 0.021484375 0.021484375 
0 0.5146484375 0.3203125 0.021484375 0.021484375 
0 0.3955078125 0.533203125 0.021484375 0.021484375 
1 0.4775390625 0.041015625 0.0224609375 0.0224609375 
0 0.6201171875 0.2490234375 0.021484375 0.021484375 
0 0.3564453125 0.328125 0.0234375 0.0234375 
0 0.5380859375 0.7685546875 0.0224609375 0.0224609375 
0 0.52734375 0.27734375 0.021484375 0.021484375 
1 0.490234375 0.576171875 0.021484375 0.021484375 
1 0.654296875 0.05078125 0.021484375 0.021484375 
0 0.6328125 0.064453125 0.0234375 0.0234375 
1 0.5 0.5146484375 0.021484375 0.021484375 
0 0.5224609375 0.2998046875 0.0224609375 0.0224609375 
0 0.6806640625 0.07421875 0.0224609375 0.0224609375 
0 0.41015625 0.224609375 0.0234375 0.0234375 
0 0.38671875 0.1533203125 0.021484375 0.021484375 
0 0.4853515625 0.697265625 0.021484375 0.021484375 
0 0.615234375 0.2646484375 0.021484375 0.021484375 
0 0.4482421875 0.501953125 0.021484375 0.021484375 
0 0.4599609375 0.61328125 0.0234375 0.0234375 
1 0.4462890625 0.1533203125 0.0224609375 0.0224609375 
0 0.39453125 0.4306640625 0.0234375 0.0234375 
1 0.4404296875 0.26171875 0.0224609375 0.0224609375 
0 0.4833984375 0.341796875 0.021484375 0.021484375 
0 0.4599609375 0.240234375 0.021484375 0.021484375 
0 0.6474609375 0.173828125 0.021484375 0.021484375 
0 0.515625 0.5439453125 0.0234375 0.0234375 
0 0.5244140625 0.611328125 0.0234375 0.0234375 
0 0.6318359375 0.13671875 0.0234375 0.0234375 
0 0.6630859375 0.263671875 0.021484375 0.021484375 
1 0.4853515625 0.169921875 0.021484375 0.021484375 
0 0.662109375 0.3076171875 0.0234375 0.0234375 
0 0.486328125 0.7626953125 0.021484375 0.021484375 
0 0.595703125 0.376953125 0.021484375 0.021484375 
0 0.587890625 0.611328125 0.0234375 0.0234375 
1 0.5185546875 0.3359375 0.021484375 0.021484375 
0 0.4638671875 0.17578125 0.021484375 0.021484375 
0 0.3642578125 0.2021484375 0.021484375 0.021484375 
1 0.6142578125 0.0888671875 0.0224609375 0.0224609375 
1 0.470703125 0.4248046875 0.021484375 0.021484375 
0 0.4453125 0.3564453125 0.021484375 0.021484375 
0 0.42578125 0.177734375 0.021484375 0.021484375 
0 0.5146484375 0.6630859375 0.0234375 0.0234375 
0 0.4521484375 0.08203125 0.021484375 0.021484375 
1 0.2978515625 0.11328125 0.021484375 0.021484375 
0 0.626953125 0.0986328125 0.021484375 0.021484375 
0 0.5322265625 0.0693359375 0.0224609375 0.0224609375 
0 0.498046875 0.853515625 0.0224609375 0.0224609375 
0 0.544921875 0.3603515625 0.0234375 0.0234375 
0 0.4931640625 0.71875 0.021484375 0.021484375 
0 0.396484375 0.33203125 0.0234375 0.0234375 
1 0.6357421875 0.2119140625 0.0224609375 0.0224609375 
1 0.490234375 0.6240234375 0.0224609375 0.0224609375 
1 0.431640625 0.2294921875 0.021484375 0.021484375 
0 0.587890625 0.2734375 0.021484375 0.021484375 
0 0.6005859375 0.49609375 0.021484375 0.021484375 
0 0.5693359375 0.6904296875 0.021484375 0.021484375 
1 0.443359375 0.4287109375 0.0224609375 0.0224609375 
0 0.70703125 0.080078125 0.0224609375 0.0224609375 
0 0.3408203125 0.1572265625 0.0234375 0.0234375 
1 0.4619140625 0.8701171875 0.0234375 0.0234375 
1 0.6259765625 0.318359375 0.0224609375 0.0224609375 
1 0.470703125 0.2216796875 0.021484375 0.021484375 
0 0.4677734375 0.34765625 0.021484375 0.021484375 
0 0.6171875 0.4560546875 0.021484375 0.021484375 
0 0.5029296875 0.1396484375 0.021484375 0.021484375 
0 0.5625 0.224609375 0.0234375 0.0234375 
0 0.6376953125 0.3359375 0.021484375 0.021484375 
1 0.3408203125 0.0419921875 0.021484375 0.021484375 
0 0.4609375 0.2060546875 0.021484375 0.021484375 
0 0.5595703125 0.58984375 0.0234375 0.0234375 
1 0.447265625 0.5771484375 0.0224609375 0.0224609375 
0 0.4296875 0.484375 0.021484375 0.021484375 
0 0.482421875 0.2109375 0.021484375 0.021484375 
0 0.4345703125 0.076171875 0.021484375 0.021484375 
0 0.5380859375 0.8740234375 0.0224609375 0.0224609375 
1 0.4736328125 0.3798828125 0.0224609375 0.0224609375 
0 0.443359375 0.6884765625 0.021484375 0.021484375 
0 0.4951171875 0.3779296875 0.021484375 0.021484375 
1 0.5390625 0.6259765625 0.0224609375 0.0224609375 
0 0.34375 0.373046875 0.021484375 0.021484375 
1 0.5009765625 0.171875 0.021484375 0.021484375 
0 0.458984375 0.7314453125 0.021484375 0.021484375 
1 0.4697265625 0.59375 0.021484375 0.021484375 
0 0.3603515625 0.384765625 0.021484375 0.021484375 
0 0.482421875 0.26171875 0.021484375 0.021484375 
1 0.3505859375 0.0927734375 0.021484375 0.021484375 
1 0.357421875 0.34375 0.021484375 0.021484375 
0 0.40234375 0.400390625 0.0234375 0.0234375 
1 0.478515625 0.7783203125 0.021484375 0.021484375 
0 0.5400390625 0.5458984375 0.0224609375 0.0224609375 
0 0.400390625 0.05078125 0.021484375 0.021484375 
0 0.484375 0.06640625 0.0234375 0.0234375 
0 0.50390625 0.22265625 0.0224609375 0.0224609375 
0 0.5341796875 0.6767578125 0.021484375 0.021484375 
1 0.4560546875 0.40234375 0.021484375 0.021484375 
0 0.4140625 0.0400390625 0.0234375 0.0234375 
0 0.53515625 0.7841796875 0.025390625 0.025390625 
0 0.6376953125 0.36328125 0.021484375 0.021484375 
0 0.4541015625 0.830078125 0.021484375 0.021484375 
0 0.3896484375 0.302734375 0.0234375 0.0234375 
0 0.494140625 0.591796875 0.0234375 0.0234375 
0 0.373046875 0.44140625 0.0234375 0.0234375 
1 0.423828125 0.7041015625 0.021484375 0.021484375 
0 0.4228515625 0.20703125 0.0234375 0.0234375 
1 0.291015625 0.080078125 0.021484375 0.021484375 
1 0.3955078125 0.4951171875 0.0224609375 0.0224609375 
1 0.509765625 0.763671875 0.021484375 0.021484375 
0 0.6611328125 0.0927734375 0.021484375 0.021484375 
0 0.3896484375 0.5673828125 0.021484375 0.021484375 
1 0.3828125 0.2490234375 0.021484375 0.021484375 
0 0.4765625 0.609375 0.0224609375 0.0224609375 
0 0.3818359375 0.4697265625 0.021484375 0.021484375 
0 0.5498046875 0.12890625 0.0234375 0.0234375 
0 0.384765625 0.34375 0.0224609375 0.0224609375 
0 0.369140625 0.3193359375 0.021484375 0.021484375 
0 0.552734375 0.5576171875 0.021484375 0.021484375 
0 0.43359375 0.3203125 0.021484375 0.021484375 
0 0.5556640625 0.6552734375 0.0234375 0.0234375 
0 0.2880859375 0.0341796875 0.0234375 0.0234375 
0 0.6005859375 0.5791015625 0.021484375 0.021484375 
0 0.4306640625 0.3037109375 0.0234375 0.0234375 
0 0.3173828125 0.24609375 0.021484375 0.021484375 
0 0.5732421875 0.3681640625 0.021484375 0.021484375 
0 0.4404296875 0.03125 0.0234375 0.0234375 
