0 0.38671875 0.2109375 0.021484375 0.021484375 
0 0.5302734375 0.7509765625 0.021484375 0.021484375 
1 0.3955078125 0.3349609375 0.0224609375 0.0224609375 
1 0.34765625 0.076171875 0.021484375 0.021484375 
0 0.4423828125 0.3916015625 0.021484375 0.021484375 
0 0.388671875 0.54296875 0.021484375 0.021484375 
1 0.353515625 0.41015625 0.0224609375 0.0224609375 
0 0.4384765625 0.271484375 0.021484375 0.021484375 
0 0.498046875 0.6611328125 0.021484375 0.021484375 
0 0.58203125 0.564453125 0.021484375 0.021484375 
1 0.6015625 0.435546875 0.0224609375 0.0224609375 
1 0.6044921875 0.197265625 0.0224609375 0.0224609375 
1 0.5068359375 0.380859375 0.021484375 0.021484375 
0 0.5654296875 0.7412109375 0.021484375 0.021484375 
0 0.5673828125 0.4814453125 0.0234375 0.0234375 
0 0.640625 0.0576171875 0.021484375 0.021484375 
0 0.6083984375 0.2646484375 0.0224609375 0.0224609375 
0 0.5302734375 0.109375 0.021484375 0.021484375 
0 0.5947265625 0.10546875 0.0234375 0.0234375 
1 0.4150390625 0.4111328125 0.021484375 0.021484375 
0 0.6376953125 0.376953125 0.0224609375 0.0224609375 
0 0.31640625 0.07421875 0.0224609375 0.0224609375 
0 0.5966796875 0.3564453125 0.0224609375 0.0224609375 
0 0.4189453125 0.2216796875 0.0224609375 0.0224609375 
0 0.5205078125 0.2890625 0.021484375 0.021484375 
0 0.6494140625 0.0732421875 0.0234375 0.0234375 
0 0.630859375 0.291015625 0.0234375 0.0234375 
1 0.4853515625 0.2626953125 0.021484375 0.021484375 
0 0.6904296875 0.150390625 0.0234375 0.0234375 
0 0.5859375 0.2626953125 0.021484375 0.021484375 
0 0.4853515625 0.123046875 0.021484375 0.021484375 
1 0.5341796875 0.89453125 0.021484375 0.021484375 
0 0.59375 0.4208984375 0.0234375 0.0234375 
0 0.4501953125 0.60546875 0.0224609375 0.0224609375 
1 0.3896484375 0.3544921875 0.021484375 0.021484375 
0 0.41796875 0.607421875 0.0234375 0.0234375 
0 0.6318359375 0.2568359375 0.0234375 0.0234375 
0 0.5986328125 0.4541015625 0.0234375 0.0234375 
0 0.6318359375 0.21875 0.021484375 0.021484375 
1 0.5380859375 0.470703125 0.0224609375 0.0224609375 
1 0.4384765625 0.484375 0.021484375 0.021484375 
0 0.5048828125 0.2607421875 0.021484375 0.021484375 
0 0.294921875 0.119140625 0.021484375 0.021484375 
0 0.525390625 0.193359375 0.021484375 0.021484375 
0 0.5888671875 0.0908203125 0.021484375 0.021484375 
1 0.365234375 0.0810546875 0.021484375 0.021484375 
0 0.623046875 0.2412109375 0.021484375 0.021484375 
0 0.6396484375 0.3359375 0.021484375 0.021484375 
0 0.556640625 0.28125 0.021484375 0.021484375 
0 0.544921875 0.521484375 0.021484375 0.021484375 
1 0.5068359375 0.2392578125 0.021484375 0.021484375 
1 0.3232421875 0.1103515625 0.021484375 0.021484375 
0 0.5361328125 0.5419921875 0.021484375 0.021484375 
0 0.6513671875 0.3603515625 0.021484375 0.021484375 
0 0.4482421875 0.3251953125 0.021484375 0.021484375 
0 0.40625 0.55859375 0.0234375 0.0234375 
0 0.5126953125 0.646484375 0.021484375 0.021484375 
0 0.3701171875 0.4560546875 0.021484375 0.021484375 
1 0.3759765625 0.365234375 0.021484375 0.021484375 
0 0.3720703125 0.474609375 0.0234375 0.0234375 
1 0.51953125 0.173828125 0.021484375 0.021484375 
0 0.2998046875 0.0615234375 0.0224609375 0.0224609375 
0 0.544921875 0.0537109375 0.021484375 0.021484375 
0 0.427734375 0.189453125 0.0234375 0.0234375 
0 0.5703125 0.3740234375 0.0234375 0.0234375 
0 0.490234375 0.591796875 0.021484375 0.021484375 
0 0.5244140625 0.4091796875 0.0234375 0.0234375 
0 0.44921875 0.662109375 0.0234375 0.0234375 
0 0.439453125 0.5205078125 0.0234375 0.0234375 
0 0.552734375 0.2451171875 0.0234375 0.0234375 
0 0.44140625 0.578125 0.021484375 0.021484375 
0 0.6923828125 0.1328125 0.0234375 0.0234375 
1 0.634765625 0.3193359375 0.021484375 0.021484375 
0 0.404296875 0.1787109375 0.021484375 0.021484375 
0 0.5166015625 0.5556640625 0.021484375 0.021484375 
0 0.572265625 0.525390625 0.021484375 0.021484375 
1 0.5654296875 0.6650390625 0.0224609375 0.0224609375 
1 0.7060546875 0.1044921875 0.0224609375 0.0224609375 
0 0.642578125 0.140625 0.0234375 0.0234375 
0 0.6748046875 0.05859375 0.021484375 0.021484375 
0 0.5244140625 0.4638671875 0.0234375 0.0234375 
0 0.53125 0.84375 0.021484375 0.021484375 
1 0.45703125 0.4892578125 0.021484375 0.021484375 
0 0.66796875 0.28125 0.021484375 0.021484375 
0 0.60546875 0.48828125 0.0224609375 0.0224609375 
1 0.4267578125 0.0908203125 0.021484375 0.021484375 
0 0.677734375 0.21875 0.021484375 0.021484375 
0 0.333984375 0.1943359375 0.0234375 0.0234375 
1 0.4443359375 0.4609375 0.021484375 0.021484375 
1 0.5703125 0.111328125 0.0224609375 0.0224609375 
0 0.453125 0.78515625 0.0224609375 0.0224609375 
1 0.58203125 0.58984375 0.021484375 0.021484375 
0 0.5458984375 0.22265625 0.021484375 0.021484375 
0 0.4052734375 0.0400390625 0.0234375 0.0234375 
0 0.5546875 0.1455078125 0.021484375 0.021484375 
0 0.50390625 0.494140625 0.0234375 0.0234375 
0 0.3701171875 0.1103515625 0.021484375 0.021484375 
1 0.59375 0.1279296875 0.021484375 0.021484375 
1 0.630859375 0.423828125 0.0224609375 0.0224609375 
0 0.673828125 0.1396484375 0.0234375 0.0234375 
1 0.607421875 0.5390625 0.021484375 0.021484375 
1 0.599609375 0.2158203125 0.0224609375 0.0224609375 
1 0.3935546875 0.2998046875 0.0224609375 0.0224609375 
1 0.45703125 0.865234375 0.021484375 0.021484375 
0 0.4794921875 0.34375 0.021484375 0.021484375 
0 0.361328125 0.23046875 0.0234375 0.0234375 
0 0.541015625 0.6630859375 0.0234375 0.0234375 
0 0.4873046875 0.634765625 0.021484375 0.021484375 
0 0.337890625 0.2314453125 0.0234375 0.0234375 
1 0.4365234375 0.1708984375 0.021484375 0.021484375 
0 0.46875 0.8828125 0.0224609375 0.0224609375 
0 0.56640625 0.0859375 0.0234375 0.0234375 
0 0.314453125 0.2333984375 0.021484375 0.021484375 
0 0.3603515625 0.033203125 0.0234375 0.0234375 
1 0.6689453125 0.25390625 0.021484375 0.021484375 
0 0.701171875 0.037109375 0.0234375 0.0234375 
0 0.5 0.5703125 0.0224609375 0.0224609375 
0 0.36328125 0.0537109375 0.021484375 0.021484375 
1 0.4990234375 0.05859375 0.021484375 0.021484375 
1 0.39453125 0.5244140625 0.0224609375 0.0224609375 
1 0.6796875 0.1650390625 0.021484375 0.021484375 
0 0.3115234375 0.1240234375 0.021484375 0.021484375 
0 0.5283203125 0.5849609375 0.021484375 0.021484375 
0 0.4873046875 0.4892578125 0.0234375 0.0234375 
1 0.439453125 0.376953125 0.0224609375 0.0224609375 
0 0.3330078125 0.326171875 0.0224609375 0.0224609375 
1 0.501953125 0.728515625 0.021484375 0.021484375 
