1 0.4033203125 0.21875 0.021484375 0.021484375 
0 0.509765625 0.259765625 0.021484375 0.021484375 
0 0.59765625 0.1611328125 0.0224609375 0.0224609375 
0 0.4677734375 0.8515625 0.0234375 0.0234375 
0 0.607421875 0.3486328125 0.021484375 0.021484375 
0 0.591796875 0.423828125 0.021484375 0.021484375 
0 0.48046875 0.6494140625 0.021484375 0.021484375 
1 0.3876953125 0.3447265625 0.0224609375 0.0224609375 
0 0.337890625 0.078125 0.021484375 0.021484375 
0 0.404296875 0.1357421875 0.021484375 0.021484375 
0 0.33203125 0.0537109375 0.0234375 0.0234375 
0 0.4677734375 0.3447265625 0.021484375 0.021484375 
0 0.6005859375 0.287109375 0.0234375 0.0234375 
0 0.4619140625 0.78125 0.025390625 0.025390625 
0 0.4697265625 0.533203125 0.0224609375 0.0224609375 
0 0.5341796875 0.3935546875 0.021484375 0.021484375 
1 0.4619140625 0.466796875 0.021484375 0.021484375 
0 0.5986328125 0.146484375 0.0224609375 0.0224609375 
0 0.35546875 0.2275390625 0.021484375 0.021484375 
0 0.38671875 0.4775390625 0.0234375 0.0234375 
0 0.3681640625 0.03515625 0.021484375 0.021484375 
1 0.533203125 0.59765625 0.021484375 0.021484375 
0 0.5087890625 0.287109375 0.021484375 0.021484375 
0 0.337890625 0.2138671875 0.021484375 0.021484375 
0 0.4287109375 0.2216796875 0.021484375 0.021484375 
0 0.5439453125 0.37109375 0.021484375 0.021484375 
0 0.578125 0.146484375 0.021484375 0.021484375 
0 0.5341796875 0.5654296875 0.021484375 0.021484375 
0 0.369140625 0.2373046875 0.021484375 0.021484375 
0 0.4296875 0.2802734375 0.0234375 0.0234375 
0 0.5625 0.2587890625 0.0234375 0.0234375 
0 0.404296875 0.25390625 0.0234375 0.0234375 
0 0.4638671875 0.8974609375 0.021484375 0.021484375 
0 0.294921875 0.056640625 0.0224609375 0.0224609375 
0 0.5888671875 0.126953125 0.021484375 0.021484375 
0 0.4482421875 0.0400390625 0.021484375 0.021484375 
0 0.62109375 0.0693359375 0.021484375 0.021484375 
0 0.34375 0.2548828125 0.021484375 0.021484375 
1 0.3818359375 0.2041015625 0.021484375 0.021484375 
0 0.28515625 0.0927734375 0.0234375 0.0234375 
1 0.4853515625 0.0498046875 0.0224609375 0.0224609375 
0 0.4560546875 0.1240234375 0.0224609375 0.0224609375 
0 0.41796875 0.5126953125 0.0234375 0.0234375 
0 0.5224609375 0.8525390625 0.025390625 0.025390625 
0 0.54296875 0.091796875 0.021484375 0.021484375 
0 0.646484375 0.05859375 0.021484375 0.021484375 
0 0.5068359375 0.4208984375 0.021484375 0.021484375 
1 0.537109375 0.318359375 0.021484375 0.021484375 
0 0.5654296875 0.2001953125 0.021484375 0.021484375 
0 0.474609375 0.58203125 0.021484375 0.021484375 
0 0.427734375 0.1962890625 0.0234375 0.0234375 
0 0.4345703125 0.4990234375 0.0234375 0.0234375 
0 0.5546875 0.4873046875 0.0234375 0.0234375 
1 0.423828125 0.1796875 0.021484375 0.021484375 
0 0.5947265625 0.3828125 0.021484375 0.021484375 
0 0.46484375 0.376953125 0.0234375 0.0234375 
0 0.61328125 0.3623046875 0.021484375 0.021484375 
0 0.5634765625 0.580078125 0.0234375 0.0234375 
0 0.4892578125 0.26953125 0.0224609375 0.0224609375 
1 0.33984375 0.1767578125 0.0224609375 0.0224609375 
0 0.5361328125 0.12890625 0.0234375 0.0234375 
0 0.4833984375 0.87109375 0.01953125 0.01953125 
0 0.5927734375 0.0361328125 0.0234375 0.0234375 
0 0.4013671875 0.580078125 0.021484375 0.021484375 
0 0.609375 0.427734375 0.021484375 0.021484375 
0 0.6904296875 0.13671875 0.021484375 0.021484375 
1 0.3173828125 0.17578125 0.021484375 0.021484375 
0 0.4501953125 0.201171875 0.021484375 0.021484375 
0 0.5625 0.2802734375 0.021484375 0.021484375 
1 0.5546875 0.2119140625 0.021484375 0.021484375 
0 0.556640625 0.357421875 0.0234375 0.0234375 
1 0.5849609375 0.240234375 0.021484375 0.021484375 
0 0.52734375 0.224609375 0.021484375 0.021484375 
0 0.5869140625 0.0810546875 0.021484375 0.021484375 
0 0.2919921875 0.150390625 0.0234375 0.0234375 
0 0.4921875 0.080078125 0.0234375 0.0234375 
1 0.63671875 0.3369140625 0.021484375 0.021484375 
1 0.61328125 0.1494140625 0.021484375 0.021484375 
0 0.333984375 0.279296875 0.021484375 0.021484375 
1 0.5615234375 0.6904296875 0.021484375 0.021484375 
0 0.404296875 0.0751953125 0.021484375 0.021484375 
0 0.33203125 0.3251953125 0.021484375 0.021484375 
0 0.365234375 0.3916015625 0.0224609375 0.0224609375 
0 0.6484375 0.150390625 0.021484375 0.021484375 
0 0.3291015625 0.298828125 0.021484375 0.021484375 
0 0.619140625 0.2705078125 0.021484375 0.021484375 
1 0.544921875 0.28125 0.0224609375 0.0224609375 
