0 0.4931640625 0.390625 0.021484375 0.021484375 
1 0.5 0.6611328125 0.021484375 0.021484375 
1 0.435546875 0.58203125 0.0224609375 0.0224609375 
0 0.5068359375 0.875 0.0224609375 0.0224609375 
0 0.3603515625 0.2451171875 0.021484375 0.021484375 
1 0.390625 0.5400390625 0.0224609375 0.0224609375 
1 0.61328125 0.431640625 0.0224609375 0.0224609375 
0 0.3388671875 0.1982421875 0.021484375 0.021484375 
0 0.5283203125 0.4443359375 0.0234375 0.0234375 
1 0.544921875 0.4921875 0.0224609375 0.0224609375 
0 0.3974609375 0.26953125 0.0234375 0.0234375 
0 0.3173828125 0.1240234375 0.021484375 0.021484375 
0 0.2998046875 0.0751953125 0.021484375 0.021484375 
1 0.6298828125 0.3115234375 0.0224609375 0.0224609375 
0 0.392578125 0.4033203125 0.0234375 0.0234375 
0 0.4990234375 0.3291015625 0.021484375 0.021484375 
0 0.5380859375 0.39453125 0.021484375 0.021484375 
0 0.4873046875 0.1259765625 0.021484375 0.021484375 
0 0.55078125 0.697265625 0.0234375 0.0234375 
1 0.443359375 0.2841796875 0.0224609375 0.0224609375 
0 0.3837890625 0.4619140625 0.021484375 0.021484375 
1 0.669921875 0.228515625 0.0224609375 0.0224609375 
0 0.5869140625 0.421875 0.021484375 0.021484375 
0 0.5234375 0.6083984375 0.0234375 0.0234375 
0 0.51953125 0.189453125 0.021484375 0.021484375 
0 0.384765625 0.3857421875 0.0234375 0.0234375 
1 0.44140625 0.541015625 0.021484375 0.021484375 
0 0.4013671875 0.6240234375 0.0224609375 0.0224609375 
0 0.474609375 0.701171875 0.0224609375 0.0224609375 
0 0.61328125 0.1357421875 0.021484375 0.021484375 
0 0.5302734375 0.21875 0.0224609375 0.0224609375 
1 0.48046875 0.5576171875 0.0224609375 0.0224609375 
0 0.5283203125 0.6630859375 0.0224609375 0.0224609375 
0 0.5634765625 0.470703125 0.021484375 0.021484375 
0 0.40625 0.505859375 0.021484375 0.021484375 
0 0.3642578125 0.0634765625 0.021484375 0.021484375 
1 0.57421875 0.2568359375 0.0224609375 0.0224609375 
0 0.2998046875 0.0546875 0.0234375 0.0234375 
0 0.6103515625 0.310546875 0.021484375 0.021484375 
0 0.626953125 0.328125 0.021484375 0.021484375 
0 0.53515625 0.71875 0.021484375 0.021484375 
0 0.443359375 0.5634765625 0.021484375 0.021484375 
0 0.6298828125 0.068359375 0.021484375 0.021484375 
0 0.40234375 0.60546875 0.0234375 0.0234375 
1 0.47265625 0.2724609375 0.021484375 0.021484375 
0 0.490234375 0.7578125 0.025390625 0.025390625 
0 0.5869140625 0.5947265625 0.0234375 0.0234375 
0 0.365234375 0.1826171875 0.021484375 0.021484375 
1 0.548828125 0.6220703125 0.0224609375 0.0224609375 
1 0.533203125 0.2763671875 0.0224609375 0.0224609375 
0 0.5732421875 0.06640625 0.021484375 0.021484375 
0 0.4609375 0.8642578125 0.021484375 0.021484375 
0 0.39453125 0.521484375 0.0224609375 0.0224609375 
0 0.5771484375 0.572265625 0.021484375 0.021484375 
0 0.45703125 0.60546875 0.021484375 0.021484375 
0 0.4208984375 0.4853515625 0.0234375 0.0234375 
1 0.5615234375 0.5087890625 0.0224609375 0.0224609375 
0 0.3720703125 0.0341796875 0.021484375 0.021484375 
0 0.302734375 0.033203125 0.021484375 0.021484375 
0 0.478515625 0.287109375 0.021484375 0.021484375 
0 0.6240234375 0.478515625 0.021484375 0.021484375 
0 0.5078125 0.2431640625 0.0234375 0.0234375 
1 0.5859375 0.3857421875 0.021484375 0.021484375 
1 0.6181640625 0.4609375 0.021484375 0.021484375 
0 0.419921875 0.2822265625 0.021484375 0.021484375 
1 0.3525390625 0.1533203125 0.0224609375 0.0224609375 
1 0.4501953125 0.3115234375 0.0224609375 0.0224609375 
0 0.3310546875 0.076171875 0.0234375 0.0234375 
0 0.5791015625 0.0341796875 0.0224609375 0.0224609375 
0 0.3447265625 0.35546875 0.021484375 0.021484375 
1 0.517578125 0.28125 0.021484375 0.021484375 
0 0.3564453125 0.4296875 0.021484375 0.021484375 
0 0.5830078125 0.4892578125 0.0234375 0.0234375 
0 0.4716796875 0.173828125 0.021484375 0.021484375 
0 0.369140625 0.2841796875 0.021484375 0.021484375 
0 0.6728515625 0.0322265625 0.021484375 0.021484375 
0 0.3515625 0.2099609375 0.0234375 0.0234375 
1 0.3798828125 0.36328125 0.0224609375 0.0224609375 
0 0.6396484375 0.1923828125 0.021484375 0.021484375 
0 0.5673828125 0.5234375 0.0234375 0.0234375 
0 0.423828125 0.2197265625 0.0234375 0.0234375 
0 0.6220703125 0.11328125 0.021484375 0.021484375 
0 0.4990234375 0.689453125 0.021484375 0.021484375 
1 0.4560546875 0.763671875 0.0234375 0.0234375 
0 0.4189453125 0.03125 0.0234375 0.0234375 
0 0.4619140625 0.568359375 0.021484375 0.021484375 
0 0.3935546875 0.580078125 0.0234375 0.0234375 
0 0.5078125 0.0546875 0.021484375 0.021484375 
0 0.46875 0.19921875 0.021484375 0.021484375 
0 0.4208984375 0.5009765625 0.021484375 0.021484375 
0 0.5595703125 0.5390625 0.021484375 0.021484375 
0 0.576171875 0.1767578125 0.0234375 0.0234375 
0 0.6201171875 0.3505859375 0.021484375 0.021484375 
0 0.3984375 0.072265625 0.0224609375 0.0224609375 
0 0.4990234375 0.1064453125 0.021484375 0.021484375 
0 0.5283203125 0.1025390625 0.021484375 0.021484375 
1 0.361328125 0.396484375 0.021484375 0.021484375 
0 0.619140625 0.2685546875 0.0224609375 0.0224609375 
1 0.6826171875 0.208984375 0.021484375 0.021484375 
0 0.46875 0.34375 0.021484375 0.021484375 
0 0.53125 0.1416015625 0.0224609375 0.0224609375 
0 0.4296875 0.1298828125 0.021484375 0.021484375 
