0 0.4951171875 0.41015625 0.0234375 0.0234375 
0 0.4814453125 0.5849609375 0.0234375 0.0234375 
0 0.6181640625 0.1787109375 0.021484375 0.021484375 
0 0.564453125 0.619140625 0.0234375 0.0234375 
0 0.478515625 0.8583984375 0.0224609375 0.0224609375 
0 0.4619140625 0.4892578125 0.021484375 0.021484375 
0 0.54296875 0.19140625 0.0234375 0.0234375 
0 0.41015625 0.0517578125 0.021484375 0.021484375 
0 0.6533203125 0.2490234375 0.021484375 0.021484375 
0 0.6640625 0.302734375 0.0234375 0.0234375 
1 0.49609375 0.427734375 0.021484375 0.021484375 
1 0.3818359375 0.275390625 0.021484375 0.021484375 
1 0.4052734375 0.076171875 0.0224609375 0.0224609375 
0 0.423828125 0.529296875 0.021484375 0.021484375 
0 0.5009765625 0.2021484375 0.0234375 0.0234375 
0 0.484375 0.24609375 0.0234375 0.0234375 
1 0.6796875 0.09375 0.0224609375 0.0224609375 
1 0.5341796875 0.75 0.021484375 0.021484375 
0 0.3154296875 0.0732421875 0.0234375 0.0234375 
0 0.6416015625 0.1875 0.0234375 0.0234375 
0 0.4873046875 0.56640625 0.021484375 0.021484375 
0 0.4306640625 0.2021484375 0.0234375 0.0234375 
0 0.4697265625 0.318359375 0.0234375 0.0234375 
0 0.5498046875 0.224609375 0.0234375 0.0234375 
0 0.5107421875 0.8603515625 0.0224609375 0.0224609375 
0 0.3984375 0.2197265625 0.021484375 0.021484375 
0 0.40234375 0.201171875 0.021484375 0.021484375 
0 0.345703125 0.3486328125 0.021484375 0.021484375 
0 0.4306640625 0.724609375 0.021484375 0.021484375 
0 0.458984375 0.037109375 0.021484375 0.021484375 
1 0.5126953125 0.6416015625 0.021484375 0.021484375 
0 0.6494140625 0.0888671875 0.021484375 0.021484375 
0 0.3994140625 0.12109375 0.021484375 0.021484375 
0 0.435546875 0.3349609375 0.021484375 0.021484375 
0 0.4541015625 0.2744140625 0.0224609375 0.0224609375 
0 0.369140625 0.2861328125 0.0234375 0.0234375 
0 0.3017578125 0.142578125 0.021484375 0.021484375 
0 0.404296875 0.375 0.021484375 0.021484375 
0 0.5126953125 0.8310546875 0.0224609375 0.0224609375 
0 0.447265625 0.7041015625 0.021484375 0.021484375 
0 0.57421875 0.099609375 0.021484375 0.021484375 
0 0.6396484375 0.3349609375 0.021484375 0.021484375 
0 0.44140625 0.0595703125 0.0234375 0.0234375 
0 0.62890625 0.0625 0.0234375 0.0234375 
0 0.52734375 0.6953125 0.021484375 0.021484375 
1 0.48828125 0.447265625 0.021484375 0.021484375 
0 0.6533203125 0.23046875 0.0234375 0.0234375 
0 0.6728515625 0.0712890625 0.0234375 0.0234375 
0 0.5673828125 0.75 0.021484375 0.021484375 
1 0.4541015625 0.37890625 0.0224609375 0.0224609375 
0 0.3779296875 0.154296875 0.021484375 0.021484375 
0 0.494140625 0.142578125 0.021484375 0.021484375 
0 0.5673828125 0.0791015625 0.0234375 0.0234375 
0 0.5341796875 0.6611328125 0.0234375 0.0234375 
0 0.599609375 0.4677734375 0.021484375 0.021484375 
0 0.4697265625 0.177734375 0.021484375 0.021484375 
0 0.4365234375 0.3681640625 0.0234375 0.0234375 
0 0.5703125 0.3154296875 0.0234375 0.0234375 
0 0.396484375 0.2529296875 0.021484375 0.021484375 
0 0.521484375 0.58984375 0.0224609375 0.0224609375 
0 0.5888671875 0.291015625 0.0234375 0.0234375 
1 0.443359375 0.1650390625 0.0224609375 0.0224609375 
0 0.4208984375 0.4443359375 0.0234375 0.0234375 
0 0.345703125 0.302734375 0.021484375 0.021484375 
0 0.5595703125 0.5029296875 0.021484375 0.021484375 
0 0.6533203125 0.1533203125 0.0234375 0.0234375 
0 0.580078125 0.6728515625 0.0224609375 0.0224609375 
0 0.482421875 0.8056640625 0.025390625 0.025390625 
0 0.537109375 0.279296875 0.0234375 0.0234375 
1 0.5029296875 0.083984375 0.021484375 0.021484375 
1 0.53515625 0.7177734375 0.0224609375 0.0224609375 
0 0.384765625 0.0380859375 0.0224609375 0.0224609375 
0 0.47265625 0.8798828125 0.021484375 0.021484375 
0 0.5341796875 0.7900390625 0.025390625 0.025390625 
0 0.4326171875 0.23046875 0.021484375 0.021484375 
0 0.447265625 0.2275390625 0.021484375 0.021484375 
0 0.6279296875 0.3154296875 0.021484375 0.021484375 
0 0.48828125 0.2158203125 0.021484375 0.021484375 
1 0.3828125 0.4814453125 0.0224609375 0.0224609375 
0 0.4697265625 0.3017578125 0.021484375 0.021484375 
