0 0.568359375 0.7451171875 0.0234375 0.0234375 
0 0.4951171875 0.08984375 0.0234375 0.0234375 
0 0.548828125 0.4306640625 0.021484375 0.021484375 
0 0.6220703125 0.19140625 0.0234375 0.0234375 
0 0.3818359375 0.1328125 0.0234375 0.0234375 
1 0.646484375 0.3779296875 0.0224609375 0.0224609375 
0 0.462890625 0.8173828125 0.0224609375 0.0224609375 
1 0.60546875 0.5712890625 0.0224609375 0.0224609375 
0 0.3857421875 0.3759765625 0.0234375 0.0234375 
0 0.5205078125 0.810546875 0.0224609375 0.0224609375 
0 0.3583984375 0.072265625 0.0234375 0.0234375 
1 0.630859375 0.4345703125 0.0224609375 0.0224609375 
0 0.4111328125 0.5908203125 0.021484375 0.021484375 
1 0.501953125 0.734375 0.021484375 0.021484375 
1 0.650390625 0.2099609375 0.021484375 0.021484375 
0 0.34765625 0.0380859375 0.021484375 0.021484375 
1 0.6044921875 0.1982421875 0.021484375 0.021484375 
0 0.4580078125 0.0361328125 0.0234375 0.0234375 
0 0.3564453125 0.1484375 0.0234375 0.0234375 
0 0.6162109375 0.2724609375 0.0234375 0.0234375 
0 0.4599609375 0.521484375 0.021484375 0.021484375 
0 0.5908203125 0.6435546875 0.0234375 0.0234375 
0 0.38671875 0.478515625 0.0234375 0.0234375 
0 0.3349609375 0.1318359375 0.021484375 0.021484375 
0 0.484375 0.1708984375 0.021484375 0.021484375 
0 0.55859375 0.69921875 0.0224609375 0.0224609375 
1 0.419921875 0.119140625 0.021484375 0.021484375 
1 0.3935546875 0.2578125 0.0224609375 0.0224609375 
1 0.5166015625 0.6455078125 0.021484375 0.021484375 
0 0.5693359375 0.1396484375 0.0234375 0.0234375 
1 0.71484375 0.044921875 0.0224609375 0.0224609375 
0 0.43359375 0.765625 0.0224609375 0.0224609375 
0 0.4169921875 0.19140625 0.021484375 0.021484375 
0 0.615234375 0.146484375 0.021484375 0.021484375 
0 0.3720703125 0.083984375 0.0234375 0.0234375 
1 0.408203125 0.556640625 0.021484375 0.021484375 
1 0.5556640625 0.34375 0.021484375 0.021484375 
0 0.5498046875 0.23046875 0.021484375 0.021484375 
0 0.5791015625 0.5712890625 0.0234375 0.0234375 
0 0.6767578125 0.2275390625 0.021484375 0.021484375 
0 0.482421875 0.7509765625 0.0224609375 0.0224609375 
0 0.4833984375 0.5361328125 0.021484375 0.021484375 
1 0.59375 0.5146484375 0.021484375 0.021484375 
0 0.486328125 0.0615234375 0.021484375 0.021484375 
0 0.5576171875 0.2158203125 0.0234375 0.0234375 
1 0.275390625 0.052734375 0.021484375 0.021484375 
0 0.4541015625 0.6484375 0.021484375 0.021484375 
1 0.4931640625 0.6552734375 0.021484375 0.021484375 
0 0.4990234375 0.0302734375 0.0234375 0.0234375 
0 0.4912109375 0.1279296875 0.021484375 0.021484375 
0 0.580078125 0.2236328125 0.021484375 0.021484375 
0 0.455078125 0.5908203125 0.021484375 0.021484375 
0 0.4658203125 0.7333984375 0.021484375 0.021484375 
0 0.52734375 0.5576171875 0.021484375 0.021484375 
1 0.490234375 0.689453125 0.021484375 0.021484375 
0 0.4033203125 0.4072265625 0.0234375 0.0234375 
1 0.43359375 0.2255859375 0.021484375 0.021484375 
0 0.5595703125 0.279296875 0.021484375 0.021484375 
0 0.4091796875 0.27734375 0.0234375 0.0234375 
0 0.4619140625 0.70703125 0.0234375 0.0234375 
0 0.439453125 0.5078125 0.0234375 0.0234375 
0 0.6875 0.1298828125 0.021484375 0.021484375 
1 0.4072265625 0.0693359375 0.0224609375 0.0224609375 
0 0.4853515625 0.5712890625 0.0234375 0.0234375 
0 0.595703125 0.5 0.021484375 0.021484375 
1 0.328125 0.298828125 0.0224609375 0.0224609375 
0 0.5771484375 0.40625 0.0234375 0.0234375 
0 0.62890625 0.2314453125 0.0234375 0.0234375 
1 0.4365234375 0.447265625 0.0224609375 0.0224609375 
0 0.501953125 0.2294921875 0.0234375 0.0234375 
0 0.625 0.3818359375 0.021484375 0.021484375 
0 0.3115234375 0.169921875 0.021484375 0.021484375 
0 0.4296875 0.1328125 0.021484375 0.021484375 
0 0.4267578125 0.634765625 0.021484375 0.021484375 
0 0.49609375 0.7861328125 0.01953125 0.01953125 
0 0.5771484375 0.1064453125 0.0234375 0.0234375 
0 0.447265625 0.466796875 0.021484375 0.021484375 
0 0.4208984375 0.173828125 0.021484375 0.021484375 
0 0.4853515625 0.2666015625 0.0234375 0.0234375 
1 0.3623046875 0.169921875 0.0224609375 0.0224609375 
1 0.328125 0.064453125 0.021484375 0.021484375 
0 0.375 0.5087890625 0.021484375 0.021484375 
1 0.46875 0.2041015625 0.0224609375 0.0224609375 
0 0.6220703125 0.0419921875 0.0234375 0.0234375 
0 0.48046875 0.7158203125 0.021484375 0.021484375 
0 0.5908203125 0.349609375 0.0234375 0.0234375 
0 0.5341796875 0.0341796875 0.0234375 0.0234375 
0 0.4091796875 0.1064453125 0.021484375 0.021484375 
0 0.42578125 0.3203125 0.021484375 0.021484375 
1 0.4501953125 0.4033203125 0.021484375 0.021484375 
1 0.4638671875 0.841796875 0.0234375 0.0234375 
1 0.4716796875 0.33984375 0.021484375 0.021484375 
1 0.591796875 0.4599609375 0.021484375 0.021484375 
0 0.4423828125 0.1572265625 0.0234375 0.0234375 
1 0.294921875 0.0546875 0.0224609375 0.0224609375 
0 0.525390625 0.44921875 0.0224609375 0.0224609375 
0 0.6708984375 0.109375 0.0234375 0.0234375 
0 0.556640625 0.80078125 0.01953125 0.01953125 
0 0.3642578125 0.046875 0.021484375 0.021484375 
0 0.3173828125 0.1142578125 0.0234375 0.0234375 
0 0.611328125 0.3271484375 0.0234375 0.0234375 
0 0.3857421875 0.53515625 0.021484375 0.021484375 
1 0.40625 0.04296875 0.0224609375 0.0224609375 
0 0.4111328125 0.3935546875 0.021484375 0.021484375 
0 0.44140625 0.09765625 0.0234375 0.0234375 
0 0.439453125 0.427734375 0.0224609375 0.0224609375 
0 0.33984375 0.1845703125 0.0234375 0.0234375 
0 0.59765625 0.1025390625 0.0224609375 0.0224609375 
0 0.474609375 0.3818359375 0.0234375 0.0234375 
0 0.4072265625 0.2421875 0.021484375 0.021484375 
0 0.39453125 0.08984375 0.0234375 0.0234375 
0 0.61328125 0.42578125 0.0234375 0.0234375 
0 0.5283203125 0.6298828125 0.0224609375 0.0224609375 
1 0.4619140625 0.1591796875 0.0224609375 0.0224609375 
0 0.5126953125 0.4697265625 0.021484375 0.021484375 
0 0.6533203125 0.1318359375 0.0234375 0.0234375 
0 0.53515625 0.8056640625 0.0224609375 0.0224609375 
1 0.3701171875 0.18359375 0.021484375 0.021484375 
0 0.4755859375 0.470703125 0.021484375 0.021484375 
1 0.4619140625 0.251953125 0.021484375 0.021484375 
0 0.580078125 0.296875 0.021484375 0.021484375 
0 0.5107421875 0.0703125 0.021484375 0.021484375 
0 0.3134765625 0.0732421875 0.021484375 0.021484375 
0 0.537109375 0.48828125 0.021484375 0.021484375 
0 0.5947265625 0.544921875 0.021484375 0.021484375 
1 0.4619140625 0.228515625 0.021484375 0.021484375 
0 0.544921875 0.841796875 0.021484375 0.021484375 
1 0.419921875 0.419921875 0.021484375 0.021484375 
0 0.4306640625 0.4921875 0.0224609375 0.0224609375 
0 0.4931640625 0.287109375 0.021484375 0.021484375 
0 0.6025390625 0.064453125 0.021484375 0.021484375 
0 0.4091796875 0.26171875 0.0234375 0.0234375 
1 0.5478515625 0.5380859375 0.021484375 0.021484375 
0 0.6435546875 0.162109375 0.0234375 0.0234375 
0 0.3359375 0.23828125 0.021484375 0.021484375 
