0 0.662109375 0.2841796875 0.021484375 0.021484375 
0 0.587890625 0.0986328125 0.021484375 0.021484375 
0 0.5693359375 0.2783203125 0.021484375 0.021484375 
0 0.59375 0.2490234375 0.0234375 0.0234375 
0 0.4736328125 0.8603515625 0.0224609375 0.0224609375 
1 0.4970703125 0.18359375 0.021484375 0.021484375 
1 0.4111328125 0.2021484375 0.021484375 0.021484375 
0 0.4892578125 0.11328125 0.0234375 0.0234375 
1 0.5966796875 0.076171875 0.021484375 0.021484375 
0 0.55078125 0.814453125 0.0224609375 0.0224609375 
1 0.46875 0.3310546875 0.021484375 0.021484375 
0 0.521484375 0.845703125 0.021484375 0.021484375 
0 0.5263671875 0.1435546875 0.0234375 0.0234375 
0 0.458984375 0.5107421875 0.0224609375 0.0224609375 
0 0.6201171875 0.125 0.0234375 0.0234375 
0 0.4462890625 0.171875 0.021484375 0.021484375 
1 0.5146484375 0.04296875 0.0224609375 0.0224609375 
0 0.494140625 0.2333984375 0.021484375 0.021484375 
0 0.4775390625 0.2705078125 0.0224609375 0.0224609375 
0 0.4677734375 0.421875 0.0234375 0.0234375 
1 0.646484375 0.2431640625 0.021484375 0.021484375 
0 0.51953125 0.5361328125 0.0234375 0.0234375 
0 0.482421875 0.1953125 0.021484375 0.021484375 
0 0.404296875 0.578125 0.021484375 0.021484375 
0 0.4970703125 0.25390625 0.0234375 0.0234375 
1 0.4609375 0.826171875 0.021484375 0.021484375 
0 0.451171875 0.7724609375 0.0224609375 0.0224609375 
1 0.5 0.5068359375 0.0224609375 0.0224609375 
0 0.4541015625 0.1123046875 0.021484375 0.021484375 
0 0.48046875 0.25 0.0234375 0.0234375 
1 0.4951171875 0.21484375 0.0224609375 0.0224609375 
1 0.6103515625 0.4892578125 0.021484375 0.021484375 
0 0.587890625 0.1787109375 0.0234375 0.0234375 
0 0.5341796875 0.37890625 0.021484375 0.021484375 
0 0.4384765625 0.189453125 0.021484375 0.021484375 
0 0.328125 0.1572265625 0.021484375 0.021484375 
0 0.478515625 0.03125 0.0234375 0.0234375 
0 0.4560546875 0.5654296875 0.0234375 0.0234375 
0 0.3857421875 0.3818359375 0.021484375 0.021484375 
0 0.46484375 0.4541015625 0.021484375 0.021484375 
0 0.3955078125 0.4208984375 0.021484375 0.021484375 
1 0.3701171875 0.3837890625 0.0224609375 0.0224609375 
1 0.5361328125 0.322265625 0.021484375 0.021484375 
0 0.4794921875 0.2861328125 0.0234375 0.0234375 
0 0.5673828125 0.603515625 0.021484375 0.021484375 
0 0.404296875 0.0771484375 0.021484375 0.021484375 
0 0.515625 0.6748046875 0.021484375 0.021484375 
0 0.3681640625 0.09375 0.0234375 0.0234375 
0 0.4453125 0.7861328125 0.021484375 0.021484375 
0 0.662109375 0.060546875 0.021484375 0.021484375 
1 0.5986328125 0.5439453125 0.021484375 0.021484375 
0 0.60546875 0.23828125 0.021484375 0.021484375 
0 0.5654296875 0.0966796875 0.021484375 0.021484375 
0 0.3095703125 0.1728515625 0.0234375 0.0234375 
1 0.5263671875 0.412109375 0.021484375 0.021484375 
1 0.4189453125 0.5 0.021484375 0.021484375 
0 0.4951171875 0.8017578125 0.0224609375 0.0224609375 
1 0.6279296875 0.1630859375 0.021484375 0.021484375 
0 0.4775390625 0.638671875 0.0234375 0.0234375 
0 0.43359375 0.154296875 0.021484375 0.021484375 
0 0.6806640625 0.0869140625 0.0234375 0.0234375 
1 0.5439453125 0.5419921875 0.0224609375 0.0224609375 
1 0.5576171875 0.6796875 0.021484375 0.021484375 
0 0.4384765625 0.046875 0.0234375 0.0234375 
0 0.5546875 0.1689453125 0.0234375 0.0234375 
1 0.5537109375 0.3203125 0.0224609375 0.0224609375 
1 0.619140625 0.3974609375 0.021484375 0.021484375 
0 0.5927734375 0.6015625 0.021484375 0.021484375 
0 0.4033203125 0.2314453125 0.021484375 0.021484375 
0 0.6015625 0.4765625 0.021484375 0.021484375 
0 0.4013671875 0.3662109375 0.021484375 0.021484375 
0 0.310546875 0.04296875 0.0224609375 0.0224609375 
0 0.29296875 0.068359375 0.021484375 0.021484375 
1 0.4033203125 0.0625 0.0224609375 0.0224609375 
0 0.4716796875 0.3037109375 0.021484375 0.021484375 
0 0.3701171875 0.4189453125 0.021484375 0.021484375 
0 0.3662109375 0.076171875 0.0224609375 0.0224609375 
0 0.5009765625 0.6953125 0.0234375 0.0234375 
1 0.4833984375 0.32421875 0.0224609375 0.0224609375 
0 0.60546875 0.2119140625 0.021484375 0.021484375 
0 0.599609375 0.0458984375 0.0224609375 0.0224609375 
0 0.4853515625 0.560546875 0.021484375 0.021484375 
0 0.4267578125 0.3486328125 0.0234375 0.0234375 
0 0.5615234375 0.2509765625 0.021484375 0.021484375 
0 0.513671875 0.7314453125 0.0234375 0.0234375 
0 0.4853515625 0.61328125 0.021484375 0.021484375 
0 0.41796875 0.287109375 0.021484375 0.021484375 
0 0.4521484375 0.4970703125 0.021484375 0.021484375 
0 0.4912109375 0.462890625 0.021484375 0.021484375 
0 0.5087890625 0.1455078125 0.0234375 0.0234375 
0 0.56640625 0.4462890625 0.0224609375 0.0224609375 
0 0.515625 0.6552734375 0.0234375 0.0234375 
0 0.6806640625 0.173828125 0.021484375 0.021484375 
1 0.4052734375 0.1015625 0.021484375 0.021484375 
0 0.3359375 0.2861328125 0.021484375 0.021484375 
0 0.48046875 0.43359375 0.021484375 0.021484375 
0 0.57421875 0.37890625 0.0234375 0.0234375 
0 0.3935546875 0.5126953125 0.021484375 0.021484375 
1 0.4755859375 0.6533203125 0.0224609375 0.0224609375 
0 0.5625 0.5888671875 0.021484375 0.021484375 
0 0.66796875 0.25 0.0234375 0.0234375 
1 0.5263671875 0.298828125 0.021484375 0.021484375 
0 0.3447265625 0.2294921875 0.021484375 0.021484375 
0 0.5009765625 0.4921875 0.021484375 0.021484375 
0 0.56640625 0.7314453125 0.021484375 0.021484375 
0 0.3857421875 0.5283203125 0.021484375 0.021484375 
0 0.33984375 0.0556640625 0.0234375 0.0234375 
0 0.5390625 0.7783203125 0.01953125 0.01953125 
0 0.6162109375 0.0830078125 0.0224609375 0.0224609375 
0 0.5908203125 0.2666015625 0.0234375 0.0234375 
0 0.580078125 0.0400390625 0.021484375 0.021484375 
0 0.3447265625 0.3046875 0.0224609375 0.0224609375 
1 0.4560546875 0.6181640625 0.0224609375 0.0224609375 
0 0.4326171875 0.625 0.0234375 0.0234375 
0 0.4638671875 0.8447265625 0.021484375 0.021484375 
1 0.4638671875 0.384765625 0.0224609375 0.0224609375 
0 0.4951171875 0.6474609375 0.0234375 0.0234375 
1 0.51171875 0.12109375 0.021484375 0.021484375 
0 0.5361328125 0.7578125 0.0224609375 0.0224609375 
0 0.54296875 0.1220703125 0.0234375 0.0234375 
1 0.5703125 0.193359375 0.0224609375 0.0224609375 
0 0.470703125 0.4677734375 0.0234375 0.0234375 
0 0.3154296875 0.212890625 0.0234375 0.0234375 
1 0.5244140625 0.197265625 0.021484375 0.021484375 
0 0.623046875 0.3544921875 0.021484375 0.021484375 
0 0.435546875 0.49609375 0.0234375 0.0234375 
0 0.5498046875 0.6484375 0.0234375 0.0234375 
1 0.359375 0.18359375 0.021484375 0.021484375 
0 0.5078125 0.767578125 0.021484375 0.021484375 
0 0.6845703125 0.2021484375 0.0234375 0.0234375 
