0 0.5712890625 0.119140625 0.021484375 0.021484375 
1 0.384765625 0.2255859375 0.0224609375 0.0224609375 
0 0.431640625 0.080078125 0.0234375 0.0234375 
0 0.4931640625 0.384765625 0.0224609375 0.0224609375 
0 0.4638671875 0.4140625 0.021484375 0.021484375 
0 0.294921875 0.037109375 0.0224609375 0.0224609375 
0 0.4267578125 0.5244140625 0.0234375 0.0234375 
0 0.6064453125 0.2119140625 0.0234375 0.0234375 
0 0.4912109375 0.083984375 0.0234375 0.0234375 
0 0.361328125 0.259765625 0.0234375 0.0234375 
1 0.6904296875 0.109375 0.0224609375 0.0224609375 
0 0.5380859375 0.2109375 0.0234375 0.0234375 
0 0.642578125 0.1240234375 0.021484375 0.021484375 
0 0.443359375 0.3623046875 0.0234375 0.0234375 
1 0.4873046875 0.4345703125 0.021484375 0.021484375 
1 0.6279296875 0.3798828125 0.021484375 0.021484375 
0 0.47265625 0.7841796875 0.021484375 0.021484375 
0 0.33984375 0.2841796875 0.0234375 0.0234375 
0 0.4462890625 0.0390625 0.021484375 0.021484375 
0 0.552734375 0.55078125 0.021484375 0.021484375 
0 0.50390625 0.2998046875 0.021484375 0.021484375 
0 0.5087890625 0.3193359375 0.0234375 0.0234375 
1 0.5712890625 0.166015625 0.021484375 0.021484375 
1 0.5126953125 0.064453125 0.021484375 0.021484375 
1 0.33984375 0.0751953125 0.021484375 0.021484375 
1 0.4541015625 0.5498046875 0.0224609375 0.0224609375 
1 0.31640625 0.212890625 0.021484375 0.021484375 
0 0.48046875 0.2060546875 0.021484375 0.021484375 
0 0.4140625 0.4658203125 0.0234375 0.0234375 
1 0.3974609375 0.21484375 0.021484375 0.021484375 
1 0.623046875 0.3388671875 0.021484375 0.021484375 
0 0.4130859375 0.3408203125 0.021484375 0.021484375 
0 0.609375 0.455078125 0.0234375 0.0234375 
0 0.5556640625 0.533203125 0.0234375 0.0234375 
0 0.548828125 0.607421875 0.0234375 0.0234375 
0 0.63671875 0.2646484375 0.021484375 0.021484375 
0 0.5380859375 0.80859375 0.0224609375 0.0224609375 
0 0.490234375 0.45703125 0.0234375 0.0234375 
0 0.466796875 0.1259765625 0.021484375 0.021484375 
0 0.5068359375 0.65625 0.021484375 0.021484375 
0 0.533203125 0.5009765625 0.0234375 0.0234375 
0 0.5771484375 0.294921875 0.0234375 0.0234375 
0 0.435546875 0.6298828125 0.021484375 0.021484375 
0 0.4931640625 0.177734375 0.0234375 0.0234375 
0 0.4814453125 0.2333984375 0.021484375 0.021484375 
1 0.5888671875 0.2099609375 0.021484375 0.021484375 
0 0.5517578125 0.7060546875 0.021484375 0.021484375 
1 0.5595703125 0.7861328125 0.021484375 0.021484375 
0 0.486328125 0.7783203125 0.021484375 0.021484375 
1 0.4462890625 0.3076171875 0.0224609375 0.0224609375 
0 0.6181640625 0.154296875 0.021484375 0.021484375 
0 0.453125 0.486328125 0.0234375 0.0234375 
0 0.4443359375 0.2666015625 0.0234375 0.0234375 
0 0.3505859375 0.3017578125 0.0234375 0.0234375 
1 0.5341796875 0.4677734375 0.021484375 0.021484375 
0 0.4248046875 0.65625 0.0234375 0.0234375 
1 0.484375 0.6767578125 0.021484375 0.021484375 
0 0.4404296875 0.7001953125 0.0234375 0.0234375 
0 0.5234375 0.396484375 0.021484375 0.021484375 
0 0.5341796875 0.412109375 0.021484375 0.021484375 
0 0.4287109375 0.2041015625 0.0234375 0.0234375 
1 0.4833984375 0.6357421875 0.021484375 0.021484375 
0 0.58984375 0.2451171875 0.0234375 0.0234375 
0 0.654296875 0.1640625 0.021484375 0.021484375 
0 0.5859375 0.099609375 0.0224609375 0.0224609375 
1 0.49609375 0.880859375 0.0234375 0.0234375 
0 0.380859375 0.0966796875 0.021484375 0.021484375 
0 0.37890625 0.447265625 0.021484375 0.021484375 
0 0.5283203125 0.7412109375 0.0234375 0.0234375 
0 0.5546875 0.4775390625 0.021484375 0.021484375 
1 0.533203125 0.3564453125 0.0224609375 0.0224609375 
0 0.3701171875 0.3154296875 0.021484375 0.021484375 
1 0.5078125 0.544921875 0.0224609375 0.0224609375 
0 0.5234375 0.787109375 0.025390625 0.025390625 
0 0.5400390625 0.07421875 0.021484375 0.021484375 
0 0.64453125 0.3671875 0.0224609375 0.0224609375 
0 0.671875 0.22265625 0.021484375 0.021484375 
0 0.56640625 0.3369140625 0.0224609375 0.0224609375 
1 0.7041015625 0.04296875 0.021484375 0.021484375 
1 0.4482421875 0.6416015625 0.021484375 0.021484375 
0 0.35546875 0.236328125 0.0234375 0.0234375 
0 0.3720703125 0.08203125 0.021484375 0.021484375 
0 0.623046875 0.1220703125 0.0234375 0.0234375 
0 0.5009765625 0.8046875 0.0234375 0.0234375 
0 0.6708984375 0.1015625 0.0234375 0.0234375 
0 0.5087890625 0.76171875 0.0224609375 0.0224609375 
1 0.3994140625 0.5205078125 0.021484375 0.021484375 
0 0.5263671875 0.875 0.01953125 0.01953125 
0 0.50390625 0.7275390625 0.021484375 0.021484375 
0 0.3173828125 0.1357421875 0.021484375 0.021484375 
1 0.5810546875 0.6025390625 0.021484375 0.021484375 
0 0.4443359375 0.2412109375 0.0224609375 0.0224609375 
0 0.388671875 0.326171875 0.021484375 0.021484375 
0 0.4794921875 0.6513671875 0.021484375 0.021484375 
1 0.505859375 0.6943359375 0.021484375 0.021484375 
0 0.2705078125 0.0478515625 0.0234375 0.0234375 
1 0.6044921875 0.5068359375 0.021484375 0.021484375 
0 0.43359375 0.154296875 0.0234375 0.0234375 
0 0.365234375 0.369140625 0.021484375 0.021484375 
0 0.548828125 0.099609375 0.0224609375 0.0224609375 
0 0.5986328125 0.1845703125 0.0234375 0.0234375 
0 0.5859375 0.365234375 0.021484375 0.021484375 
0 0.46875 0.1953125 0.0234375 0.0234375 
0 0.544921875 0.1923828125 0.021484375 0.021484375 
0 0.501953125 0.6240234375 0.021484375 0.021484375 
0 0.5400390625 0.767578125 0.0224609375 0.0224609375 
0 0.501953125 0.3349609375 0.021484375 0.021484375 
1 0.35546875 0.052734375 0.021484375 0.021484375 
0 0.451171875 0.4443359375 0.021484375 0.021484375 
0 0.4560546875 0.150390625 0.021484375 0.021484375 
0 0.646484375 0.1826171875 0.021484375 0.021484375 
0 0.39453125 0.3984375 0.021484375 0.021484375 
1 0.4736328125 0.5126953125 0.0224609375 0.0224609375 
0 0.5537109375 0.1328125 0.0234375 0.0234375 
0 0.6669921875 0.1455078125 0.0234375 0.0234375 
0 0.373046875 0.1455078125 0.0234375 0.0234375 
1 0.5400390625 0.2548828125 0.021484375 0.021484375 
0 0.52734375 0.548828125 0.021484375 0.021484375 
0 0.412109375 0.28515625 0.021484375 0.021484375 
0 0.3525390625 0.3603515625 0.021484375 0.021484375 
0 0.5068359375 0.0966796875 0.021484375 0.021484375 
0 0.458984375 0.3935546875 0.021484375 0.021484375 
1 0.583984375 0.47265625 0.0224609375 0.0224609375 
0 0.5595703125 0.7646484375 0.0224609375 0.0224609375 
1 0.423828125 0.396484375 0.021484375 0.021484375 
0 0.6591796875 0.232421875 0.021484375 0.021484375 
0 0.4130859375 0.552734375 0.0234375 0.0234375 
0 0.337890625 0.154296875 0.021484375 0.021484375 
0 0.4921875 0.8291015625 0.0224609375 0.0224609375 
0 0.353515625 0.4140625 0.021484375 0.021484375 
1 0.5966796875 0.1201171875 0.021484375 0.021484375 
0 0.53125 0.0400390625 0.021484375 0.021484375 
0 0.3779296875 0.50390625 0.021484375 0.021484375 
1 0.46484375 0.345703125 0.021484375 0.021484375 
0 0.5263671875 0.578125 0.021484375 0.021484375 
0 0.50390625 0.4775390625 0.0234375 0.0234375 
0 0.677734375 0.1708984375 0.021484375 0.021484375 
0 0.5048828125 0.240234375 0.0224609375 0.0224609375 
0 0.505859375 0.4091796875 0.021484375 0.021484375 
0 0.41796875 0.30859375 0.0234375 0.0234375 
1 0.5576171875 0.6875 0.021484375 0.021484375 
0 0.369140625 0.1826171875 0.0224609375 0.0224609375 
0 0.6201171875 0.2802734375 0.0234375 0.0234375 
0 0.3916015625 0.3740234375 0.0224609375 0.0224609375 
0 0.5712890625 0.0419921875 0.021484375 0.021484375 
0 0.3837890625 0.537109375 0.021484375 0.021484375 
0 0.3408203125 0.1142578125 0.0224609375 0.0224609375 
0 0.560546875 0.1845703125 0.0234375 0.0234375 
0 0.7021484375 0.08984375 0.021484375 0.021484375 
1 0.49609375 0.849609375 0.021484375 0.021484375 
0 0.5810546875 0.4150390625 0.021484375 0.021484375 
0 0.39453125 0.3115234375 0.021484375 0.021484375 
0 0.37109375 0.2998046875 0.021484375 0.021484375 
0 0.5126953125 0.158203125 0.021484375 0.021484375 
0 0.474609375 0.1025390625 0.021484375 0.021484375 
0 0.6103515625 0.404296875 0.0224609375 0.0224609375 
0 0.439453125 0.716796875 0.0234375 0.0234375 
0 0.458984375 0.181640625 0.0234375 0.0234375 
0 0.638671875 0.4130859375 0.021484375 0.021484375 
0 0.4111328125 0.3623046875 0.0234375 0.0234375 
0 0.416015625 0.0947265625 0.021484375 0.021484375 
0 0.6025390625 0.0458984375 0.0234375 0.0234375 
1 0.453125 0.375 0.021484375 0.021484375 
0 0.4169921875 0.2548828125 0.0234375 0.0234375 
0 0.5556640625 0.4189453125 0.0234375 0.0234375 
0 0.5361328125 0.0576171875 0.021484375 0.021484375 
0 0.439453125 0.6826171875 0.0234375 0.0234375 
0 0.68359375 0.0673828125 0.021484375 0.021484375 
1 0.5595703125 0.59375 0.021484375 0.021484375 
0 0.587890625 0.3115234375 0.0234375 0.0234375 
0 0.4814453125 0.296875 0.0224609375 0.0224609375 
0 0.439453125 0.744140625 0.021484375 0.021484375 
1 0.376953125 0.1142578125 0.0224609375 0.0224609375 
0 0.4794921875 0.326171875 0.021484375 0.021484375 
0 0.5341796875 0.66015625 0.0224609375 0.0224609375 
1 0.515625 0.0419921875 0.021484375 0.021484375 
0 0.3525390625 0.0341796875 0.021484375 0.021484375 
0 0.5478515625 0.2890625 0.021484375 0.021484375 
0 0.49609375 0.5302734375 0.0234375 0.0234375 
1 0.51171875 0.25390625 0.021484375 0.021484375 
0 0.607421875 0.3408203125 0.021484375 0.021484375 
0 0.595703125 0.3505859375 0.0234375 0.0234375 
1 0.673828125 0.2373046875 0.0224609375 0.0224609375 
0 0.638671875 0.31640625 0.021484375 0.021484375 
0 0.5673828125 0.4912109375 0.0234375 0.0234375 
0 0.5087890625 0.50390625 0.0224609375 0.0224609375 
1 0.4658203125 0.8662109375 0.0234375 0.0234375 
1 0.623046875 0.08203125 0.021484375 0.021484375 
0 0.59375 0.5703125 0.021484375 0.021484375 
