0 0.392578125 0.2802734375 0.0234375 0.0234375 
0 0.333984375 0.228515625 0.021484375 0.021484375 
0 0.4228515625 0.052734375 0.021484375 0.021484375 
0 0.4365234375 0.171875 0.0224609375 0.0224609375 
1 0.5556640625 0.3974609375 0.021484375 0.021484375 
0 0.583984375 0.4921875 0.021484375 0.021484375 
0 0.451171875 0.62890625 0.021484375 0.021484375 
1 0.6748046875 0.037109375 0.021484375 0.021484375 
0 0.5126953125 0.20703125 0.021484375 0.021484375 
1 0.4130859375 0.52734375 0.021484375 0.021484375 
1 0.4580078125 0.5361328125 0.0224609375 0.0224609375 
1 0.4248046875 0.2109375 0.021484375 0.021484375 
0 0.6123046875 0.3193359375 0.021484375 0.021484375 
0 0.3251953125 0.28515625 0.021484375 0.021484375 
0 0.46875 0.40625 0.0234375 0.0234375 
1 0.380859375 0.4794921875 0.0224609375 0.0224609375 
0 0.4853515625 0.8017578125 0.0224609375 0.0224609375 
0 0.595703125 0.5419921875 0.021484375 0.021484375 
0 0.466796875 0.5634765625 0.021484375 0.021484375 
0 0.4287109375 0.3681640625 0.021484375 0.021484375 
0 0.525390625 0.58203125 0.021484375 0.021484375 
0 0.3896484375 0.37109375 0.021484375 0.021484375 
0 0.4990234375 0.4111328125 0.0234375 0.0234375 
0 0.5166015625 0.6982421875 0.021484375 0.021484375 
0 0.4560546875 0.2705078125 0.0234375 0.0234375 
1 0.5791015625 0.669921875 0.0224609375 0.0224609375 
0 0.4453125 0.6982421875 0.0224609375 0.0224609375 
1 0.591796875 0.4697265625 0.021484375 0.021484375 
1 0.357421875 0.1669921875 0.021484375 0.021484375 
0 0.5458984375 0.3173828125 0.021484375 0.021484375 
0 0.5283203125 0.1103515625 0.0224609375 0.0224609375 
1 0.3271484375 0.12890625 0.021484375 0.021484375 
0 0.5634765625 0.578125 0.021484375 0.021484375 
0 0.4599609375 0.8154296875 0.021484375 0.021484375 
0 0.423828125 0.556640625 0.021484375 0.021484375 
1 0.3681640625 0.3974609375 0.021484375 0.021484375 
0 0.4794921875 0.138671875 0.021484375 0.021484375 
0 0.5693359375 0.4638671875 0.021484375 0.021484375 
0 0.435546875 0.5283203125 0.0224609375 0.0224609375 
0 0.5849609375 0.6162109375 0.021484375 0.021484375 
1 0.578125 0.6298828125 0.021484375 0.021484375 
0 0.392578125 0.3369140625 0.021484375 0.021484375 
0 0.6103515625 0.212890625 0.021484375 0.021484375 
0 0.54296875 0.6796875 0.0234375 0.0234375 
0 0.396484375 0.1806640625 0.021484375 0.021484375 
0 0.4453125 0.1884765625 0.021484375 0.021484375 
1 0.65234375 0.1845703125 0.0224609375 0.0224609375 
0 0.564453125 0.103515625 0.021484375 0.021484375 
1 0.5263671875 0.4287109375 0.0224609375 0.0224609375 
0 0.4560546875 0.1181640625 0.021484375 0.021484375 
0 0.421875 0.1103515625 0.021484375 0.021484375 
0 0.5068359375 0.8125 0.025390625 0.025390625 
0 0.4833984375 0.044921875 0.0234375 0.0234375 
0 0.501953125 0.224609375 0.021484375 0.021484375 
1 0.4296875 0.7412109375 0.021484375 0.021484375 
0 0.5263671875 0.4560546875 0.021484375 0.021484375 
0 0.3740234375 0.375 0.021484375 0.021484375 
0 0.587890625 0.4267578125 0.021484375 0.021484375 
0 0.4580078125 0.3525390625 0.021484375 0.021484375 
1 0.4306640625 0.572265625 0.0224609375 0.0224609375 
1 0.392578125 0.318359375 0.0224609375 0.0224609375 
0 0.6123046875 0.0498046875 0.021484375 0.021484375 
0 0.603515625 0.5244140625 0.0234375 0.0234375 
0 0.3896484375 0.10546875 0.021484375 0.021484375 
1 0.5517578125 0.658203125 0.0224609375 0.0224609375 
1 0.5693359375 0.1630859375 0.0224609375 0.0224609375 
0 0.54296875 0.521484375 0.021484375 0.021484375 
0 0.373046875 0.3037109375 0.0234375 0.0234375 
0 0.2783203125 0.0537109375 0.021484375 0.021484375 
0 0.5234375 0.66796875 0.021484375 0.021484375 
0 0.5078125 0.0732421875 0.0234375 0.0234375 
0 0.6845703125 0.109375 0.021484375 0.021484375 
1 0.4453125 0.40234375 0.0224609375 0.0224609375 
1 0.349609375 0.2216796875 0.0224609375 0.0224609375 
0 0.6728515625 0.2578125 0.0234375 0.0234375 
1 0.5029296875 0.8671875 0.021484375 0.021484375 
0 0.6298828125 0.25390625 0.0234375 0.0234375 
1 0.5244140625 0.7158203125 0.021484375 0.021484375 
0 0.6328125 0.3056640625 0.021484375 0.021484375 
0 0.525390625 0.09375 0.021484375 0.021484375 
0 0.4951171875 0.2041015625 0.0234375 0.0234375 
1 0.5556640625 0.185546875 0.021484375 0.021484375 
1 0.46875 0.2958984375 0.021484375 0.021484375 
0 0.5556640625 0.7158203125 0.021484375 0.021484375 
0 0.4296875 0.6787109375 0.021484375 0.021484375 
0 0.599609375 0.3310546875 0.021484375 0.021484375 
0 0.5849609375 0.0908203125 0.0234375 0.0234375 
1 0.4755859375 0.82421875 0.021484375 0.021484375 
0 0.650390625 0.3603515625 0.021484375 0.021484375 
