0 0.6064453125 0.255859375 0.0224609375 0.0224609375 
1 0.4716796875 0.58203125 0.021484375 0.021484375 
0 0.51953125 0.13671875 0.021484375 0.021484375 
0 0.4287109375 0.2236328125 0.021484375 0.021484375 
0 0.58203125 0.548828125 0.0234375 0.0234375 
0 0.439453125 0.2421875 0.0234375 0.0234375 
0 0.6787109375 0.0869140625 0.021484375 0.021484375 
0 0.60546875 0.1962890625 0.021484375 0.021484375 
1 0.5927734375 0.3447265625 0.0224609375 0.0224609375 
1 0.603515625 0.5537109375 0.021484375 0.021484375 
0 0.7177734375 0.0361328125 0.021484375 0.021484375 
0 0.3984375 0.2109375 0.0224609375 0.0224609375 
0 0.53515625 0.4033203125 0.021484375 0.021484375 
0 0.4716796875 0.21484375 0.021484375 0.021484375 
1 0.4921875 0.6767578125 0.0224609375 0.0224609375 
0 0.474609375 0.1572265625 0.0224609375 0.0224609375 
0 0.5185546875 0.04296875 0.021484375 0.021484375 
0 0.5546875 0.650390625 0.0224609375 0.0224609375 
0 0.533203125 0.6572265625 0.0224609375 0.0224609375 
0 0.548828125 0.4248046875 0.021484375 0.021484375 
0 0.51171875 0.8330078125 0.021484375 0.021484375 
0 0.345703125 0.287109375 0.0224609375 0.0224609375 
0 0.5439453125 0.1533203125 0.021484375 0.021484375 
0 0.4443359375 0.158203125 0.0234375 0.0234375 
0 0.6044921875 0.2998046875 0.0224609375 0.0224609375 
1 0.63671875 0.240234375 0.0224609375 0.0224609375 
0 0.4912109375 0.216796875 0.021484375 0.021484375 
0 0.4404296875 0.0322265625 0.0234375 0.0234375 
0 0.4208984375 0.3779296875 0.021484375 0.021484375 
0 0.453125 0.6328125 0.021484375 0.021484375 
0 0.4990234375 0.328125 0.021484375 0.021484375 
0 0.5205078125 0.3310546875 0.021484375 0.021484375 
0 0.546875 0.2861328125 0.021484375 0.021484375 
0 0.6826171875 0.1962890625 0.021484375 0.021484375 
0 0.44140625 0.4443359375 0.021484375 0.021484375 
0 0.4296875 0.390625 0.021484375 0.021484375 
0 0.5224609375 0.412109375 0.021484375 0.021484375 
1 0.630859375 0.15234375 0.0224609375 0.0224609375 
1 0.400390625 0.3994140625 0.021484375 0.021484375 
0 0.625 0.28515625 0.021484375 0.021484375 
0 0.3876953125 0.05859375 0.021484375 0.021484375 
0 0.541015625 0.7578125 0.021484375 0.021484375 
0 0.4765625 0.0732421875 0.0234375 0.0234375 
0 0.4345703125 0.0771484375 0.021484375 0.021484375 
0 0.4521484375 0.6982421875 0.021484375 0.021484375 
0 0.501953125 0.5517578125 0.021484375 0.021484375 
0 0.3642578125 0.4228515625 0.0234375 0.0234375 
0 0.45703125 0.2880859375 0.0234375 0.0234375 
0 0.568359375 0.5849609375 0.0234375 0.0234375 
0 0.4130859375 0.142578125 0.021484375 0.021484375 
0 0.47265625 0.1962890625 0.021484375 0.021484375 
1 0.2734375 0.033203125 0.021484375 0.021484375 
1 0.4853515625 0.728515625 0.021484375 0.021484375 
0 0.6201171875 0.072265625 0.021484375 0.021484375 
0 0.6181640625 0.490234375 0.0224609375 0.0224609375 
0 0.4140625 0.1201171875 0.0234375 0.0234375 
1 0.5380859375 0.8701171875 0.0234375 0.0234375 
0 0.4990234375 0.11328125 0.021484375 0.021484375 
1 0.4296875 0.1123046875 0.0224609375 0.0224609375 
0 0.5126953125 0.1875 0.021484375 0.021484375 
1 0.693359375 0.1337890625 0.021484375 0.021484375 
1 0.6318359375 0.1279296875 0.0224609375 0.0224609375 
1 0.5107421875 0.52734375 0.0224609375 0.0224609375 
1 0.5537109375 0.7392578125 0.0224609375 0.0224609375 
1 0.4736328125 0.875 0.021484375 0.021484375 
0 0.3916015625 0.529296875 0.021484375 0.021484375 
0 0.5703125 0.564453125 0.021484375 0.021484375 
0 0.544921875 0.20703125 0.021484375 0.021484375 
0 0.521484375 0.4521484375 0.021484375 0.021484375 
0 0.435546875 0.583984375 0.0234375 0.0234375 
1 0.5693359375 0.3798828125 0.021484375 0.021484375 
0 0.4794921875 0.6318359375 0.021484375 0.021484375 
0 0.5673828125 0.5107421875 0.0234375 0.0234375 
0 0.6259765625 0.2705078125 0.0234375 0.0234375 
0 0.3134765625 0.193359375 0.021484375 0.021484375 
0 0.607421875 0.462890625 0.021484375 0.021484375 
0 0.4580078125 0.375 0.0234375 0.0234375 
1 0.5166015625 0.2509765625 0.021484375 0.021484375 
0 0.400390625 0.236328125 0.021484375 0.021484375 
0 0.525390625 0.23046875 0.021484375 0.021484375 
0 0.5869140625 0.25 0.0234375 0.0234375 
0 0.4853515625 0.2353515625 0.0224609375 0.0224609375 
0 0.529296875 0.5166015625 0.0234375 0.0234375 
0 0.3466796875 0.373046875 0.021484375 0.021484375 
0 0.3544921875 0.3212890625 0.021484375 0.021484375 
0 0.46875 0.7294921875 0.021484375 0.021484375 
0 0.6328125 0.1083984375 0.021484375 0.021484375 
0 0.5166015625 0.1689453125 0.0234375 0.0234375 
0 0.4140625 0.552734375 0.0224609375 0.0224609375 
0 0.5458984375 0.3330078125 0.0234375 0.0234375 
0 0.37890625 0.0830078125 0.0224609375 0.0224609375 
0 0.376953125 0.0380859375 0.021484375 0.021484375 
0 0.5615234375 0.701171875 0.021484375 0.021484375 
0 0.642578125 0.080078125 0.0234375 0.0234375 
0 0.544921875 0.78125 0.021484375 0.021484375 
0 0.5810546875 0.517578125 0.0234375 0.0234375 
1 0.373046875 0.2509765625 0.021484375 0.021484375 
0 0.3310546875 0.263671875 0.0234375 0.0234375 
0 0.580078125 0.6123046875 0.021484375 0.021484375 
0 0.427734375 0.47265625 0.021484375 0.021484375 
0 0.453125 0.607421875 0.021484375 0.021484375 
0 0.603515625 0.3662109375 0.021484375 0.021484375 
0 0.51953125 0.603515625 0.0224609375 0.0224609375 
1 0.4072265625 0.267578125 0.0224609375 0.0224609375 
0 0.576171875 0.115234375 0.021484375 0.021484375 
