0 0.5078125 0.1396484375 0.021484375 0.021484375 
1 0.4345703125 0.2861328125 0.021484375 0.021484375 
0 0.416015625 0.47265625 0.0234375 0.0234375 
0 0.6259765625 0.3427734375 0.021484375 0.021484375 
1 0.6689453125 0.208984375 0.0224609375 0.0224609375 
0 0.4404296875 0.513671875 0.0224609375 0.0224609375 
0 0.462890625 0.3173828125 0.0234375 0.0234375 
0 0.4619140625 0.3935546875 0.0234375 0.0234375 
1 0.6396484375 0.2392578125 0.0224609375 0.0224609375 
0 0.4619140625 0.1708984375 0.021484375 0.021484375 
1 0.53125 0.421875 0.0224609375 0.0224609375 
0 0.5302734375 0.759765625 0.021484375 0.021484375 
0 0.521484375 0.3720703125 0.021484375 0.021484375 
0 0.396484375 0.556640625 0.021484375 0.021484375 
0 0.599609375 0.1455078125 0.0234375 0.0234375 
0 0.5556640625 0.1435546875 0.021484375 0.021484375 
0 0.4140625 0.623046875 0.021484375 0.021484375 
0 0.470703125 0.205078125 0.021484375 0.021484375 
0 0.39453125 0.4189453125 0.0234375 0.0234375 
0 0.6064453125 0.5166015625 0.0224609375 0.0224609375 
1 0.443359375 0.2578125 0.0224609375 0.0224609375 
0 0.5625 0.0615234375 0.021484375 0.021484375 
0 0.505859375 0.685546875 0.021484375 0.021484375 
0 0.6552734375 0.0654296875 0.021484375 0.021484375 
1 0.548828125 0.435546875 0.021484375 0.021484375 
1 0.4970703125 0.65234375 0.0224609375 0.0224609375 
1 0.3798828125 0.5234375 0.021484375 0.021484375 
1 0.5126953125 0.8427734375 0.0234375 0.0234375 
1 0.48828125 0.8134765625 0.0234375 0.0234375 
0 0.5263671875 0.60546875 0.0234375 0.0234375 
0 0.353515625 0.173828125 0.021484375 0.021484375 
0 0.552734375 0.376953125 0.021484375 0.021484375 
0 0.6689453125 0.1787109375 0.0234375 0.0234375 
0 0.3974609375 0.4619140625 0.0234375 0.0234375 
0 0.515625 0.5 0.0234375 0.0234375 
0 0.4267578125 0.04296875 0.0234375 0.0234375 
0 0.51953125 0.166015625 0.021484375 0.021484375 
1 0.5810546875 0.2216796875 0.021484375 0.021484375 
0 0.412109375 0.3251953125 0.0234375 0.0234375 
0 0.56640625 0.47265625 0.0224609375 0.0224609375 
0 0.53515625 0.7177734375 0.021484375 0.021484375 
0 0.5537109375 0.2158203125 0.0234375 0.0234375 
1 0.4833984375 0.037109375 0.0224609375 0.0224609375 
0 0.298828125 0.1435546875 0.021484375 0.021484375 
0 0.421875 0.6533203125 0.0234375 0.0234375 
0 0.4755859375 0.71484375 0.021484375 0.021484375 
1 0.55859375 0.5595703125 0.0224609375 0.0224609375 
0 0.4453125 0.1455078125 0.021484375 0.021484375 
0 0.5224609375 0.5185546875 0.0234375 0.0234375 
1 0.5556640625 0.109375 0.021484375 0.021484375 
0 0.33984375 0.2353515625 0.0234375 0.0234375 
1 0.564453125 0.6279296875 0.021484375 0.021484375 
0 0.474609375 0.228515625 0.021484375 0.021484375 
0 0.6376953125 0.171875 0.021484375 0.021484375 
0 0.525390625 0.5478515625 0.0224609375 0.0224609375 
0 0.49609375 0.4267578125 0.021484375 0.021484375 
1 0.3095703125 0.1259765625 0.0224609375 0.0224609375 
1 0.5458984375 0.1884765625 0.0224609375 0.0224609375 
0 0.572265625 0.5458984375 0.021484375 0.021484375 
0 0.3994140625 0.142578125 0.0224609375 0.0224609375 
0 0.474609375 0.3046875 0.021484375 0.021484375 
0 0.5625 0.3037109375 0.021484375 0.021484375 
0 0.4208984375 0.5546875 0.021484375 0.021484375 
0 0.44921875 0.599609375 0.0234375 0.0234375 
0 0.552734375 0.6015625 0.021484375 0.021484375 
0 0.5087890625 0.75390625 0.021484375 0.021484375 
0 0.44140625 0.0849609375 0.021484375 0.021484375 
0 0.4814453125 0.841796875 0.0224609375 0.0224609375 
0 0.4521484375 0.8349609375 0.025390625 0.025390625 
0 0.4873046875 0.380859375 0.021484375 0.021484375 
0 0.4287109375 0.1904296875 0.0234375 0.0234375 
0 0.5517578125 0.458984375 0.021484375 0.021484375 
1 0.5439453125 0.5009765625 0.021484375 0.021484375 
0 0.5322265625 0.5859375 0.0224609375 0.0224609375 
1 0.625 0.1396484375 0.021484375 0.021484375 
1 0.56640625 0.3525390625 0.021484375 0.021484375 
0 0.453125 0.6611328125 0.021484375 0.021484375 
0 0.6875 0.130859375 0.0234375 0.0234375 
0 0.6240234375 0.2412109375 0.0234375 0.0234375 
0 0.5556640625 0.08203125 0.021484375 0.021484375 
0 0.6640625 0.03515625 0.0234375 0.0234375 
0 0.5673828125 0.4287109375 0.021484375 0.021484375 
1 0.6123046875 0.1181640625 0.021484375 0.021484375 
1 0.595703125 0.1201171875 0.021484375 0.021484375 
1 0.40234375 0.6005859375 0.021484375 0.021484375 
0 0.5009765625 0.3583984375 0.021484375 0.021484375 
0 0.62890625 0.30078125 0.021484375 0.021484375 
0 0.45703125 0.7236328125 0.021484375 0.021484375 
0 0.5625 0.6748046875 0.021484375 0.021484375 
0 0.3466796875 0.310546875 0.0234375 0.0234375 
0 0.4912109375 0.400390625 0.0234375 0.0234375 
0 0.69140625 0.1064453125 0.021484375 0.021484375 
0 0.6513671875 0.275390625 0.0234375 0.0234375 
0 0.53515625 0.83203125 0.025390625 0.025390625 
0 0.6142578125 0.46875 0.021484375 0.021484375 
0 0.40625 0.3857421875 0.021484375 0.021484375 
0 0.3037109375 0.1064453125 0.0234375 0.0234375 
0 0.400390625 0.0791015625 0.0234375 0.0234375 
1 0.501953125 0.3212890625 0.021484375 0.021484375 
1 0.3857421875 0.2197265625 0.0224609375 0.0224609375 
0 0.427734375 0.443359375 0.0234375 0.0234375 
0 0.41796875 0.0625 0.0234375 0.0234375 
1 0.4267578125 0.720703125 0.021484375 0.021484375 
1 0.541015625 0.6923828125 0.021484375 0.021484375 
1 0.4736328125 0.744140625 0.021484375 0.021484375 
0 0.37890625 0.1953125 0.021484375 0.021484375 
0 0.5107421875 0.076171875 0.021484375 0.021484375 
0 0.478515625 0.52734375 0.021484375 0.021484375 
0 0.56640625 0.5224609375 0.0234375 0.0234375 
0 0.4892578125 0.5751953125 0.021484375 0.021484375 
1 0.51953125 0.7919921875 0.021484375 0.021484375 
0 0.4833984375 0.1435546875 0.021484375 0.021484375 
0 0.5078125 0.1142578125 0.021484375 0.021484375 
1 0.5166015625 0.625 0.021484375 0.021484375 
1 0.6103515625 0.2802734375 0.021484375 0.021484375 
1 0.669921875 0.0712890625 0.0224609375 0.0224609375 
0 0.3828125 0.3212890625 0.021484375 0.021484375 
0 0.677734375 0.0419921875 0.0234375 0.0234375 
0 0.4765625 0.775390625 0.0224609375 0.0224609375 
0 0.498046875 0.724609375 0.0224609375 0.0224609375 
0 0.34375 0.2861328125 0.021484375 0.021484375 
0 0.595703125 0.2666015625 0.0234375 0.0234375 
0 0.515625 0.45703125 0.021484375 0.021484375 
0 0.615234375 0.1982421875 0.021484375 0.021484375 
0 0.4892578125 0.11328125 0.0234375 0.0234375 
1 0.505859375 0.197265625 0.0224609375 0.0224609375 
1 0.5498046875 0.3349609375 0.0224609375 0.0224609375 
0 0.4326171875 0.21875 0.021484375 0.021484375 
0 0.4775390625 0.689453125 0.021484375 0.021484375 
1 0.486328125 0.078125 0.021484375 0.021484375 
0 0.5224609375 0.04296875 0.0234375 0.0234375 
0 0.4453125 0.685546875 0.021484375 0.021484375 
0 0.427734375 0.1630859375 0.0234375 0.0234375 
0 0.35546875 0.1201171875 0.021484375 0.021484375 
0 0.5458984375 0.474609375 0.0224609375 0.0224609375 
0 0.5078125 0.15625 0.021484375 0.021484375 
0 0.41796875 0.3701171875 0.021484375 0.021484375 
0 0.4423828125 0.4267578125 0.021484375 0.021484375 
1 0.640625 0.12890625 0.021484375 0.021484375 
1 0.4267578125 0.24609375 0.021484375 0.021484375 
0 0.466796875 0.2734375 0.021484375 0.021484375 
1 0.2900390625 0.0771484375 0.021484375 0.021484375 
1 0.4990234375 0.2294921875 0.021484375 0.021484375 
0 0.5 0.1728515625 0.0234375 0.0234375 
0 0.5263671875 0.345703125 0.021484375 0.021484375 
0 0.48828125 0.6748046875 0.021484375 0.021484375 
0 0.431640625 0.326171875 0.0234375 0.0234375 
1 0.529296875 0.4375 0.0224609375 0.0224609375 
1 0.4775390625 0.4560546875 0.0224609375 0.0224609375 
1 0.55859375 0.7939453125 0.0234375 0.0234375 
0 0.46875 0.244140625 0.0234375 0.0234375 
0 0.40234375 0.1982421875 0.0234375 0.0234375 
0 0.525390625 0.572265625 0.021484375 0.021484375 
1 0.4658203125 0.1884765625 0.021484375 0.021484375 
0 0.54296875 0.2314453125 0.0234375 0.0234375 
1 0.6259765625 0.2802734375 0.021484375 0.021484375 
0 0.552734375 0.0361328125 0.0234375 0.0234375 
0 0.4482421875 0.236328125 0.021484375 0.021484375 
0 0.4326171875 0.5439453125 0.021484375 0.021484375 
0 0.369140625 0.2685546875 0.021484375 0.021484375 
0 0.3291015625 0.2216796875 0.0224609375 0.0224609375 
0 0.35546875 0.2451171875 0.0234375 0.0234375 
0 0.5830078125 0.4384765625 0.0234375 0.0234375 
0 0.60546875 0.5625 0.021484375 0.021484375 
1 0.5380859375 0.8583984375 0.021484375 0.021484375 
0 0.4853515625 0.3349609375 0.0234375 0.0234375 
0 0.34765625 0.2119140625 0.021484375 0.021484375 
