0 0.5029296875 0.1787109375 0.021484375 0.021484375 
0 0.4951171875 0.75 0.0234375 0.0234375 
0 0.4892578125 0.4365234375 0.021484375 0.021484375 
0 0.5390625 0.5400390625 0.021484375 0.021484375 
0 0.5126953125 0.8701171875 0.01953125 0.01953125 
0 0.4892578125 0.1650390625 0.021484375 0.021484375 
0 0.5234375 0.8544921875 0.0234375 0.0234375 
0 0.603515625 0.1923828125 0.0234375 0.0234375 
0 0.447265625 0.55078125 0.021484375 0.021484375 
0 0.4404296875 0.0419921875 0.0234375 0.0234375 
1 0.638671875 0.150390625 0.0224609375 0.0224609375 
0 0.48828125 0.1201171875 0.021484375 0.021484375 
1 0.4609375 0.1015625 0.021484375 0.021484375 
1 0.599609375 0.16015625 0.0224609375 0.0224609375 
0 0.3505859375 0.0966796875 0.0224609375 0.0224609375 
0 0.5205078125 0.458984375 0.021484375 0.021484375 
0 0.5419921875 0.51171875 0.021484375 0.021484375 
0 0.5732421875 0.5087890625 0.021484375 0.021484375 
0 0.5341796875 0.8330078125 0.0224609375 0.0224609375 
0 0.3720703125 0.3212890625 0.0234375 0.0234375 
0 0.4609375 0.4833984375 0.021484375 0.021484375 
0 0.53515625 0.68359375 0.021484375 0.021484375 
1 0.439453125 0.359375 0.021484375 0.021484375 
0 0.400390625 0.388671875 0.021484375 0.021484375 
0 0.462890625 0.0341796875 0.021484375 0.021484375 
1 0.470703125 0.6015625 0.0224609375 0.0224609375 
1 0.6083984375 0.388671875 0.021484375 0.021484375 
1 0.4892578125 0.5830078125 0.021484375 0.021484375 
1 0.482421875 0.244140625 0.021484375 0.021484375 
1 0.4541015625 0.1552734375 0.021484375 0.021484375 
1 0.4931640625 0.6884765625 0.021484375 0.021484375 
1 0.6806640625 0.0380859375 0.021484375 0.021484375 
1 0.4169921875 0.5283203125 0.0224609375 0.0224609375 
0 0.654296875 0.1826171875 0.0224609375 0.0224609375 
0 0.43359375 0.75 0.0234375 0.0234375 
0 0.4365234375 0.474609375 0.021484375 0.021484375 
0 0.6787109375 0.0654296875 0.0234375 0.0234375 
0 0.470703125 0.822265625 0.0234375 0.0234375 
0 0.638671875 0.37109375 0.021484375 0.021484375 
0 0.4716796875 0.5263671875 0.0234375 0.0234375 
0 0.4013671875 0.220703125 0.021484375 0.021484375 
1 0.5439453125 0.60546875 0.021484375 0.021484375 
1 0.6884765625 0.1328125 0.021484375 0.021484375 
0 0.5498046875 0.3154296875 0.021484375 0.021484375 
0 0.5625 0.46875 0.0234375 0.0234375 
0 0.3291015625 0.2529296875 0.0224609375 0.0224609375 
0 0.5166015625 0.67578125 0.021484375 0.021484375 
0 0.3701171875 0.345703125 0.021484375 0.021484375 
0 0.4521484375 0.8359375 0.025390625 0.025390625 
0 0.611328125 0.0517578125 0.0234375 0.0234375 
0 0.6083984375 0.0322265625 0.0234375 0.0234375 
0 0.6103515625 0.4365234375 0.021484375 0.021484375 
1 0.5625 0.5224609375 0.021484375 0.021484375 
0 0.6630859375 0.2158203125 0.0234375 0.0234375 
1 0.6787109375 0.10546875 0.0224609375 0.0224609375 
1 0.634765625 0.2568359375 0.021484375 0.021484375 
0 0.548828125 0.6748046875 0.021484375 0.021484375 
1 0.5361328125 0.74609375 0.021484375 0.021484375 
0 0.44921875 0.5322265625 0.021484375 0.021484375 
0 0.470703125 0.390625 0.021484375 0.021484375 
0 0.5380859375 0.4384765625 0.021484375 0.021484375 
0 0.451171875 0.4384765625 0.0234375 0.0234375 
1 0.52734375 0.4990234375 0.0224609375 0.0224609375 
1 0.60546875 0.3203125 0.021484375 0.021484375 
0 0.5634765625 0.1455078125 0.021484375 0.021484375 
1 0.4228515625 0.564453125 0.021484375 0.021484375 
0 0.4619140625 0.4638671875 0.021484375 0.021484375 
0 0.3486328125 0.30859375 0.0234375 0.0234375 
0 0.578125 0.3564453125 0.021484375 0.021484375 
1 0.3466796875 0.052734375 0.021484375 0.021484375 
0 0.3876953125 0.498046875 0.021484375 0.021484375 
0 0.49609375 0.890625 0.0234375 0.0234375 
0 0.521484375 0.2099609375 0.0234375 0.0234375 
0 0.5087890625 0.5908203125 0.021484375 0.021484375 
0 0.5517578125 0.548828125 0.021484375 0.021484375 
1 0.6025390625 0.40625 0.021484375 0.021484375 
1 0.443359375 0.0703125 0.021484375 0.021484375 
0 0.46875 0.365234375 0.0224609375 0.0224609375 
0 0.46484375 0.673828125 0.0234375 0.0234375 
0 0.3330078125 0.078125 0.0234375 0.0234375 
0 0.529296875 0.146484375 0.021484375 0.021484375 
1 0.580078125 0.6796875 0.0224609375 0.0224609375 
0 0.494140625 0.08984375 0.0234375 0.0234375 
0 0.5244140625 0.189453125 0.0234375 0.0234375 
0 0.62890625 0.08984375 0.0224609375 0.0224609375 
1 0.5087890625 0.1025390625 0.0224609375 0.0224609375 
0 0.4482421875 0.2734375 0.021484375 0.021484375 
0 0.494140625 0.6220703125 0.0224609375 0.0224609375 
0 0.474609375 0.078125 0.021484375 0.021484375 
0 0.392578125 0.25390625 0.021484375 0.021484375 
1 0.369140625 0.1982421875 0.0224609375 0.0224609375 
0 0.3720703125 0.1181640625 0.021484375 0.021484375 
0 0.4423828125 0.6142578125 0.0234375 0.0234375 
1 0.326171875 0.177734375 0.021484375 0.021484375 
0 0.4169921875 0.3818359375 0.021484375 0.021484375 
0 0.5380859375 0.6484375 0.021484375 0.021484375 
0 0.4951171875 0.7900390625 0.0224609375 0.0224609375 
0 0.6484375 0.2744140625 0.0234375 0.0234375 
0 0.6083984375 0.1337890625 0.0234375 0.0234375 
0 0.462890625 0.7763671875 0.01953125 0.01953125 
0 0.4638671875 0.314453125 0.021484375 0.021484375 
0 0.5107421875 0.4033203125 0.021484375 0.021484375 
0 0.3134765625 0.11328125 0.0234375 0.0234375 
1 0.365234375 0.408203125 0.021484375 0.021484375 
0 0.3427734375 0.2041015625 0.021484375 0.021484375 
0 0.5048828125 0.361328125 0.021484375 0.021484375 
1 0.44921875 0.091796875 0.0224609375 0.0224609375 
0 0.5634765625 0.603515625 0.0224609375 0.0224609375 
0 0.3818359375 0.05859375 0.021484375 0.021484375 
0 0.4541015625 0.6376953125 0.021484375 0.021484375 
0 0.685546875 0.18359375 0.021484375 0.021484375 
0 0.58203125 0.591796875 0.021484375 0.021484375 
1 0.2939453125 0.0859375 0.021484375 0.021484375 
0 0.455078125 0.12890625 0.0224609375 0.0224609375 
0 0.32421875 0.193359375 0.021484375 0.021484375 
0 0.5263671875 0.2890625 0.0234375 0.0234375 
0 0.4091796875 0.1162109375 0.021484375 0.021484375 
0 0.5595703125 0.251953125 0.021484375 0.021484375 
1 0.5380859375 0.3525390625 0.021484375 0.021484375 
1 0.412109375 0.484375 0.0224609375 0.0224609375 
0 0.341796875 0.3369140625 0.021484375 0.021484375 
0 0.646484375 0.3310546875 0.021484375 0.021484375 
1 0.50390625 0.8330078125 0.021484375 0.021484375 
0 0.5947265625 0.2373046875 0.0234375 0.0234375 
0 0.607421875 0.0888671875 0.0234375 0.0234375 
0 0.4736328125 0.728515625 0.0224609375 0.0224609375 
0 0.5224609375 0.76953125 0.0234375 0.0234375 
1 0.498046875 0.30859375 0.021484375 0.021484375 
0 0.5673828125 0.1181640625 0.021484375 0.021484375 
0 0.55859375 0.369140625 0.0234375 0.0234375 
1 0.6171875 0.2666015625 0.021484375 0.021484375 
0 0.4697265625 0.427734375 0.021484375 0.021484375 
0 0.5791015625 0.2666015625 0.021484375 0.021484375 
0 0.48046875 0.8544921875 0.0234375 0.0234375 
1 0.3916015625 0.294921875 0.021484375 0.021484375 
0 0.5537109375 0.7197265625 0.021484375 0.021484375 
0 0.3681640625 0.0751953125 0.021484375 0.021484375 
0 0.6220703125 0.4541015625 0.021484375 0.021484375 
1 0.4345703125 0.2490234375 0.021484375 0.021484375 
0 0.642578125 0.04296875 0.0224609375 0.0224609375 
1 0.5146484375 0.6611328125 0.021484375 0.021484375 
0 0.572265625 0.7333984375 0.021484375 0.021484375 
0 0.5400390625 0.46484375 0.021484375 0.021484375 
1 0.5859375 0.5439453125 0.021484375 0.021484375 
0 0.3935546875 0.48046875 0.021484375 0.021484375 
0 0.4150390625 0.6796875 0.0234375 0.0234375 
0 0.650390625 0.138671875 0.0224609375 0.0224609375 
1 0.564453125 0.1728515625 0.021484375 0.021484375 
0 0.623046875 0.380859375 0.021484375 0.021484375 
0 0.470703125 0.0537109375 0.021484375 0.021484375 
0 0.4248046875 0.4921875 0.021484375 0.021484375 
1 0.5068359375 0.03515625 0.021484375 0.021484375 
0 0.65625 0.15234375 0.0234375 0.0234375 
0 0.4970703125 0.5234375 0.021484375 0.021484375 
0 0.517578125 0.62109375 0.021484375 0.021484375 
0 0.5927734375 0.388671875 0.021484375 0.021484375 
0 0.6005859375 0.4873046875 0.021484375 0.021484375 
0 0.3798828125 0.033203125 0.0234375 0.0234375 
0 0.5810546875 0.3251953125 0.021484375 0.021484375 
0 0.359375 0.4248046875 0.021484375 0.021484375 
1 0.3681640625 0.4716796875 0.0224609375 0.0224609375 
