0 0.671875 0.17578125 0.021484375 0.021484375 
0 0.4970703125 0.20703125 0.0224609375 0.0224609375 
0 0.583984375 0.2646484375 0.021484375 0.021484375 
1 0.4384765625 0.6591796875 0.021484375 0.021484375 
0 0.41796875 0.2099609375 0.0234375 0.0234375 
0 0.5673828125 0.7138671875 0.0234375 0.0234375 
0 0.5087890625 0.291015625 0.0234375 0.0234375 
0 0.45703125 0.1484375 0.021484375 0.021484375 
0 0.5107421875 0.306640625 0.0234375 0.0234375 
0 0.576171875 0.5390625 0.0234375 0.0234375 
0 0.482421875 0.50390625 0.021484375 0.021484375 
1 0.375 0.1591796875 0.0224609375 0.0224609375 
1 0.5390625 0.625 0.021484375 0.021484375 
0 0.53125 0.140625 0.0234375 0.0234375 
0 0.4775390625 0.0439453125 0.021484375 0.021484375 
0 0.615234375 0.1044921875 0.021484375 0.021484375 
0 0.4677734375 0.75 0.0224609375 0.0224609375 
0 0.509765625 0.4912109375 0.021484375 0.021484375 
0 0.365234375 0.04296875 0.021484375 0.021484375 
0 0.453125 0.6806640625 0.021484375 0.021484375 
1 0.6318359375 0.0458984375 0.021484375 0.021484375 
1 0.552734375 0.767578125 0.0234375 0.0234375 
1 0.611328125 0.2763671875 0.0224609375 0.0224609375 
1 0.54296875 0.5009765625 0.021484375 0.021484375 
0 0.4716796875 0.2734375 0.0234375 0.0234375 
0 0.6357421875 0.3486328125 0.0234375 0.0234375 
0 0.5283203125 0.35546875 0.021484375 0.021484375 
0 0.513671875 0.087890625 0.0234375 0.0234375 
1 0.5986328125 0.54296875 0.0224609375 0.0224609375 
0 0.3173828125 0.0654296875 0.021484375 0.021484375 
0 0.548828125 0.166015625 0.021484375 0.021484375 
1 0.6318359375 0.2275390625 0.0224609375 0.0224609375 
1 0.4013671875 0.0517578125 0.021484375 0.021484375 
0 0.5390625 0.779296875 0.0234375 0.0234375 
1 0.484375 0.1796875 0.021484375 0.021484375 
0 0.5625 0.1083984375 0.0234375 0.0234375 
0 0.599609375 0.056640625 0.021484375 0.021484375 
1 0.34765625 0.2744140625 0.0224609375 0.0224609375 
1 0.455078125 0.6455078125 0.021484375 0.021484375 
0 0.5869140625 0.5205078125 0.021484375 0.021484375 
0 0.396484375 0.287109375 0.021484375 0.021484375 
0 0.6259765625 0.32421875 0.0234375 0.0234375 
0 0.529296875 0.12109375 0.0234375 0.0234375 
1 0.560546875 0.1826171875 0.021484375 0.021484375 
0 0.521484375 0.2744140625 0.021484375 0.021484375 
0 0.359375 0.3642578125 0.0234375 0.0234375 
0 0.59375 0.1708984375 0.021484375 0.021484375 
0 0.5146484375 0.1474609375 0.0224609375 0.0224609375 
0 0.4775390625 0.646484375 0.0234375 0.0234375 
1 0.4423828125 0.349609375 0.021484375 0.021484375 
0 0.5478515625 0.0703125 0.0234375 0.0234375 
0 0.4560546875 0.4501953125 0.0234375 0.0234375 
0 0.3828125 0.4765625 0.021484375 0.021484375 
0 0.63671875 0.2744140625 0.021484375 0.021484375 
0 0.580078125 0.4638671875 0.021484375 0.021484375 
0 0.701171875 0.048828125 0.021484375 0.021484375 
0 0.4111328125 0.60546875 0.021484375 0.021484375 
0 0.537109375 0.287109375 0.0234375 0.0234375 
0 0.5400390625 0.873046875 0.01953125 0.01953125 
0 0.4013671875 0.3935546875 0.021484375 0.021484375 
1 0.482421875 0.7353515625 0.021484375 0.021484375 
0 0.4658203125 0.5693359375 0.021484375 0.021484375 
1 0.4365234375 0.046875 0.021484375 0.021484375 
0 0.513671875 0.8671875 0.0224609375 0.0224609375 
0 0.34765625 0.2958984375 0.021484375 0.021484375 
1 0.3564453125 0.33203125 0.021484375 0.021484375 
0 0.65234375 0.21875 0.021484375 0.021484375 
0 0.6689453125 0.201171875 0.021484375 0.021484375 
0 0.455078125 0.232421875 0.0234375 0.0234375 
0 0.349609375 0.1005859375 0.0234375 0.0234375 
0 0.4677734375 0.533203125 0.021484375 0.021484375 
0 0.5029296875 0.4150390625 0.0224609375 0.0224609375 
0 0.6708984375 0.26171875 0.0224609375 0.0224609375 
0 0.5146484375 0.802734375 0.0224609375 0.0224609375 
0 0.48046875 0.08984375 0.0224609375 0.0224609375 
0 0.5927734375 0.228515625 0.021484375 0.021484375 
0 0.4716796875 0.447265625 0.021484375 0.021484375 
0 0.357421875 0.150390625 0.021484375 0.021484375 
1 0.494140625 0.2998046875 0.021484375 0.021484375 
0 0.5673828125 0.2177734375 0.0234375 0.0234375 
0 0.55078125 0.4658203125 0.021484375 0.021484375 
0 0.2880859375 0.130859375 0.0234375 0.0234375 
0 0.564453125 0.439453125 0.021484375 0.021484375 
1 0.431640625 0.1591796875 0.021484375 0.021484375 
0 0.4091796875 0.2607421875 0.021484375 0.021484375 
0 0.5625 0.2431640625 0.021484375 0.021484375 
0 0.587890625 0.6142578125 0.021484375 0.021484375 
0 0.3671875 0.1337890625 0.0234375 0.0234375 
0 0.5126953125 0.3681640625 0.0234375 0.0234375 
1 0.462890625 0.4892578125 0.021484375 0.021484375 
0 0.53125 0.5458984375 0.021484375 0.021484375 
0 0.544921875 0.6064453125 0.021484375 0.021484375 
1 0.513671875 0.177734375 0.0224609375 0.0224609375 
1 0.4853515625 0.0576171875 0.021484375 0.021484375 
1 0.54296875 0.70703125 0.0224609375 0.0224609375 
0 0.4501953125 0.5732421875 0.0224609375 0.0224609375 
0 0.6220703125 0.126953125 0.021484375 0.021484375 
0 0.314453125 0.1044921875 0.021484375 0.021484375 
0 0.294921875 0.0400390625 0.021484375 0.021484375 
0 0.498046875 0.5498046875 0.021484375 0.021484375 
1 0.529296875 0.330078125 0.021484375 0.021484375 
0 0.560546875 0.619140625 0.0234375 0.0234375 
0 0.5205078125 0.21484375 0.0234375 0.0234375 
0 0.48046875 0.2275390625 0.0224609375 0.0224609375 
1 0.4453125 0.7919921875 0.021484375 0.021484375 
1 0.4560546875 0.6162109375 0.021484375 0.021484375 
0 0.390625 0.09765625 0.0234375 0.0234375 
0 0.37109375 0.291015625 0.0224609375 0.0224609375 
0 0.6806640625 0.0869140625 0.0234375 0.0234375 
1 0.3818359375 0.1376953125 0.021484375 0.021484375 
0 0.611328125 0.2265625 0.0234375 0.0234375 
0 0.3642578125 0.091796875 0.0234375 0.0234375 
0 0.4091796875 0.1064453125 0.021484375 0.021484375 
0 0.5263671875 0.4501953125 0.0234375 0.0234375 
1 0.64453125 0.2353515625 0.0224609375 0.0224609375 
0 0.5263671875 0.103515625 0.0234375 0.0234375 
0 0.478515625 0.4072265625 0.021484375 0.021484375 
1 0.5107421875 0.3291015625 0.021484375 0.021484375 
1 0.66015625 0.0302734375 0.0224609375 0.0224609375 
0 0.5234375 0.7509765625 0.0234375 0.0234375 
0 0.3916015625 0.318359375 0.021484375 0.021484375 
0 0.3984375 0.2197265625 0.021484375 0.021484375 
0 0.2998046875 0.16796875 0.0234375 0.0234375 
0 0.505859375 0.892578125 0.021484375 0.021484375 
0 0.64453125 0.1572265625 0.021484375 0.021484375 
0 0.3984375 0.365234375 0.0234375 0.0234375 
0 0.5439453125 0.1044921875 0.0224609375 0.0224609375 
0 0.431640625 0.7275390625 0.021484375 0.021484375 
