1 0.365234375 0.45703125 0.021484375 0.021484375 
0 0.451171875 0.1845703125 0.021484375 0.021484375 
0 0.4375 0.1162109375 0.0224609375 0.0224609375 
0 0.318359375 0.2255859375 0.0224609375 0.0224609375 
0 0.38671875 0.0419921875 0.0234375 0.0234375 
0 0.5458984375 0.41796875 0.0234375 0.0234375 
0 0.2978515625 0.0751953125 0.0234375 0.0234375 
0 0.404296875 0.232421875 0.0234375 0.0234375 
1 0.369140625 0.3515625 0.021484375 0.021484375 
0 0.513671875 0.59765625 0.021484375 0.021484375 
0 0.6328125 0.150390625 0.021484375 0.021484375 
0 0.501953125 0.2451171875 0.0224609375 0.0224609375 
0 0.4130859375 0.501953125 0.0234375 0.0234375 
0 0.6044921875 0.4140625 0.021484375 0.021484375 
0 0.4580078125 0.478515625 0.021484375 0.021484375 
0 0.4501953125 0.4306640625 0.0234375 0.0234375 
1 0.4736328125 0.849609375 0.0234375 0.0234375 
0 0.3935546875 0.3037109375 0.021484375 0.021484375 
0 0.5439453125 0.228515625 0.0234375 0.0234375 
0 0.345703125 0.1884765625 0.0234375 0.0234375 
0 0.4375 0.57421875 0.0234375 0.0234375 
0 0.4970703125 0.548828125 0.0234375 0.0234375 
0 0.53515625 0.109375 0.0234375 0.0234375 
0 0.6474609375 0.1416015625 0.0234375 0.0234375 
0 0.5146484375 0.1328125 0.0224609375 0.0224609375 
0 0.46875 0.1826171875 0.0234375 0.0234375 
1 0.3203125 0.0390625 0.021484375 0.021484375 
1 0.5537109375 0.064453125 0.0224609375 0.0224609375 
1 0.57421875 0.1123046875 0.0224609375 0.0224609375 
1 0.640625 0.4111328125 0.021484375 0.021484375 
0 0.6337890625 0.2978515625 0.021484375 0.021484375 
1 0.5869140625 0.4140625 0.0224609375 0.0224609375 
1 0.5947265625 0.6103515625 0.0224609375 0.0224609375 
0 0.4658203125 0.67578125 0.021484375 0.021484375 
1 0.466796875 0.7744140625 0.021484375 0.021484375 
0 0.501953125 0.876953125 0.025390625 0.025390625 
0 0.572265625 0.142578125 0.0234375 0.0234375 
0 0.4775390625 0.869140625 0.0224609375 0.0224609375 
0 0.4306640625 0.091796875 0.0234375 0.0234375 
0 0.5302734375 0.1259765625 0.021484375 0.021484375 
0 0.64453125 0.1044921875 0.021484375 0.021484375 
0 0.5546875 0.2822265625 0.021484375 0.021484375 
0 0.60546875 0.4287109375 0.021484375 0.021484375 
0 0.318359375 0.1689453125 0.021484375 0.021484375 
1 0.4208984375 0.552734375 0.021484375 0.021484375 
0 0.5439453125 0.5556640625 0.0224609375 0.0224609375 
0 0.5595703125 0.626953125 0.0234375 0.0234375 
0 0.4970703125 0.7548828125 0.0224609375 0.0224609375 
0 0.474609375 0.033203125 0.0234375 0.0234375 
0 0.6083984375 0.51171875 0.0224609375 0.0224609375 
0 0.30078125 0.1123046875 0.0234375 0.0234375 
0 0.49609375 0.595703125 0.021484375 0.021484375 
1 0.55859375 0.6904296875 0.021484375 0.021484375 
0 0.5986328125 0.2041015625 0.0234375 0.0234375 
1 0.57421875 0.2587890625 0.0224609375 0.0224609375 
0 0.490234375 0.0791015625 0.0234375 0.0234375 
0 0.484375 0.1005859375 0.0234375 0.0234375 
0 0.521484375 0.3193359375 0.021484375 0.021484375 
0 0.5634765625 0.3837890625 0.021484375 0.021484375 
1 0.5166015625 0.80859375 0.021484375 0.021484375 
1 0.494140625 0.6748046875 0.021484375 0.021484375 
0 0.53515625 0.865234375 0.021484375 0.021484375 
0 0.400390625 0.05078125 0.0234375 0.0234375 
0 0.5810546875 0.5673828125 0.0234375 0.0234375 
0 0.5869140625 0.1328125 0.021484375 0.021484375 
0 0.6328125 0.3125 0.0234375 0.0234375 
0 0.5947265625 0.109375 0.021484375 0.021484375 
0 0.3955078125 0.396484375 0.021484375 0.021484375 
0 0.505859375 0.2861328125 0.0234375 0.0234375 
0 0.4599609375 0.8798828125 0.0224609375 0.0224609375 
0 0.515625 0.505859375 0.021484375 0.021484375 
1 0.6806640625 0.2109375 0.021484375 0.021484375 
1 0.3564453125 0.380859375 0.021484375 0.021484375 
0 0.5712890625 0.27734375 0.0224609375 0.0224609375 
0 0.5771484375 0.615234375 0.021484375 0.021484375 
0 0.423828125 0.0595703125 0.0224609375 0.0224609375 
0 0.521484375 0.0947265625 0.021484375 0.021484375 
1 0.6826171875 0.0625 0.0224609375 0.0224609375 
0 0.4306640625 0.4228515625 0.021484375 0.021484375 
0 0.33203125 0.1943359375 0.0234375 0.0234375 
1 0.6484375 0.0478515625 0.0224609375 0.0224609375 
0 0.3564453125 0.0654296875 0.021484375 0.021484375 
0 0.5078125 0.5263671875 0.021484375 0.021484375 
0 0.548828125 0.4658203125 0.0234375 0.0234375 
0 0.4130859375 0.1796875 0.021484375 0.021484375 
0 0.498046875 0.1982421875 0.021484375 0.021484375 
0 0.5703125 0.1279296875 0.021484375 0.021484375 
0 0.3994140625 0.4833984375 0.0224609375 0.0224609375 
1 0.5859375 0.212890625 0.021484375 0.021484375 
1 0.38671875 0.53515625 0.021484375 0.021484375 
1 0.6064453125 0.294921875 0.0224609375 0.0224609375 
0 0.44140625 0.400390625 0.0224609375 0.0224609375 
0 0.5322265625 0.7392578125 0.0234375 0.0234375 
0 0.4609375 0.1123046875 0.021484375 0.021484375 
0 0.619140625 0.3857421875 0.021484375 0.021484375 
0 0.38671875 0.1875 0.0234375 0.0234375 
0 0.63671875 0.064453125 0.021484375 0.021484375 
0 0.51171875 0.162109375 0.0224609375 0.0224609375 
0 0.5458984375 0.3515625 0.021484375 0.021484375 
0 0.45703125 0.7275390625 0.021484375 0.021484375 
0 0.4580078125 0.4169921875 0.0234375 0.0234375 
0 0.3759765625 0.3193359375 0.021484375 0.021484375 
0 0.5048828125 0.0498046875 0.0234375 0.0234375 
1 0.5166015625 0.25390625 0.021484375 0.021484375 
0 0.3271484375 0.2958984375 0.0234375 0.0234375 
0 0.41015625 0.068359375 0.0234375 0.0234375 
0 0.6142578125 0.4697265625 0.021484375 0.021484375 
1 0.6162109375 0.111328125 0.0224609375 0.0224609375 
0 0.4775390625 0.4951171875 0.0234375 0.0234375 
0 0.4482421875 0.365234375 0.0234375 0.0234375 
0 0.5166015625 0.109375 0.0234375 0.0234375 
0 0.544921875 0.72265625 0.021484375 0.021484375 
0 0.4189453125 0.7021484375 0.021484375 0.021484375 
1 0.4365234375 0.2421875 0.021484375 0.021484375 
0 0.5439453125 0.6689453125 0.021484375 0.021484375 
