0 0.578125 0.6337890625 0.0234375 0.0234375 
0 0.501953125 0.2646484375 0.0234375 0.0234375 
0 0.4833984375 0.7236328125 0.0234375 0.0234375 
0 0.5458984375 0.572265625 0.0234375 0.0234375 
0 0.5166015625 0.6552734375 0.021484375 0.021484375 
1 0.57421875 0.216796875 0.0224609375 0.0224609375 
1 0.4541015625 0.267578125 0.021484375 0.021484375 
0 0.572265625 0.3349609375 0.0234375 0.0234375 
0 0.2939453125 0.08984375 0.0224609375 0.0224609375 
1 0.4541015625 0.603515625 0.021484375 0.021484375 
1 0.419921875 0.4111328125 0.021484375 0.021484375 
0 0.3271484375 0.259765625 0.0224609375 0.0224609375 
0 0.591796875 0.4306640625 0.0224609375 0.0224609375 
0 0.5771484375 0.1181640625 0.0234375 0.0234375 
0 0.5146484375 0.19140625 0.021484375 0.021484375 
1 0.4990234375 0.3720703125 0.021484375 0.021484375 
1 0.3994140625 0.6123046875 0.0224609375 0.0224609375 
0 0.453125 0.701171875 0.021484375 0.021484375 
0 0.59375 0.4482421875 0.021484375 0.021484375 
0 0.3466796875 0.30078125 0.0234375 0.0234375 
0 0.4111328125 0.126953125 0.0234375 0.0234375 
0 0.5927734375 0.076171875 0.021484375 0.021484375 
0 0.529296875 0.11328125 0.021484375 0.021484375 
0 0.4931640625 0.2275390625 0.021484375 0.021484375 
1 0.287109375 0.046875 0.021484375 0.021484375 
0 0.4716796875 0.8134765625 0.0224609375 0.0224609375 
0 0.5771484375 0.072265625 0.021484375 0.021484375 
0 0.404296875 0.302734375 0.021484375 0.021484375 
0 0.5615234375 0.7119140625 0.0224609375 0.0224609375 
0 0.5927734375 0.0537109375 0.021484375 0.021484375 
0 0.53125 0.26171875 0.0234375 0.0234375 
0 0.3701171875 0.44921875 0.0234375 0.0234375 
0 0.43359375 0.3095703125 0.021484375 0.021484375 
1 0.4404296875 0.5595703125 0.021484375 0.021484375 
0 0.3076171875 0.0400390625 0.021484375 0.021484375 
0 0.509765625 0.783203125 0.021484375 0.021484375 
0 0.50390625 0.544921875 0.0234375 0.0234375 
0 0.4287109375 0.2216796875 0.0234375 0.0234375 
0 0.48828125 0.193359375 0.0234375 0.0234375 
0 0.3916015625 0.1279296875 0.021484375 0.021484375 
0 0.306640625 0.203125 0.021484375 0.021484375 
0 0.5234375 0.421875 0.021484375 0.021484375 
0 0.515625 0.5634765625 0.0234375 0.0234375 
1 0.552734375 0.41015625 0.0224609375 0.0224609375 
0 0.4521484375 0.1953125 0.021484375 0.021484375 
0 0.53125 0.0302734375 0.0234375 0.0234375 
0 0.62890625 0.361328125 0.021484375 0.021484375 
0 0.447265625 0.056640625 0.0234375 0.0234375 
0 0.4736328125 0.33984375 0.021484375 0.021484375 
0 0.384765625 0.5283203125 0.0224609375 0.0224609375 
0 0.6767578125 0.0927734375 0.021484375 0.021484375 
0 0.4462890625 0.640625 0.021484375 0.021484375 
0 0.515625 0.83984375 0.0224609375 0.0224609375 
1 0.3564453125 0.0498046875 0.021484375 0.021484375 
0 0.4716796875 0.103515625 0.0234375 0.0234375 
0 0.427734375 0.4267578125 0.021484375 0.021484375 
1 0.501953125 0.462890625 0.0224609375 0.0224609375 
0 0.392578125 0.2763671875 0.0224609375 0.0224609375 
1 0.3232421875 0.2802734375 0.021484375 0.021484375 
1 0.5185546875 0.4755859375 0.0224609375 0.0224609375 
0 0.3359375 0.224609375 0.0224609375 0.0224609375 
0 0.357421875 0.400390625 0.021484375 0.021484375 
0 0.4833984375 0.5146484375 0.021484375 0.021484375 
0 0.4306640625 0.669921875 0.0234375 0.0234375 
0 0.5390625 0.30078125 0.021484375 0.021484375 
0 0.4638671875 0.541015625 0.021484375 0.021484375 
0 0.5869140625 0.5732421875 0.021484375 0.021484375 
0 0.5546875 0.2255859375 0.0234375 0.0234375 
0 0.6474609375 0.1337890625 0.0234375 0.0234375 
1 0.478515625 0.7001953125 0.021484375 0.021484375 
0 0.3681640625 0.326171875 0.0234375 0.0234375 
0 0.625 0.20703125 0.021484375 0.021484375 
1 0.501953125 0.14453125 0.021484375 0.021484375 
0 0.4697265625 0.1640625 0.021484375 0.021484375 
0 0.404296875 0.5546875 0.0234375 0.0234375 
0 0.47265625 0.03125 0.0234375 0.0234375 
1 0.576171875 0.30859375 0.021484375 0.021484375 
0 0.5908203125 0.32421875 0.021484375 0.021484375 
0 0.494140625 0.796875 0.021484375 0.021484375 
0 0.4794921875 0.3642578125 0.0224609375 0.0224609375 
0 0.5400390625 0.6728515625 0.0234375 0.0234375 
0 0.5048828125 0.1171875 0.021484375 0.021484375 
0 0.6533203125 0.2109375 0.021484375 0.021484375 
