1 0.4970703125 0.6630859375 0.021484375 0.021484375 
0 0.376953125 0.37109375 0.0224609375 0.0224609375 
1 0.4638671875 0.357421875 0.021484375 0.021484375 
0 0.7109375 0.0419921875 0.021484375 0.021484375 
0 0.3916015625 0.517578125 0.0234375 0.0234375 
1 0.55078125 0.6630859375 0.0224609375 0.0224609375 
0 0.5126953125 0.123046875 0.021484375 0.021484375 
0 0.3154296875 0.21484375 0.021484375 0.021484375 
0 0.478515625 0.048828125 0.0234375 0.0234375 
0 0.4501953125 0.4140625 0.021484375 0.021484375 
0 0.3583984375 0.2939453125 0.021484375 0.021484375 
0 0.4111328125 0.3046875 0.0234375 0.0234375 
1 0.3935546875 0.4306640625 0.0224609375 0.0224609375 
0 0.48046875 0.4599609375 0.021484375 0.021484375 
1 0.537109375 0.5400390625 0.0224609375 0.0224609375 
0 0.6064453125 0.2685546875 0.0224609375 0.0224609375 
0 0.4833984375 0.78515625 0.0224609375 0.0224609375 
0 0.5234375 0.0703125 0.021484375 0.021484375 
1 0.4423828125 0.62890625 0.021484375 0.021484375 
1 0.5478515625 0.837890625 0.0234375 0.0234375 
0 0.6611328125 0.107421875 0.0234375 0.0234375 
0 0.4345703125 0.6767578125 0.021484375 0.021484375 
1 0.611328125 0.2431640625 0.021484375 0.021484375 
0 0.478515625 0.703125 0.021484375 0.021484375 
1 0.44140625 0.1953125 0.021484375 0.021484375 
0 0.3759765625 0.400390625 0.0234375 0.0234375 
0 0.4951171875 0.400390625 0.021484375 0.021484375 
1 0.55078125 0.3369140625 0.021484375 0.021484375 
1 0.396484375 0.4091796875 0.021484375 0.021484375 
0 0.384765625 0.056640625 0.021484375 0.021484375 
1 0.57421875 0.1650390625 0.0224609375 0.0224609375 
0 0.5576171875 0.177734375 0.021484375 0.021484375 
0 0.533203125 0.8466796875 0.025390625 0.025390625 
0 0.486328125 0.2314453125 0.0224609375 0.0224609375 
0 0.4931640625 0.189453125 0.021484375 0.021484375 
0 0.427734375 0.5556640625 0.0234375 0.0234375 
1 0.533203125 0.701171875 0.021484375 0.021484375 
1 0.4775390625 0.4091796875 0.021484375 0.021484375 
1 0.46484375 0.2021484375 0.0224609375 0.0224609375 
0 0.5341796875 0.5869140625 0.021484375 0.021484375 
1 0.4384765625 0.765625 0.021484375 0.021484375 
0 0.4296875 0.04296875 0.021484375 0.021484375 
1 0.3828125 0.271484375 0.021484375 0.021484375 
1 0.5322265625 0.380859375 0.021484375 0.021484375 
0 0.3994140625 0.5322265625 0.021484375 0.021484375 
1 0.5263671875 0.16015625 0.021484375 0.021484375 
0 0.4365234375 0.2119140625 0.021484375 0.021484375 
0 0.54296875 0.232421875 0.021484375 0.021484375 
0 0.546875 0.265625 0.021484375 0.021484375 
1 0.4150390625 0.435546875 0.0224609375 0.0224609375 
0 0.349609375 0.1318359375 0.021484375 0.021484375 
0 0.4990234375 0.056640625 0.0234375 0.0234375 
1 0.44921875 0.4326171875 0.0224609375 0.0224609375 
1 0.564453125 0.494140625 0.021484375 0.021484375 
0 0.556640625 0.75390625 0.021484375 0.021484375 
1 0.474609375 0.09765625 0.0224609375 0.0224609375 
0 0.6630859375 0.2412109375 0.021484375 0.021484375 
0 0.552734375 0.5927734375 0.0234375 0.0234375 
0 0.4736328125 0.5791015625 0.021484375 0.021484375 
0 0.6162109375 0.14453125 0.0234375 0.0234375 
1 0.4658203125 0.517578125 0.0224609375 0.0224609375 
1 0.693359375 0.109375 0.0224609375 0.0224609375 
0 0.681640625 0.208984375 0.021484375 0.021484375 
0 0.5068359375 0.7900390625 0.01953125 0.01953125 
0 0.4345703125 0.2412109375 0.021484375 0.021484375 
1 0.5810546875 0.318359375 0.021484375 0.021484375 
0 0.4482421875 0.0458984375 0.021484375 0.021484375 
0 0.47265625 0.427734375 0.021484375 0.021484375 
0 0.44140625 0.5927734375 0.0234375 0.0234375 
1 0.28515625 0.048828125 0.0224609375 0.0224609375 
0 0.6796875 0.16796875 0.0234375 0.0234375 
0 0.5625 0.6103515625 0.021484375 0.021484375 
0 0.5693359375 0.28515625 0.0234375 0.0234375 
0 0.5625 0.232421875 0.021484375 0.021484375 
0 0.611328125 0.3408203125 0.021484375 0.021484375 
0 0.6279296875 0.4677734375 0.021484375 0.021484375 
0 0.482421875 0.80078125 0.0234375 0.0234375 
0 0.326171875 0.1435546875 0.0234375 0.0234375 
0 0.439453125 0.2626953125 0.021484375 0.021484375 
1 0.3984375 0.126953125 0.021484375 0.021484375 
0 0.390625 0.0947265625 0.0234375 0.0234375 
0 0.3134765625 0.03515625 0.021484375 0.021484375 
1 0.5029296875 0.25390625 0.021484375 0.021484375 
0 0.5498046875 0.455078125 0.021484375 0.021484375 
0 0.52734375 0.6376953125 0.021484375 0.021484375 
0 0.4873046875 0.8486328125 0.0224609375 0.0224609375 
1 0.5244140625 0.330078125 0.021484375 0.021484375 
0 0.525390625 0.5 0.021484375 0.021484375 
0 0.546875 0.7421875 0.021484375 0.021484375 
0 0.517578125 0.2451171875 0.021484375 0.021484375 
