1 0.673828125 0.150390625 0.021484375 0.021484375 
0 0.30859375 0.2177734375 0.0224609375 0.0224609375 
0 0.5634765625 0.5166015625 0.0234375 0.0234375 
0 0.3994140625 0.59765625 0.021484375 0.021484375 
0 0.5322265625 0.8916015625 0.01953125 0.01953125 
0 0.5634765625 0.6767578125 0.021484375 0.021484375 
0 0.4482421875 0.4765625 0.0224609375 0.0224609375 
1 0.35546875 0.26171875 0.0224609375 0.0224609375 
0 0.568359375 0.708984375 0.021484375 0.021484375 
0 0.646484375 0.0615234375 0.0224609375 0.0224609375 
0 0.32421875 0.1044921875 0.0234375 0.0234375 
0 0.4931640625 0.431640625 0.021484375 0.021484375 
1 0.5986328125 0.5908203125 0.021484375 0.021484375 
0 0.462890625 0.45703125 0.0234375 0.0234375 
0 0.6435546875 0.2919921875 0.021484375 0.021484375 
0 0.373046875 0.1337890625 0.0224609375 0.0224609375 
0 0.5625 0.73828125 0.0234375 0.0234375 
0 0.5400390625 0.830078125 0.01953125 0.01953125 
0 0.4521484375 0.3369140625 0.021484375 0.021484375 
0 0.3798828125 0.4091796875 0.0234375 0.0234375 
1 0.4482421875 0.5859375 0.021484375 0.021484375 
1 0.697265625 0.0390625 0.021484375 0.021484375 
0 0.3193359375 0.0673828125 0.021484375 0.021484375 
0 0.509765625 0.2734375 0.0234375 0.0234375 
0 0.7060546875 0.0810546875 0.021484375 0.021484375 
1 0.31640625 0.1513671875 0.021484375 0.021484375 
0 0.5400390625 0.865234375 0.01953125 0.01953125 
1 0.63671875 0.271484375 0.0224609375 0.0224609375 
0 0.5986328125 0.107421875 0.0234375 0.0234375 
0 0.6787109375 0.03125 0.021484375 0.021484375 
0 0.5263671875 0.3046875 0.0234375 0.0234375 
0 0.3740234375 0.1669921875 0.0234375 0.0234375 
0 0.5146484375 0.5302734375 0.0234375 0.0234375 
0 0.46875 0.8017578125 0.0234375 0.0234375 
0 0.568359375 0.3134765625 0.0224609375 0.0224609375 
0 0.4921875 0.8955078125 0.025390625 0.025390625 
0 0.54296875 0.109375 0.021484375 0.021484375 
0 0.48828125 0.451171875 0.021484375 0.021484375 
0 0.6025390625 0.5546875 0.0224609375 0.0224609375 
0 0.5908203125 0.3125 0.021484375 0.021484375 
1 0.423828125 0.2314453125 0.021484375 0.021484375 
0 0.404296875 0.4248046875 0.0234375 0.0234375 
1 0.58203125 0.1005859375 0.021484375 0.021484375 
0 0.4541015625 0.1240234375 0.021484375 0.021484375 
0 0.552734375 0.7587890625 0.0224609375 0.0224609375 
0 0.6533203125 0.2578125 0.0234375 0.0234375 
1 0.4189453125 0.6025390625 0.021484375 0.021484375 
0 0.408203125 0.1298828125 0.021484375 0.021484375 
0 0.392578125 0.5322265625 0.0234375 0.0234375 
0 0.5869140625 0.423828125 0.021484375 0.021484375 
0 0.4775390625 0.5517578125 0.0224609375 0.0224609375 
0 0.3779296875 0.443359375 0.021484375 0.021484375 
0 0.42578125 0.578125 0.021484375 0.021484375 
0 0.6318359375 0.4541015625 0.0224609375 0.0224609375 
0 0.572265625 0.1474609375 0.0234375 0.0234375 
0 0.5625 0.5009765625 0.021484375 0.021484375 
0 0.6474609375 0.1103515625 0.0224609375 0.0224609375 
1 0.580078125 0.083984375 0.021484375 0.021484375 
0 0.498046875 0.3857421875 0.021484375 0.021484375 
1 0.466796875 0.5107421875 0.021484375 0.021484375 
0 0.4609375 0.7216796875 0.0234375 0.0234375 
1 0.533203125 0.3740234375 0.021484375 0.021484375 
0 0.5068359375 0.4990234375 0.021484375 0.021484375 
1 0.560546875 0.224609375 0.021484375 0.021484375 
0 0.4658203125 0.6494140625 0.021484375 0.021484375 
0 0.4599609375 0.4326171875 0.021484375 0.021484375 
1 0.4052734375 0.0478515625 0.0224609375 0.0224609375 
0 0.5615234375 0.6455078125 0.021484375 0.021484375 
0 0.71484375 0.0615234375 0.0224609375 0.0224609375 
0 0.5361328125 0.408203125 0.0234375 0.0234375 
0 0.3994140625 0.373046875 0.021484375 0.021484375 
1 0.4794921875 0.4091796875 0.021484375 0.021484375 
1 0.34375 0.1005859375 0.021484375 0.021484375 
1 0.359375 0.3037109375 0.021484375 0.021484375 
0 0.650390625 0.1259765625 0.021484375 0.021484375 
1 0.53515625 0.392578125 0.0224609375 0.0224609375 
0 0.4560546875 0.068359375 0.021484375 0.021484375 
1 0.6044921875 0.2890625 0.021484375 0.021484375 
0 0.5166015625 0.861328125 0.0234375 0.0234375 
1 0.328125 0.232421875 0.021484375 0.021484375 
1 0.3818359375 0.302734375 0.021484375 0.021484375 
0 0.45703125 0.322265625 0.021484375 0.021484375 
0 0.4580078125 0.8642578125 0.0234375 0.0234375 
1 0.375 0.23828125 0.021484375 0.021484375 
0 0.49609375 0.7939453125 0.021484375 0.021484375 
0 0.3935546875 0.515625 0.0224609375 0.0224609375 
0 0.5556640625 0.5419921875 0.021484375 0.021484375 
0 0.5498046875 0.189453125 0.021484375 0.021484375 
1 0.3984375 0.404296875 0.021484375 0.021484375 
0 0.4267578125 0.4228515625 0.021484375 0.021484375 
0 0.42578125 0.626953125 0.0234375 0.0234375 
0 0.4169921875 0.2138671875 0.0224609375 0.0224609375 
1 0.4423828125 0.2392578125 0.021484375 0.021484375 
0 0.486328125 0.2177734375 0.0234375 0.0234375 
1 0.56640625 0.2412109375 0.0224609375 0.0224609375 
0 0.3955078125 0.228515625 0.0234375 0.0234375 
0 0.4814453125 0.6005859375 0.0234375 0.0234375 
0 0.58203125 0.5419921875 0.021484375 0.021484375 
0 0.4814453125 0.6875 0.021484375 0.021484375 
0 0.349609375 0.201171875 0.021484375 0.021484375 
0 0.4052734375 0.4775390625 0.021484375 0.021484375 
0 0.51953125 0.796875 0.025390625 0.025390625 
0 0.5888671875 0.64453125 0.0224609375 0.0224609375 
0 0.40234375 0.5625 0.021484375 0.021484375 
1 0.40234375 0.1923828125 0.021484375 0.021484375 
1 0.4541015625 0.220703125 0.021484375 0.021484375 
0 0.4609375 0.3037109375 0.0234375 0.0234375 
0 0.5439453125 0.6806640625 0.0234375 0.0234375 
0 0.595703125 0.1767578125 0.021484375 0.021484375 
0 0.5146484375 0.751953125 0.0234375 0.0234375 
0 0.4130859375 0.1640625 0.0234375 0.0234375 
0 0.5380859375 0.734375 0.0234375 0.0234375 
0 0.5205078125 0.0400390625 0.0234375 0.0234375 
0 0.3212890625 0.1748046875 0.021484375 0.021484375 
1 0.2958984375 0.138671875 0.0224609375 0.0224609375 
0 0.4375 0.3759765625 0.021484375 0.021484375 
1 0.3662109375 0.0390625 0.0224609375 0.0224609375 
0 0.4423828125 0.68359375 0.0234375 0.0234375 
0 0.4609375 0.197265625 0.021484375 0.021484375 
0 0.447265625 0.798828125 0.025390625 0.025390625 
0 0.541015625 0.2021484375 0.021484375 0.021484375 
1 0.3837890625 0.0771484375 0.021484375 0.021484375 
0 0.328125 0.2978515625 0.0234375 0.0234375 
1 0.544921875 0.466796875 0.021484375 0.021484375 
0 0.4677734375 0.666015625 0.0234375 0.0234375 
0 0.3037109375 0.16796875 0.021484375 0.021484375 
0 0.46484375 0.615234375 0.021484375 0.021484375 
0 0.6787109375 0.1767578125 0.021484375 0.021484375 
1 0.328125 0.1201171875 0.021484375 0.021484375 
0 0.490234375 0.0888671875 0.021484375 0.021484375 
1 0.4794921875 0.275390625 0.021484375 0.021484375 
0 0.634765625 0.2109375 0.0224609375 0.0224609375 
1 0.4326171875 0.169921875 0.021484375 0.021484375 
1 0.658203125 0.072265625 0.021484375 0.021484375 
0 0.439453125 0.212890625 0.0234375 0.0234375 
0 0.291015625 0.08984375 0.021484375 0.021484375 
0 0.6171875 0.2431640625 0.021484375 0.021484375 
0 0.376953125 0.1005859375 0.0234375 0.0234375 
0 0.6962890625 0.0673828125 0.021484375 0.021484375 
0 0.337890625 0.080078125 0.0234375 0.0234375 
0 0.615234375 0.169921875 0.021484375 0.021484375 
0 0.4873046875 0.3095703125 0.021484375 0.021484375 
0 0.537109375 0.1484375 0.0234375 0.0234375 
0 0.490234375 0.10546875 0.021484375 0.021484375 
1 0.4462890625 0.646484375 0.0224609375 0.0224609375 
0 0.515625 0.7099609375 0.021484375 0.021484375 
0 0.49609375 0.693359375 0.021484375 0.021484375 
0 0.5849609375 0.267578125 0.021484375 0.021484375 
1 0.56640625 0.2919921875 0.021484375 0.021484375 
0 0.501953125 0.4052734375 0.021484375 0.021484375 
0 0.6220703125 0.4970703125 0.021484375 0.021484375 
1 0.50390625 0.06640625 0.021484375 0.021484375 
0 0.46484375 0.03125 0.0234375 0.0234375 
0 0.5732421875 0.345703125 0.021484375 0.021484375 
1 0.591796875 0.4833984375 0.021484375 0.021484375 
0 0.55859375 0.4248046875 0.0234375 0.0234375 
0 0.4189453125 0.3681640625 0.0234375 0.0234375 
0 0.642578125 0.3232421875 0.021484375 0.021484375 
0 0.4658203125 0.83984375 0.0224609375 0.0224609375 
0 0.5048828125 0.7216796875 0.021484375 0.021484375 
0 0.46875 0.3798828125 0.021484375 0.021484375 
0 0.4248046875 0.2666015625 0.021484375 0.021484375 
0 0.291015625 0.0732421875 0.0234375 0.0234375 
0 0.49609375 0.2314453125 0.021484375 0.021484375 
1 0.5126953125 0.646484375 0.021484375 0.021484375 
1 0.576171875 0.61328125 0.0224609375 0.0224609375 
1 0.5498046875 0.0380859375 0.021484375 0.021484375 
0 0.419921875 0.5302734375 0.0234375 0.0234375 
1 0.5244140625 0.134765625 0.021484375 0.021484375 
0 0.4111328125 0.296875 0.0234375 0.0234375 
0 0.541015625 0.0927734375 0.0224609375 0.0224609375 
0 0.505859375 0.8369140625 0.0224609375 0.0224609375 
