0 0.3828125 0.2666015625 0.0234375 0.0234375 
1 0.623046875 0.3173828125 0.0224609375 0.0224609375 
0 0.5361328125 0.4111328125 0.0224609375 0.0224609375 
1 0.5048828125 0.361328125 0.021484375 0.021484375 
0 0.509765625 0.228515625 0.0224609375 0.0224609375 
1 0.4384765625 0.064453125 0.021484375 0.021484375 
0 0.396484375 0.3896484375 0.0234375 0.0234375 
1 0.392578125 0.2412109375 0.021484375 0.021484375 
0 0.474609375 0.5869140625 0.0234375 0.0234375 
0 0.4912109375 0.34765625 0.021484375 0.021484375 
1 0.5390625 0.587890625 0.0224609375 0.0224609375 
0 0.4892578125 0.8134765625 0.025390625 0.025390625 
1 0.4189453125 0.5927734375 0.021484375 0.021484375 
0 0.5234375 0.513671875 0.0234375 0.0234375 
0 0.505859375 0.609375 0.021484375 0.021484375 
1 0.5791015625 0.5556640625 0.021484375 0.021484375 
1 0.5322265625 0.4521484375 0.021484375 0.021484375 
0 0.3896484375 0.3544921875 0.021484375 0.021484375 
1 0.458984375 0.0380859375 0.0224609375 0.0224609375 
0 0.4296875 0.61328125 0.0224609375 0.0224609375 
0 0.5673828125 0.365234375 0.0224609375 0.0224609375 
0 0.41796875 0.541015625 0.0224609375 0.0224609375 
1 0.412109375 0.6591796875 0.0224609375 0.0224609375 
1 0.4619140625 0.8525390625 0.0234375 0.0234375 
1 0.5126953125 0.5341796875 0.021484375 0.021484375 
1 0.3779296875 0.2939453125 0.021484375 0.021484375 
1 0.6279296875 0.404296875 0.0224609375 0.0224609375 
0 0.5263671875 0.6455078125 0.0224609375 0.0224609375 
0 0.4306640625 0.4091796875 0.021484375 0.021484375 
0 0.4375 0.2509765625 0.021484375 0.021484375 
1 0.2802734375 0.0556640625 0.0224609375 0.0224609375 
0 0.5537109375 0.4931640625 0.0224609375 0.0224609375 
0 0.62109375 0.3388671875 0.0234375 0.0234375 
0 0.5244140625 0.2197265625 0.0234375 0.0234375 
0 0.39453125 0.5712890625 0.021484375 0.021484375 
0 0.421875 0.6865234375 0.0224609375 0.0224609375 
0 0.322265625 0.1708984375 0.0224609375 0.0224609375 
0 0.50390625 0.5947265625 0.021484375 0.021484375 
0 0.3720703125 0.126953125 0.021484375 0.021484375 
0 0.3447265625 0.162109375 0.021484375 0.021484375 
0 0.541015625 0.158203125 0.0234375 0.0234375 
0 0.6142578125 0.1376953125 0.021484375 0.021484375 
0 0.4990234375 0.728515625 0.0234375 0.0234375 
1 0.3818359375 0.228515625 0.021484375 0.021484375 
1 0.4521484375 0.7138671875 0.021484375 0.021484375 
0 0.328125 0.3056640625 0.0234375 0.0234375 
1 0.5400390625 0.7333984375 0.021484375 0.021484375 
0 0.5693359375 0.6591796875 0.0234375 0.0234375 
0 0.3388671875 0.177734375 0.021484375 0.021484375 
1 0.4033203125 0.03515625 0.021484375 0.021484375 
1 0.587890625 0.2177734375 0.021484375 0.021484375 
1 0.46484375 0.1025390625 0.021484375 0.021484375 
0 0.4072265625 0.2822265625 0.0234375 0.0234375 
1 0.669921875 0.26171875 0.021484375 0.021484375 
1 0.451171875 0.5966796875 0.0224609375 0.0224609375 
0 0.5048828125 0.865234375 0.01953125 0.01953125 
0 0.5078125 0.1376953125 0.0234375 0.0234375 
1 0.5986328125 0.1796875 0.021484375 0.021484375 
0 0.3134765625 0.044921875 0.021484375 0.021484375 
0 0.5517578125 0.0927734375 0.021484375 0.021484375 
0 0.599609375 0.0390625 0.021484375 0.021484375 
1 0.6240234375 0.1923828125 0.0224609375 0.0224609375 
0 0.52734375 0.169921875 0.0224609375 0.0224609375 
1 0.4169921875 0.439453125 0.021484375 0.021484375 
1 0.4794921875 0.064453125 0.021484375 0.021484375 
0 0.6083984375 0.0849609375 0.021484375 0.021484375 
1 0.380859375 0.318359375 0.0224609375 0.0224609375 
0 0.4814453125 0.857421875 0.0224609375 0.0224609375 
0 0.673828125 0.0546875 0.0234375 0.0234375 
0 0.6103515625 0.5068359375 0.0224609375 0.0224609375 
0 0.4814453125 0.65625 0.021484375 0.021484375 
0 0.552734375 0.033203125 0.021484375 0.021484375 
0 0.509765625 0.8349609375 0.0224609375 0.0224609375 
1 0.2978515625 0.083984375 0.0224609375 0.0224609375 
0 0.337890625 0.3408203125 0.021484375 0.021484375 
0 0.693359375 0.0380859375 0.0234375 0.0234375 
0 0.4736328125 0.8857421875 0.021484375 0.021484375 
0 0.6630859375 0.2314453125 0.0224609375 0.0224609375 
1 0.57421875 0.59375 0.021484375 0.021484375 
0 0.3408203125 0.1103515625 0.021484375 0.021484375 
0 0.5576171875 0.7080078125 0.021484375 0.021484375 
0 0.5029296875 0.44921875 0.021484375 0.021484375 
1 0.49609375 0.0732421875 0.0224609375 0.0224609375 
1 0.5986328125 0.392578125 0.021484375 0.021484375 
0 0.369140625 0.1953125 0.021484375 0.021484375 
1 0.587890625 0.201171875 0.0224609375 0.0224609375 
1 0.5146484375 0.2861328125 0.0224609375 0.0224609375 
0 0.4111328125 0.302734375 0.021484375 0.021484375 
0 0.3974609375 0.3154296875 0.021484375 0.021484375 
0 0.4130859375 0.521484375 0.0234375 0.0234375 
0 0.3837890625 0.1015625 0.021484375 0.021484375 
0 0.583984375 0.4853515625 0.021484375 0.021484375 
0 0.4921875 0.123046875 0.0224609375 0.0224609375 
0 0.5908203125 0.0615234375 0.021484375 0.021484375 
1 0.6376953125 0.236328125 0.021484375 0.021484375 
0 0.443359375 0.119140625 0.021484375 0.021484375 
0 0.4296875 0.2783203125 0.021484375 0.021484375 
0 0.4619140625 0.2900390625 0.021484375 0.021484375 
0 0.3701171875 0.3349609375 0.021484375 0.021484375 
1 0.546875 0.4794921875 0.021484375 0.021484375 
0 0.5283203125 0.3720703125 0.0234375 0.0234375 
1 0.6162109375 0.3740234375 0.021484375 0.021484375 
0 0.46484375 0.6318359375 0.0224609375 0.0224609375 
0 0.466796875 0.5048828125 0.0234375 0.0234375 
0 0.3173828125 0.0751953125 0.021484375 0.021484375 
0 0.5458984375 0.25 0.0224609375 0.0224609375 
0 0.462890625 0.31640625 0.0224609375 0.0224609375 
0 0.32421875 0.146484375 0.0234375 0.0234375 
0 0.4013671875 0.0625 0.0234375 0.0234375 
0 0.6826171875 0.2119140625 0.021484375 0.021484375 
0 0.6484375 0.2802734375 0.021484375 0.021484375 
1 0.6943359375 0.1103515625 0.021484375 0.021484375 
0 0.44140625 0.5322265625 0.0224609375 0.0224609375 
1 0.3505859375 0.263671875 0.021484375 0.021484375 
0 0.56640625 0.2431640625 0.021484375 0.021484375 
1 0.388671875 0.5546875 0.0224609375 0.0224609375 
1 0.5869140625 0.6162109375 0.021484375 0.021484375 
0 0.5869140625 0.6552734375 0.0234375 0.0234375 
1 0.3525390625 0.3125 0.021484375 0.021484375 
0 0.4931640625 0.4189453125 0.021484375 0.021484375 
1 0.6650390625 0.294921875 0.0224609375 0.0224609375 
0 0.3798828125 0.4033203125 0.0234375 0.0234375 
0 0.6025390625 0.1611328125 0.021484375 0.021484375 
0 0.416015625 0.158203125 0.0234375 0.0234375 
1 0.552734375 0.1455078125 0.021484375 0.021484375 
0 0.427734375 0.1689453125 0.0234375 0.0234375 
1 0.626953125 0.4599609375 0.0224609375 0.0224609375 
0 0.6640625 0.2470703125 0.021484375 0.021484375 
1 0.4482421875 0.6259765625 0.0224609375 0.0224609375 
1 0.4677734375 0.67578125 0.0224609375 0.0224609375 
1 0.42578125 0.111328125 0.021484375 0.021484375 
0 0.48828125 0.7578125 0.021484375 0.021484375 
0 0.5595703125 0.53125 0.021484375 0.021484375 
1 0.40625 0.10546875 0.021484375 0.021484375 
0 0.5927734375 0.529296875 0.021484375 0.021484375 
0 0.3642578125 0.2177734375 0.021484375 0.021484375 
0 0.5361328125 0.873046875 0.0224609375 0.0224609375 
0 0.4912109375 0.0302734375 0.0234375 0.0234375 
0 0.4677734375 0.3916015625 0.0234375 0.0234375 
0 0.509765625 0.251953125 0.021484375 0.021484375 
0 0.39453125 0.529296875 0.021484375 0.021484375 
0 0.5302734375 0.7705078125 0.025390625 0.025390625 
0 0.58203125 0.3447265625 0.021484375 0.021484375 
0 0.5029296875 0.20703125 0.0234375 0.0234375 
1 0.3408203125 0.197265625 0.021484375 0.021484375 
0 0.443359375 0.50390625 0.021484375 0.021484375 
0 0.705078125 0.0537109375 0.0234375 0.0234375 
0 0.453125 0.7548828125 0.01953125 0.01953125 
0 0.4345703125 0.4912109375 0.0234375 0.0234375 
0 0.4658203125 0.19140625 0.0234375 0.0234375 
0 0.5390625 0.3837890625 0.0234375 0.0234375 
0 0.5888671875 0.26171875 0.021484375 0.021484375 
1 0.4580078125 0.0771484375 0.021484375 0.021484375 
0 0.6357421875 0.3798828125 0.0234375 0.0234375 
0 0.4501953125 0.5185546875 0.021484375 0.021484375 
1 0.630859375 0.138671875 0.021484375 0.021484375 
0 0.453125 0.54296875 0.021484375 0.021484375 
0 0.419921875 0.705078125 0.0224609375 0.0224609375 
1 0.564453125 0.1826171875 0.0224609375 0.0224609375 
0 0.4990234375 0.396484375 0.021484375 0.021484375 
0 0.515625 0.8095703125 0.025390625 0.025390625 
0 0.5390625 0.6845703125 0.0224609375 0.0224609375 
0 0.3837890625 0.5087890625 0.021484375 0.021484375 
0 0.470703125 0.564453125 0.0234375 0.0234375 
0 0.4423828125 0.6484375 0.021484375 0.021484375 
0 0.3779296875 0.2099609375 0.021484375 0.021484375 
1 0.48828125 0.7119140625 0.021484375 0.021484375 
0 0.513671875 0.67578125 0.0224609375 0.0224609375 
0 0.515625 0.4052734375 0.0234375 0.0234375 
0 0.458984375 0.8173828125 0.021484375 0.021484375 
0 0.546875 0.6044921875 0.0234375 0.0234375 
0 0.50390625 0.056640625 0.021484375 0.021484375 
0 0.3662109375 0.275390625 0.021484375 0.021484375 
0 0.3544921875 0.3583984375 0.021484375 0.021484375 
0 0.556640625 0.447265625 0.021484375 0.021484375 
0 0.529296875 0.8916015625 0.01953125 0.01953125 
0 0.6376953125 0.3603515625 0.0234375 0.0234375 
