0 0.498046875 0.8349609375 0.0234375 0.0234375 
0 0.603515625 0.5322265625 0.021484375 0.021484375 
0 0.51171875 0.427734375 0.0224609375 0.0224609375 
0 0.552734375 0.78125 0.021484375 0.021484375 
0 0.4091796875 0.2890625 0.021484375 0.021484375 
0 0.5673828125 0.0498046875 0.0224609375 0.0224609375 
0 0.451171875 0.365234375 0.0234375 0.0234375 
0 0.3515625 0.396484375 0.0234375 0.0234375 
0 0.6630859375 0.2294921875 0.0234375 0.0234375 
0 0.4013671875 0.5712890625 0.021484375 0.021484375 
0 0.3994140625 0.380859375 0.021484375 0.021484375 
1 0.591796875 0.103515625 0.021484375 0.021484375 
0 0.603515625 0.4111328125 0.021484375 0.021484375 
1 0.439453125 0.173828125 0.0224609375 0.0224609375 
0 0.501953125 0.490234375 0.0234375 0.0234375 
0 0.4287109375 0.4892578125 0.0234375 0.0234375 
1 0.431640625 0.50390625 0.021484375 0.021484375 
0 0.42578125 0.1279296875 0.021484375 0.021484375 
0 0.603515625 0.080078125 0.021484375 0.021484375 
0 0.576171875 0.259765625 0.0224609375 0.0224609375 
0 0.37109375 0.162109375 0.0234375 0.0234375 
0 0.6279296875 0.3037109375 0.021484375 0.021484375 
0 0.412109375 0.548828125 0.0234375 0.0234375 
0 0.5498046875 0.6904296875 0.0224609375 0.0224609375 
0 0.533203125 0.5556640625 0.021484375 0.021484375 
0 0.412109375 0.6220703125 0.021484375 0.021484375 
1 0.4609375 0.7861328125 0.021484375 0.021484375 
0 0.6455078125 0.111328125 0.0234375 0.0234375 
0 0.5078125 0.693359375 0.0224609375 0.0224609375 
1 0.4658203125 0.185546875 0.021484375 0.021484375 
0 0.486328125 0.0849609375 0.021484375 0.021484375 
0 0.5908203125 0.0556640625 0.021484375 0.021484375 
0 0.4716796875 0.71484375 0.0234375 0.0234375 
0 0.5634765625 0.1005859375 0.021484375 0.021484375 
0 0.68359375 0.1162109375 0.0234375 0.0234375 
0 0.486328125 0.61328125 0.021484375 0.021484375 
0 0.451171875 0.4189453125 0.021484375 0.021484375 
1 0.4951171875 0.7587890625 0.0234375 0.0234375 
0 0.4501953125 0.80859375 0.025390625 0.025390625 
1 0.5068359375 0.7177734375 0.021484375 0.021484375 
1 0.595703125 0.56640625 0.021484375 0.021484375 
0 0.3251953125 0.134765625 0.021484375 0.021484375 
0 0.2939453125 0.044921875 0.0224609375 0.0224609375 
0 0.412109375 0.6513671875 0.0234375 0.0234375 
0 0.6611328125 0.1123046875 0.021484375 0.021484375 
0 0.39453125 0.0849609375 0.021484375 0.021484375 
0 0.453125 0.3486328125 0.0234375 0.0234375 
0 0.53515625 0.4912109375 0.0234375 0.0234375 
0 0.5732421875 0.345703125 0.0234375 0.0234375 
0 0.427734375 0.546875 0.021484375 0.021484375 
0 0.486328125 0.400390625 0.021484375 0.021484375 
0 0.6396484375 0.4072265625 0.021484375 0.021484375 
0 0.32421875 0.0771484375 0.0234375 0.0234375 
0 0.421875 0.322265625 0.021484375 0.021484375 
1 0.634765625 0.197265625 0.021484375 0.021484375 
0 0.32421875 0.1611328125 0.0234375 0.0234375 
0 0.5703125 0.140625 0.0224609375 0.0224609375 
0 0.5947265625 0.341796875 0.021484375 0.021484375 
0 0.5625 0.40625 0.021484375 0.021484375 
0 0.6474609375 0.1845703125 0.021484375 0.021484375 
0 0.4990234375 0.669921875 0.021484375 0.021484375 
1 0.5693359375 0.490234375 0.021484375 0.021484375 
1 0.5771484375 0.1181640625 0.021484375 0.021484375 
1 0.3759765625 0.109375 0.021484375 0.021484375 
0 0.3955078125 0.3974609375 0.0234375 0.0234375 
0 0.3408203125 0.2890625 0.021484375 0.021484375 
0 0.5078125 0.4013671875 0.021484375 0.021484375 
0 0.5087890625 0.2451171875 0.0234375 0.0234375 
0 0.4501953125 0.3896484375 0.021484375 0.021484375 
0 0.421875 0.041015625 0.021484375 0.021484375 
0 0.5263671875 0.189453125 0.0224609375 0.0224609375 
1 0.5234375 0.158203125 0.021484375 0.021484375 
0 0.400390625 0.0439453125 0.0234375 0.0234375 
1 0.689453125 0.05078125 0.021484375 0.021484375 
1 0.359375 0.1982421875 0.0224609375 0.0224609375 
1 0.4609375 0.6943359375 0.0224609375 0.0224609375 
0 0.4951171875 0.3564453125 0.0234375 0.0234375 
0 0.5 0.8798828125 0.0224609375 0.0224609375 
1 0.369140625 0.2158203125 0.021484375 0.021484375 
0 0.3076171875 0.08203125 0.021484375 0.021484375 
0 0.5986328125 0.185546875 0.0234375 0.0234375 
0 0.4677734375 0.8681640625 0.021484375 0.021484375 
1 0.5888671875 0.5078125 0.021484375 0.021484375 
1 0.4609375 0.462890625 0.021484375 0.021484375 
1 0.6123046875 0.314453125 0.0224609375 0.0224609375 
0 0.6005859375 0.0390625 0.0234375 0.0234375 
1 0.5185546875 0.5595703125 0.021484375 0.021484375 
0 0.3759765625 0.197265625 0.021484375 0.021484375 
0 0.439453125 0.119140625 0.0234375 0.0234375 
1 0.3466796875 0.232421875 0.021484375 0.021484375 
1 0.337890625 0.2607421875 0.021484375 0.021484375 
0 0.4970703125 0.626953125 0.0234375 0.0234375 
0 0.49609375 0.451171875 0.021484375 0.021484375 
0 0.38671875 0.279296875 0.021484375 0.021484375 
1 0.4912109375 0.568359375 0.021484375 0.021484375 
1 0.4169921875 0.2294921875 0.0224609375 0.0224609375 
0 0.4853515625 0.4287109375 0.0234375 0.0234375 
0 0.630859375 0.333984375 0.021484375 0.021484375 
0 0.5126953125 0.81640625 0.01953125 0.01953125 
0 0.419921875 0.66796875 0.021484375 0.021484375 
0 0.5771484375 0.1875 0.0234375 0.0234375 
0 0.3466796875 0.3212890625 0.021484375 0.021484375 
1 0.4921875 0.3408203125 0.021484375 0.021484375 
0 0.3828125 0.4931640625 0.021484375 0.021484375 
0 0.4482421875 0.5244140625 0.021484375 0.021484375 
0 0.4169921875 0.369140625 0.0234375 0.0234375 
0 0.5517578125 0.3134765625 0.0224609375 0.0224609375 
0 0.412109375 0.1357421875 0.021484375 0.021484375 
0 0.6259765625 0.13671875 0.021484375 0.021484375 
0 0.556640625 0.1298828125 0.0234375 0.0234375 
1 0.3798828125 0.5205078125 0.021484375 0.021484375 
0 0.47265625 0.0380859375 0.021484375 0.021484375 
0 0.4130859375 0.21484375 0.021484375 0.021484375 
0 0.5068359375 0.37890625 0.0234375 0.0234375 
0 0.4345703125 0.380859375 0.021484375 0.021484375 
0 0.615234375 0.0478515625 0.0234375 0.0234375 
0 0.5361328125 0.2685546875 0.021484375 0.021484375 
0 0.4892578125 0.1650390625 0.021484375 0.021484375 
0 0.6552734375 0.2880859375 0.021484375 0.021484375 
0 0.583984375 0.2392578125 0.021484375 0.021484375 
0 0.45703125 0.48046875 0.0234375 0.0234375 
1 0.4453125 0.263671875 0.021484375 0.021484375 
1 0.5380859375 0.7490234375 0.021484375 0.021484375 
0 0.5634765625 0.666015625 0.021484375 0.021484375 
0 0.53125 0.4443359375 0.0234375 0.0234375 
0 0.5341796875 0.3388671875 0.021484375 0.021484375 
0 0.3095703125 0.224609375 0.0234375 0.0234375 
1 0.5859375 0.412109375 0.021484375 0.021484375 
0 0.5732421875 0.7060546875 0.0224609375 0.0224609375 
0 0.458984375 0.20703125 0.0234375 0.0234375 
0 0.5712890625 0.6494140625 0.021484375 0.021484375 
0 0.525390625 0.3955078125 0.021484375 0.021484375 
