1 0.6689453125 0.2080078125 0.021484375 0.021484375 
0 0.529296875 0.5712890625 0.021484375 0.021484375 
0 0.4287109375 0.275390625 0.0234375 0.0234375 
0 0.390625 0.1376953125 0.021484375 0.021484375 
0 0.447265625 0.7197265625 0.021484375 0.021484375 
1 0.345703125 0.3427734375 0.021484375 0.021484375 
0 0.4169921875 0.1181640625 0.0234375 0.0234375 
0 0.4619140625 0.181640625 0.021484375 0.021484375 
0 0.6025390625 0.341796875 0.021484375 0.021484375 
0 0.26953125 0.0458984375 0.0234375 0.0234375 
0 0.6142578125 0.3994140625 0.0234375 0.0234375 
1 0.3525390625 0.048828125 0.021484375 0.021484375 
1 0.5009765625 0.7431640625 0.021484375 0.021484375 
0 0.3896484375 0.0732421875 0.021484375 0.021484375 
0 0.3759765625 0.3935546875 0.021484375 0.021484375 
1 0.38671875 0.30078125 0.0224609375 0.0224609375 
0 0.3291015625 0.142578125 0.021484375 0.021484375 
1 0.4453125 0.5498046875 0.021484375 0.021484375 
1 0.6474609375 0.3369140625 0.0224609375 0.0224609375 
0 0.4990234375 0.1962890625 0.021484375 0.021484375 
0 0.3603515625 0.4365234375 0.0224609375 0.0224609375 
1 0.28515625 0.1044921875 0.021484375 0.021484375 
0 0.4208984375 0.1328125 0.0234375 0.0234375 
0 0.3515625 0.08984375 0.0234375 0.0234375 
0 0.419921875 0.544921875 0.0234375 0.0234375 
0 0.6318359375 0.1533203125 0.021484375 0.021484375 
0 0.6435546875 0.30859375 0.021484375 0.021484375 
0 0.4755859375 0.439453125 0.021484375 0.021484375 
0 0.373046875 0.2412109375 0.021484375 0.021484375 
1 0.4697265625 0.654296875 0.021484375 0.021484375 
0 0.6669921875 0.255859375 0.021484375 0.021484375 
0 0.4150390625 0.466796875 0.021484375 0.021484375 
0 0.318359375 0.2529296875 0.021484375 0.021484375 
1 0.474609375 0.765625 0.021484375 0.021484375 
1 0.4677734375 0.2998046875 0.0224609375 0.0224609375 
0 0.443359375 0.470703125 0.0224609375 0.0224609375 
0 0.5986328125 0.45703125 0.021484375 0.021484375 
0 0.359375 0.0341796875 0.021484375 0.021484375 
1 0.5615234375 0.65625 0.0224609375 0.0224609375 
0 0.55078125 0.138671875 0.021484375 0.021484375 
1 0.4091796875 0.611328125 0.0224609375 0.0224609375 
0 0.6279296875 0.24609375 0.021484375 0.021484375 
1 0.6298828125 0.3525390625 0.0224609375 0.0224609375 
0 0.318359375 0.1904296875 0.021484375 0.021484375 
1 0.5576171875 0.626953125 0.021484375 0.021484375 
0 0.3544921875 0.16796875 0.0234375 0.0234375 
0 0.5927734375 0.4873046875 0.021484375 0.021484375 
0 0.6357421875 0.3720703125 0.0234375 0.0234375 
0 0.611328125 0.47265625 0.021484375 0.021484375 
0 0.7001953125 0.1220703125 0.021484375 0.021484375 
1 0.599609375 0.3671875 0.021484375 0.021484375 
1 0.4580078125 0.1611328125 0.0224609375 0.0224609375 
0 0.5986328125 0.423828125 0.0234375 0.0234375 
0 0.5078125 0.8779296875 0.0224609375 0.0224609375 
1 0.525390625 0.3916015625 0.021484375 0.021484375 
0 0.5068359375 0.078125 0.0234375 0.0234375 
0 0.46484375 0.134765625 0.0234375 0.0234375 
0 0.529296875 0.3330078125 0.0234375 0.0234375 
0 0.4248046875 0.2177734375 0.0234375 0.0234375 
0 0.388671875 0.4580078125 0.021484375 0.021484375 
0 0.4658203125 0.6005859375 0.0234375 0.0234375 
0 0.4365234375 0.619140625 0.0224609375 0.0224609375 
0 0.322265625 0.0693359375 0.021484375 0.021484375 
1 0.6435546875 0.1240234375 0.0224609375 0.0224609375 
0 0.4755859375 0.2607421875 0.0234375 0.0234375 
0 0.34375 0.12890625 0.0234375 0.0234375 
0 0.5869140625 0.099609375 0.021484375 0.021484375 
0 0.4892578125 0.1552734375 0.021484375 0.021484375 
0 0.5830078125 0.515625 0.021484375 0.021484375 
0 0.3525390625 0.1962890625 0.0224609375 0.0224609375 
1 0.3408203125 0.28125 0.0224609375 0.0224609375 
0 0.4453125 0.7958984375 0.01953125 0.01953125 
0 0.4853515625 0.6376953125 0.021484375 0.021484375 
0 0.6044921875 0.318359375 0.021484375 0.021484375 
0 0.294921875 0.1591796875 0.0234375 0.0234375 
0 0.4228515625 0.6796875 0.0234375 0.0234375 
0 0.486328125 0.1044921875 0.0234375 0.0234375 
0 0.5625 0.6943359375 0.021484375 0.021484375 
0 0.419921875 0.6474609375 0.021484375 0.021484375 
0 0.6015625 0.51171875 0.021484375 0.021484375 
0 0.509765625 0.5625 0.021484375 0.021484375 
0 0.5537109375 0.54296875 0.0234375 0.0234375 
0 0.576171875 0.59765625 0.021484375 0.021484375 
0 0.69140625 0.1572265625 0.0224609375 0.0224609375 
0 0.4111328125 0.435546875 0.0224609375 0.0224609375 
1 0.5517578125 0.3349609375 0.0224609375 0.0224609375 
0 0.5751953125 0.4462890625 0.021484375 0.021484375 
0 0.6494140625 0.15625 0.0234375 0.0234375 
0 0.3955078125 0.0361328125 0.021484375 0.021484375 
0 0.439453125 0.7626953125 0.01953125 0.01953125 
0 0.4931640625 0.369140625 0.021484375 0.021484375 
0 0.509765625 0.6630859375 0.0234375 0.0234375 
0 0.6826171875 0.1181640625 0.0224609375 0.0224609375 
0 0.5029296875 0.6943359375 0.021484375 0.021484375 
0 0.51171875 0.64453125 0.0234375 0.0234375 
0 0.40625 0.4912109375 0.021484375 0.021484375 
1 0.3564453125 0.4150390625 0.021484375 0.021484375 
0 0.576171875 0.0498046875 0.0234375 0.0234375 
1 0.501953125 0.5869140625 0.021484375 0.021484375 
0 0.5283203125 0.1796875 0.021484375 0.021484375 
0 0.427734375 0.583984375 0.021484375 0.021484375 
0 0.5556640625 0.115234375 0.021484375 0.021484375 
0 0.5283203125 0.37109375 0.0224609375 0.0224609375 
0 0.349609375 0.369140625 0.0234375 0.0234375 
0 0.5478515625 0.57421875 0.021484375 0.021484375 
0 0.603515625 0.255859375 0.021484375 0.021484375 
0 0.6328125 0.4228515625 0.021484375 0.021484375 
1 0.646484375 0.283203125 0.0224609375 0.0224609375 
0 0.470703125 0.111328125 0.021484375 0.021484375 
1 0.4970703125 0.1171875 0.021484375 0.021484375 
0 0.4296875 0.46484375 0.0234375 0.0234375 
0 0.5791015625 0.130859375 0.021484375 0.021484375 
0 0.490234375 0.875 0.0224609375 0.0224609375 
0 0.6015625 0.2236328125 0.0234375 0.0234375 
0 0.552734375 0.7646484375 0.0224609375 0.0224609375 
0 0.615234375 0.4326171875 0.021484375 0.021484375 
1 0.7001953125 0.103515625 0.021484375 0.021484375 
1 0.5107421875 0.80078125 0.021484375 0.021484375 
0 0.521484375 0.6865234375 0.021484375 0.021484375 
0 0.5703125 0.2314453125 0.0234375 0.0234375 
0 0.59375 0.291015625 0.0234375 0.0234375 
0 0.3779296875 0.1142578125 0.0234375 0.0234375 
1 0.6123046875 0.0693359375 0.021484375 0.021484375 
0 0.375 0.4375 0.0234375 0.0234375 
0 0.544921875 0.6728515625 0.0224609375 0.0224609375 
1 0.357421875 0.064453125 0.021484375 0.021484375 
1 0.4326171875 0.0390625 0.0224609375 0.0224609375 
0 0.46875 0.03515625 0.021484375 0.021484375 
0 0.4072265625 0.5185546875 0.0234375 0.0234375 
0 0.564453125 0.6748046875 0.021484375 0.021484375 
0 0.4287109375 0.740234375 0.0234375 0.0234375 
0 0.478515625 0.228515625 0.0234375 0.0234375 
0 0.455078125 0.822265625 0.0234375 0.0234375 
1 0.5302734375 0.7001953125 0.021484375 0.021484375 
0 0.4287109375 0.2529296875 0.021484375 0.021484375 
0 0.46484375 0.837890625 0.0224609375 0.0224609375 
0 0.4794921875 0.408203125 0.0234375 0.0234375 
0 0.52734375 0.8525390625 0.0224609375 0.0224609375 
0 0.4580078125 0.7685546875 0.01953125 0.01953125 
1 0.5205078125 0.2998046875 0.021484375 0.021484375 
0 0.5107421875 0.529296875 0.021484375 0.021484375 
0 0.4296875 0.3916015625 0.021484375 0.021484375 
1 0.517578125 0.7314453125 0.021484375 0.021484375 
0 0.548828125 0.4541015625 0.021484375 0.021484375 
0 0.5009765625 0.4326171875 0.0234375 0.0234375 
1 0.5810546875 0.27734375 0.021484375 0.021484375 
0 0.3310546875 0.296875 0.0234375 0.0234375 
0 0.353515625 0.25 0.0234375 0.0234375 
0 0.38671875 0.376953125 0.0234375 0.0234375 
0 0.4765625 0.619140625 0.0234375 0.0234375 
0 0.6171875 0.1181640625 0.021484375 0.021484375 
0 0.458984375 0.49609375 0.0234375 0.0234375 
0 0.4365234375 0.189453125 0.0234375 0.0234375 
0 0.5595703125 0.419921875 0.0234375 0.0234375 
1 0.5654296875 0.7568359375 0.0234375 0.0234375 
1 0.6171875 0.15625 0.021484375 0.021484375 
0 0.5380859375 0.884765625 0.021484375 0.021484375 
0 0.302734375 0.0517578125 0.0224609375 0.0224609375 
0 0.5546875 0.1748046875 0.021484375 0.021484375 
0 0.615234375 0.095703125 0.021484375 0.021484375 
1 0.4033203125 0.3193359375 0.0224609375 0.0224609375 
0 0.4775390625 0.4873046875 0.021484375 0.021484375 
1 0.6611328125 0.169921875 0.021484375 0.021484375 
0 0.4541015625 0.5244140625 0.0234375 0.0234375 
0 0.541015625 0.15234375 0.021484375 0.021484375 
0 0.5537109375 0.05078125 0.021484375 0.021484375 
0 0.578125 0.5498046875 0.021484375 0.021484375 
0 0.33984375 0.1708984375 0.0234375 0.0234375 
1 0.5625 0.0859375 0.021484375 0.021484375 
0 0.41015625 0.146484375 0.021484375 0.021484375 
1 0.5224609375 0.810546875 0.0234375 0.0234375 
0 0.3486328125 0.318359375 0.0234375 0.0234375 
0 0.3115234375 0.1171875 0.021484375 0.021484375 
0 0.4921875 0.390625 0.021484375 0.021484375 
0 0.5615234375 0.3037109375 0.021484375 0.021484375 
0 0.4326171875 0.095703125 0.021484375 0.021484375 
0 0.443359375 0.6513671875 0.021484375 0.021484375 
0 0.537109375 0.6396484375 0.021484375 0.021484375 
0 0.5380859375 0.080078125 0.021484375 0.021484375 
0 0.2841796875 0.0400390625 0.021484375 0.021484375 
1 0.57421875 0.1865234375 0.0224609375 0.0224609375 
1 0.3466796875 0.228515625 0.021484375 0.021484375 
1 0.4775390625 0.830078125 0.021484375 0.021484375 
0 0.552734375 0.595703125 0.021484375 0.021484375 
