0 0.560546875 0.248046875 0.021484375 0.021484375 
0 0.5908203125 0.40234375 0.021484375 0.021484375 
0 0.576171875 0.4072265625 0.0234375 0.0234375 
1 0.61328125 0.4208984375 0.0224609375 0.0224609375 
0 0.5791015625 0.6552734375 0.0224609375 0.0224609375 
0 0.2900390625 0.0703125 0.0234375 0.0234375 
0 0.53515625 0.6640625 0.021484375 0.021484375 
0 0.46484375 0.8779296875 0.0224609375 0.0224609375 
0 0.6767578125 0.10546875 0.0224609375 0.0224609375 
0 0.6591796875 0.1328125 0.021484375 0.021484375 
0 0.4404296875 0.7177734375 0.0224609375 0.0224609375 
0 0.572265625 0.431640625 0.021484375 0.021484375 
1 0.3623046875 0.08984375 0.021484375 0.021484375 
0 0.583984375 0.1201171875 0.0234375 0.0234375 
0 0.5732421875 0.4921875 0.0224609375 0.0224609375 
0 0.515625 0.4873046875 0.021484375 0.021484375 
0 0.4326171875 0.267578125 0.0234375 0.0234375 
0 0.443359375 0.447265625 0.021484375 0.021484375 
0 0.4912109375 0.8193359375 0.025390625 0.025390625 
0 0.5654296875 0.6748046875 0.021484375 0.021484375 
0 0.5380859375 0.7197265625 0.021484375 0.021484375 
0 0.5458984375 0.7919921875 0.0234375 0.0234375 
1 0.5146484375 0.7705078125 0.021484375 0.021484375 
0 0.5380859375 0.29296875 0.0234375 0.0234375 
0 0.5517578125 0.392578125 0.021484375 0.021484375 
0 0.5380859375 0.2021484375 0.0234375 0.0234375 
0 0.58984375 0.484375 0.021484375 0.021484375 
1 0.552734375 0.521484375 0.0224609375 0.0224609375 
0 0.541015625 0.150390625 0.021484375 0.021484375 
1 0.3505859375 0.33984375 0.021484375 0.021484375 
0 0.61328125 0.3369140625 0.0234375 0.0234375 
0 0.5859375 0.0322265625 0.0224609375 0.0224609375 
0 0.419921875 0.232421875 0.0234375 0.0234375 
0 0.7021484375 0.037109375 0.0234375 0.0234375 
0 0.6025390625 0.56640625 0.021484375 0.021484375 
1 0.548828125 0.3408203125 0.021484375 0.021484375 
0 0.33984375 0.3525390625 0.021484375 0.021484375 
0 0.57421875 0.353515625 0.0224609375 0.0224609375 
0 0.5927734375 0.4248046875 0.0234375 0.0234375 
0 0.443359375 0.591796875 0.021484375 0.021484375 
0 0.59765625 0.541015625 0.021484375 0.021484375 
1 0.3173828125 0.1767578125 0.021484375 0.021484375 
1 0.572265625 0.7275390625 0.021484375 0.021484375 
0 0.46484375 0.3291015625 0.0224609375 0.0224609375 
0 0.6044921875 0.2333984375 0.021484375 0.021484375 
0 0.43359375 0.6416015625 0.0234375 0.0234375 
0 0.3701171875 0.30859375 0.0224609375 0.0224609375 
1 0.5712890625 0.0791015625 0.021484375 0.021484375 
0 0.4423828125 0.2265625 0.021484375 0.021484375 
0 0.4765625 0.2958984375 0.021484375 0.021484375 
0 0.6533203125 0.2265625 0.0234375 0.0234375 
1 0.3876953125 0.484375 0.021484375 0.021484375 
0 0.5390625 0.533203125 0.0234375 0.0234375 
0 0.5185546875 0.455078125 0.0234375 0.0234375 
1 0.4208984375 0.6826171875 0.0224609375 0.0224609375 
0 0.6787109375 0.15234375 0.021484375 0.021484375 
0 0.50390625 0.37890625 0.021484375 0.021484375 
0 0.58984375 0.2578125 0.0234375 0.0234375 
0 0.48828125 0.234375 0.0234375 0.0234375 
1 0.46875 0.6904296875 0.0224609375 0.0224609375 
0 0.34375 0.3203125 0.0234375 0.0234375 
0 0.3779296875 0.2451171875 0.021484375 0.021484375 
0 0.3271484375 0.1982421875 0.021484375 0.021484375 
0 0.4599609375 0.8212890625 0.021484375 0.021484375 
0 0.58203125 0.19921875 0.0234375 0.0234375 
0 0.43359375 0.5595703125 0.021484375 0.021484375 
0 0.5283203125 0.34765625 0.0234375 0.0234375 
0 0.484375 0.869140625 0.0224609375 0.0224609375 
0 0.60546875 0.48828125 0.0234375 0.0234375 
0 0.51171875 0.1982421875 0.0224609375 0.0224609375 
1 0.5927734375 0.458984375 0.021484375 0.021484375 
0 0.3369140625 0.2197265625 0.0234375 0.0234375 
1 0.5771484375 0.296875 0.021484375 0.021484375 
1 0.50390625 0.2626953125 0.0224609375 0.0224609375 
0 0.439453125 0.73828125 0.0234375 0.0234375 
0 0.357421875 0.1630859375 0.0234375 0.0234375 
0 0.4970703125 0.1845703125 0.021484375 0.021484375 
0 0.48046875 0.60546875 0.0234375 0.0234375 
0 0.474609375 0.0595703125 0.021484375 0.021484375 
1 0.46875 0.2783203125 0.021484375 0.021484375 
0 0.5390625 0.6162109375 0.021484375 0.021484375 
1 0.4287109375 0.4013671875 0.0224609375 0.0224609375 
1 0.2919921875 0.03515625 0.021484375 0.021484375 
1 0.3798828125 0.1181640625 0.0224609375 0.0224609375 
0 0.5498046875 0.443359375 0.021484375 0.021484375 
1 0.4287109375 0.193359375 0.021484375 0.021484375 
0 0.6181640625 0.443359375 0.021484375 0.021484375 
1 0.431640625 0.5166015625 0.021484375 0.021484375 
0 0.544921875 0.7041015625 0.021484375 0.021484375 
0 0.4814453125 0.0849609375 0.021484375 0.021484375 
1 0.38671875 0.31640625 0.0224609375 0.0224609375 
0 0.505859375 0.662109375 0.0234375 0.0234375 
0 0.5126953125 0.716796875 0.0234375 0.0234375 
0 0.3837890625 0.376953125 0.021484375 0.021484375 
1 0.5625 0.654296875 0.021484375 0.021484375 
1 0.599609375 0.1416015625 0.0224609375 0.0224609375 
0 0.64453125 0.3505859375 0.0234375 0.0234375 
0 0.6015625 0.1005859375 0.0224609375 0.0224609375 
0 0.490234375 0.431640625 0.021484375 0.021484375 
0 0.3994140625 0.0927734375 0.021484375 0.021484375 
0 0.3388671875 0.064453125 0.0234375 0.0234375 
0 0.4150390625 0.6064453125 0.021484375 0.021484375 
0 0.4990234375 0.8486328125 0.0224609375 0.0224609375 
0 0.49609375 0.5078125 0.0224609375 0.0224609375 
0 0.5546875 0.4716796875 0.0234375 0.0234375 
1 0.642578125 0.1689453125 0.021484375 0.021484375 
1 0.4453125 0.068359375 0.021484375 0.021484375 
0 0.494140625 0.33203125 0.021484375 0.021484375 
0 0.51171875 0.7353515625 0.021484375 0.021484375 
1 0.6474609375 0.0703125 0.021484375 0.021484375 
0 0.529296875 0.1748046875 0.0234375 0.0234375 
0 0.5576171875 0.0986328125 0.0224609375 0.0224609375 
1 0.6435546875 0.046875 0.021484375 0.021484375 
1 0.6181640625 0.4033203125 0.021484375 0.021484375 
1 0.533203125 0.82421875 0.021484375 0.021484375 
0 0.50390625 0.759765625 0.0224609375 0.0224609375 
0 0.556640625 0.609375 0.0234375 0.0234375 
1 0.375 0.0517578125 0.0224609375 0.0224609375 
0 0.63671875 0.208984375 0.0224609375 0.0224609375 
0 0.650390625 0.3662109375 0.0234375 0.0234375 
0 0.6708984375 0.232421875 0.0234375 0.0234375 
0 0.4306640625 0.5439453125 0.021484375 0.021484375 
0 0.458984375 0.0947265625 0.021484375 0.021484375 
0 0.4052734375 0.03515625 0.0224609375 0.0224609375 
0 0.5263671875 0.38671875 0.021484375 0.021484375 
0 0.455078125 0.1171875 0.021484375 0.021484375 
0 0.5703125 0.3203125 0.021484375 0.021484375 
1 0.3525390625 0.2744140625 0.021484375 0.021484375 
