0 0.453125 0.50390625 0.021484375 0.021484375 
0 0.4130859375 0.2548828125 0.0234375 0.0234375 
0 0.46875 0.0703125 0.0224609375 0.0224609375 
0 0.4912109375 0.373046875 0.021484375 0.021484375 
0 0.6923828125 0.111328125 0.0234375 0.0234375 
0 0.4287109375 0.0732421875 0.0224609375 0.0224609375 
1 0.5595703125 0.728515625 0.021484375 0.021484375 
0 0.51953125 0.5595703125 0.021484375 0.021484375 
0 0.3310546875 0.0400390625 0.021484375 0.021484375 
0 0.6083984375 0.3828125 0.021484375 0.021484375 
0 0.35546875 0.2490234375 0.021484375 0.021484375 
0 0.4326171875 0.20703125 0.0224609375 0.0224609375 
0 0.5166015625 0.2109375 0.0234375 0.0234375 
0 0.43359375 0.3681640625 0.0234375 0.0234375 
0 0.5576171875 0.220703125 0.0234375 0.0234375 
0 0.484375 0.857421875 0.0234375 0.0234375 
0 0.3515625 0.0458984375 0.0234375 0.0234375 
0 0.3798828125 0.04296875 0.021484375 0.021484375 
0 0.607421875 0.4072265625 0.0234375 0.0234375 
0 0.2763671875 0.0419921875 0.021484375 0.021484375 
0 0.587890625 0.5869140625 0.0234375 0.0234375 
0 0.5771484375 0.3603515625 0.021484375 0.021484375 
0 0.447265625 0.2333984375 0.021484375 0.021484375 
0 0.400390625 0.0625 0.0234375 0.0234375 
1 0.5732421875 0.6630859375 0.0224609375 0.0224609375 
0 0.5673828125 0.2353515625 0.021484375 0.021484375 
0 0.4921875 0.046875 0.021484375 0.021484375 
1 0.302734375 0.0634765625 0.0224609375 0.0224609375 
0 0.431640625 0.576171875 0.021484375 0.021484375 
0 0.435546875 0.669921875 0.021484375 0.021484375 
1 0.482421875 0.5224609375 0.0224609375 0.0224609375 
0 0.505859375 0.2890625 0.0234375 0.0234375 
0 0.4248046875 0.6064453125 0.021484375 0.021484375 
0 0.373046875 0.306640625 0.0234375 0.0234375 
0 0.48828125 0.45703125 0.021484375 0.021484375 
0 0.4892578125 0.154296875 0.0224609375 0.0224609375 
0 0.4775390625 0.1318359375 0.0234375 0.0234375 
0 0.6953125 0.1533203125 0.021484375 0.021484375 
0 0.58984375 0.44921875 0.0234375 0.0234375 
0 0.5673828125 0.1220703125 0.021484375 0.021484375 
0 0.3154296875 0.2001953125 0.0234375 0.0234375 
0 0.3916015625 0.3505859375 0.021484375 0.021484375 
0 0.494140625 0.7939453125 0.01953125 0.01953125 
0 0.423828125 0.546875 0.0224609375 0.0224609375 
1 0.5224609375 0.400390625 0.0224609375 0.0224609375 
0 0.3544921875 0.2724609375 0.021484375 0.021484375 
0 0.322265625 0.158203125 0.021484375 0.021484375 
0 0.63671875 0.2314453125 0.021484375 0.021484375 
1 0.5068359375 0.755859375 0.0234375 0.0234375 
0 0.3955078125 0.2978515625 0.021484375 0.021484375 
0 0.5390625 0.234375 0.0234375 0.0234375 
0 0.2919921875 0.03515625 0.0234375 0.0234375 
0 0.4599609375 0.1943359375 0.0234375 0.0234375 
0 0.4384765625 0.1533203125 0.021484375 0.021484375 
0 0.43359375 0.263671875 0.021484375 0.021484375 
0 0.5205078125 0.64453125 0.0234375 0.0234375 
0 0.4736328125 0.6396484375 0.0234375 0.0234375 
0 0.556640625 0.3515625 0.0234375 0.0234375 
1 0.5390625 0.3818359375 0.021484375 0.021484375 
0 0.419921875 0.146484375 0.0234375 0.0234375 
1 0.431640625 0.6435546875 0.021484375 0.021484375 
0 0.4599609375 0.4091796875 0.021484375 0.021484375 
1 0.279296875 0.0732421875 0.021484375 0.021484375 
0 0.32421875 0.25390625 0.021484375 0.021484375 
0 0.61328125 0.0654296875 0.0234375 0.0234375 
0 0.55859375 0.78125 0.021484375 0.021484375 
0 0.4873046875 0.6123046875 0.0234375 0.0234375 
0 0.5771484375 0.205078125 0.021484375 0.021484375 
1 0.5078125 0.1796875 0.021484375 0.021484375 
0 0.328125 0.2138671875 0.021484375 0.021484375 
0 0.6025390625 0.330078125 0.0224609375 0.0224609375 
0 0.4794921875 0.7880859375 0.0224609375 0.0224609375 
0 0.4697265625 0.865234375 0.0224609375 0.0224609375 
0 0.4091796875 0.576171875 0.021484375 0.021484375 
0 0.41796875 0.51171875 0.021484375 0.021484375 
1 0.4912109375 0.880859375 0.021484375 0.021484375 
0 0.4541015625 0.5498046875 0.021484375 0.021484375 
1 0.52734375 0.6767578125 0.021484375 0.021484375 
0 0.4443359375 0.3203125 0.021484375 0.021484375 
1 0.4814453125 0.25 0.021484375 0.021484375 
0 0.544921875 0.2666015625 0.021484375 0.021484375 
0 0.5029296875 0.509765625 0.0234375 0.0234375 
1 0.4072265625 0.404296875 0.0224609375 0.0224609375 
0 0.3603515625 0.130859375 0.021484375 0.021484375 
0 0.521484375 0.078125 0.021484375 0.021484375 
0 0.451171875 0.439453125 0.021484375 0.021484375 
0 0.55859375 0.087890625 0.021484375 0.021484375 
0 0.59375 0.17578125 0.021484375 0.021484375 
1 0.3076171875 0.2177734375 0.021484375 0.021484375 
0 0.4990234375 0.3935546875 0.0234375 0.0234375 
0 0.515625 0.0625 0.021484375 0.021484375 
1 0.486328125 0.48828125 0.0224609375 0.0224609375 
1 0.4453125 0.279296875 0.0224609375 0.0224609375 
0 0.4345703125 0.5087890625 0.021484375 0.021484375 
0 0.4208984375 0.3408203125 0.021484375 0.021484375 
0 0.453125 0.3818359375 0.021484375 0.021484375 
0 0.365234375 0.216796875 0.0234375 0.0234375 
0 0.4716796875 0.1005859375 0.0234375 0.0234375 
0 0.5966796875 0.283203125 0.0234375 0.0234375 
1 0.4521484375 0.259765625 0.0224609375 0.0224609375 
0 0.48046875 0.3271484375 0.021484375 0.021484375 
0 0.6279296875 0.080078125 0.021484375 0.021484375 
1 0.572265625 0.15625 0.021484375 0.021484375 
0 0.513671875 0.892578125 0.0234375 0.0234375 
1 0.6015625 0.0419921875 0.021484375 0.021484375 
0 0.396484375 0.1279296875 0.021484375 0.021484375 
1 0.5732421875 0.103515625 0.0224609375 0.0224609375 
0 0.501953125 0.6083984375 0.021484375 0.021484375 
1 0.5498046875 0.7158203125 0.021484375 0.021484375 
0 0.5087890625 0.423828125 0.021484375 0.021484375 
0 0.689453125 0.1259765625 0.0234375 0.0234375 
0 0.5078125 0.6796875 0.021484375 0.021484375 
1 0.6494140625 0.28515625 0.0224609375 0.0224609375 
0 0.40625 0.1611328125 0.021484375 0.021484375 
0 0.3125 0.044921875 0.0234375 0.0234375 
1 0.4775390625 0.3974609375 0.021484375 0.021484375 
0 0.4541015625 0.6376953125 0.021484375 0.021484375 
0 0.5771484375 0.6259765625 0.021484375 0.021484375 
0 0.5498046875 0.4765625 0.021484375 0.021484375 
1 0.505859375 0.529296875 0.0224609375 0.0224609375 
1 0.5859375 0.1435546875 0.0224609375 0.0224609375 
1 0.5908203125 0.376953125 0.0224609375 0.0224609375 
0 0.63671875 0.302734375 0.021484375 0.021484375 
1 0.48828125 0.5693359375 0.0224609375 0.0224609375 
0 0.529296875 0.783203125 0.025390625 0.025390625 
0 0.5703125 0.505859375 0.021484375 0.021484375 
0 0.501953125 0.6953125 0.021484375 0.021484375 
0 0.6064453125 0.314453125 0.0234375 0.0234375 
0 0.40625 0.447265625 0.021484375 0.021484375 
0 0.3828125 0.103515625 0.0224609375 0.0224609375 
1 0.6298828125 0.1611328125 0.021484375 0.021484375 
1 0.544921875 0.5234375 0.021484375 0.021484375 
0 0.4833984375 0.033203125 0.021484375 0.021484375 
0 0.4443359375 0.0908203125 0.0224609375 0.0224609375 
1 0.6640625 0.21484375 0.021484375 0.021484375 
0 0.56640625 0.5810546875 0.0224609375 0.0224609375 
0 0.525390625 0.8134765625 0.01953125 0.01953125 
0 0.6533203125 0.17578125 0.0234375 0.0234375 
0 0.4326171875 0.625 0.021484375 0.021484375 
1 0.6337890625 0.3427734375 0.021484375 0.021484375 
0 0.5576171875 0.16796875 0.0234375 0.0234375 
0 0.4814453125 0.8037109375 0.01953125 0.01953125 
0 0.61328125 0.1416015625 0.021484375 0.021484375 
0 0.6640625 0.1513671875 0.0234375 0.0234375 
1 0.4912109375 0.2958984375 0.021484375 0.021484375 
0 0.6064453125 0.1630859375 0.021484375 0.021484375 
0 0.44921875 0.0576171875 0.021484375 0.021484375 
0 0.5078125 0.8203125 0.01953125 0.01953125 
0 0.564453125 0.75390625 0.01953125 0.01953125 
0 0.4482421875 0.0380859375 0.021484375 0.021484375 
0 0.361328125 0.3447265625 0.021484375 0.021484375 
0 0.70703125 0.0849609375 0.021484375 0.021484375 
0 0.52734375 0.4189453125 0.021484375 0.021484375 
1 0.546875 0.791015625 0.0234375 0.0234375 
0 0.591796875 0.353515625 0.021484375 0.021484375 
0 0.548828125 0.5458984375 0.0224609375 0.0224609375 
1 0.4130859375 0.3232421875 0.0224609375 0.0224609375 
0 0.5341796875 0.2861328125 0.021484375 0.021484375 
0 0.326171875 0.1865234375 0.0224609375 0.0224609375 
0 0.41796875 0.666015625 0.021484375 0.021484375 
1 0.6025390625 0.265625 0.021484375 0.021484375 
0 0.6474609375 0.1298828125 0.021484375 0.021484375 
0 0.3525390625 0.3955078125 0.0224609375 0.0224609375 
1 0.416015625 0.48828125 0.0224609375 0.0224609375 
0 0.7138671875 0.0537109375 0.0224609375 0.0224609375 
0 0.458984375 0.6982421875 0.021484375 0.021484375 
1 0.3701171875 0.3310546875 0.021484375 0.021484375 
0 0.5869140625 0.51171875 0.021484375 0.021484375 
0 0.3984375 0.0390625 0.0234375 0.0234375 
0 0.5419921875 0.0634765625 0.021484375 0.021484375 
0 0.56640625 0.47265625 0.021484375 0.021484375 
0 0.494140625 0.310546875 0.021484375 0.021484375 
0 0.64453125 0.09765625 0.021484375 0.021484375 
0 0.521484375 0.25390625 0.0224609375 0.0224609375 
1 0.4619140625 0.53125 0.0224609375 0.0224609375 
0 0.5546875 0.3662109375 0.021484375 0.021484375 
0 0.5810546875 0.52734375 0.021484375 0.021484375 
0 0.615234375 0.4775390625 0.021484375 0.021484375 
0 0.4619140625 0.5625 0.021484375 0.021484375 
0 0.3662109375 0.40625 0.0234375 0.0234375 
0 0.349609375 0.333984375 0.021484375 0.021484375 
0 0.44921875 0.6591796875 0.0224609375 0.0224609375 
0 0.4951171875 0.2587890625 0.021484375 0.021484375 
0 0.4658203125 0.4599609375 0.021484375 0.021484375 
0 0.46875 0.158203125 0.0234375 0.0234375 
1 0.6640625 0.19140625 0.021484375 0.021484375 
0 0.634765625 0.25 0.0224609375 0.0224609375 
1 0.390625 0.4560546875 0.0224609375 0.0224609375 
