0 0.501953125 0.740234375 0.0234375 0.0234375 
0 0.626953125 0.0458984375 0.021484375 0.021484375 
0 0.3349609375 0.1435546875 0.021484375 0.021484375 
0 0.67578125 0.0849609375 0.0234375 0.0234375 
1 0.6513671875 0.1455078125 0.021484375 0.021484375 
0 0.587890625 0.2890625 0.021484375 0.021484375 
1 0.5 0.6318359375 0.021484375 0.021484375 
0 0.62890625 0.29296875 0.0234375 0.0234375 
0 0.3447265625 0.2783203125 0.021484375 0.021484375 
1 0.56640625 0.6171875 0.021484375 0.021484375 
1 0.31640625 0.154296875 0.021484375 0.021484375 
0 0.5615234375 0.037109375 0.021484375 0.021484375 
0 0.4482421875 0.552734375 0.0234375 0.0234375 
0 0.669921875 0.0703125 0.021484375 0.021484375 
0 0.306640625 0.0537109375 0.021484375 0.021484375 
0 0.5205078125 0.7841796875 0.0234375 0.0234375 
1 0.6806640625 0.0478515625 0.0224609375 0.0224609375 
0 0.6279296875 0.09765625 0.0234375 0.0234375 
0 0.41796875 0.30078125 0.021484375 0.021484375 
1 0.5927734375 0.4150390625 0.021484375 0.021484375 
0 0.505859375 0.8671875 0.0224609375 0.0224609375 
0 0.42578125 0.68359375 0.0224609375 0.0224609375 
0 0.31640625 0.1015625 0.0234375 0.0234375 
1 0.60546875 0.40234375 0.021484375 0.021484375 
1 0.466796875 0.3994140625 0.021484375 0.021484375 
1 0.5537109375 0.7529296875 0.0234375 0.0234375 
0 0.580078125 0.65234375 0.021484375 0.021484375 
0 0.462890625 0.578125 0.021484375 0.021484375 
0 0.2802734375 0.0478515625 0.021484375 0.021484375 
0 0.5830078125 0.478515625 0.021484375 0.021484375 
0 0.5078125 0.2353515625 0.021484375 0.021484375 
0 0.4541015625 0.79296875 0.01953125 0.01953125 
0 0.6103515625 0.1875 0.0234375 0.0234375 
0 0.533203125 0.35546875 0.0234375 0.0234375 
0 0.55078125 0.1748046875 0.0224609375 0.0224609375 
0 0.3466796875 0.0478515625 0.021484375 0.021484375 
0 0.5615234375 0.5908203125 0.0234375 0.0234375 
0 0.5224609375 0.322265625 0.021484375 0.021484375 
0 0.3828125 0.4130859375 0.0234375 0.0234375 
0 0.333984375 0.259765625 0.021484375 0.021484375 
0 0.501953125 0.466796875 0.021484375 0.021484375 
0 0.6064453125 0.1083984375 0.021484375 0.021484375 
1 0.5634765625 0.08984375 0.0224609375 0.0224609375 
0 0.546875 0.4931640625 0.021484375 0.021484375 
0 0.5390625 0.091796875 0.0234375 0.0234375 
0 0.412109375 0.6484375 0.021484375 0.021484375 
1 0.3837890625 0.3671875 0.021484375 0.021484375 
1 0.7060546875 0.0361328125 0.0224609375 0.0224609375 
0 0.62109375 0.4228515625 0.021484375 0.021484375 
0 0.4462890625 0.4375 0.0224609375 0.0224609375 
0 0.47265625 0.6279296875 0.021484375 0.021484375 
0 0.5888671875 0.2353515625 0.0234375 0.0234375 
1 0.533203125 0.03515625 0.0224609375 0.0224609375 
0 0.40625 0.4248046875 0.0224609375 0.0224609375 
0 0.40625 0.1259765625 0.021484375 0.021484375 
0 0.5595703125 0.4267578125 0.021484375 0.021484375 
0 0.4208984375 0.08203125 0.0234375 0.0234375 
0 0.3525390625 0.1484375 0.021484375 0.021484375 
0 0.546875 0.57421875 0.0234375 0.0234375 
0 0.4833984375 0.3740234375 0.021484375 0.021484375 
1 0.515625 0.8427734375 0.021484375 0.021484375 
0 0.4775390625 0.3291015625 0.0224609375 0.0224609375 
0 0.49609375 0.517578125 0.0224609375 0.0224609375 
0 0.5810546875 0.0693359375 0.0234375 0.0234375 
0 0.5771484375 0.2607421875 0.0234375 0.0234375 
0 0.322265625 0.169921875 0.0224609375 0.0224609375 
0 0.35546875 0.4228515625 0.0234375 0.0234375 
0 0.5947265625 0.544921875 0.021484375 0.021484375 
0 0.515625 0.1142578125 0.0234375 0.0234375 
0 0.447265625 0.33984375 0.0224609375 0.0224609375 
0 0.4560546875 0.7255859375 0.021484375 0.021484375 
0 0.69140625 0.1650390625 0.021484375 0.021484375 
0 0.3759765625 0.078125 0.021484375 0.021484375 
0 0.369140625 0.3154296875 0.021484375 0.021484375 
0 0.5078125 0.2958984375 0.021484375 0.021484375 
1 0.490234375 0.4013671875 0.021484375 0.021484375 
0 0.3740234375 0.2333984375 0.021484375 0.021484375 
0 0.3935546875 0.328125 0.0234375 0.0234375 
0 0.474609375 0.3564453125 0.0234375 0.0234375 
1 0.5537109375 0.79296875 0.021484375 0.021484375 
0 0.5810546875 0.1748046875 0.021484375 0.021484375 
0 0.357421875 0.07421875 0.0234375 0.0234375 
0 0.6279296875 0.4033203125 0.021484375 0.021484375 
0 0.5712890625 0.6943359375 0.021484375 0.021484375 
0 0.5029296875 0.7666015625 0.01953125 0.01953125 
0 0.65234375 0.0771484375 0.021484375 0.021484375 
1 0.6484375 0.2841796875 0.021484375 0.021484375 
0 0.634765625 0.431640625 0.0234375 0.0234375 
0 0.3701171875 0.3388671875 0.0234375 0.0234375 
0 0.4609375 0.8193359375 0.025390625 0.025390625 
0 0.4755859375 0.83984375 0.0224609375 0.0224609375 
1 0.5068359375 0.53515625 0.021484375 0.021484375 
0 0.5712890625 0.2255859375 0.021484375 0.021484375 
0 0.443359375 0.5927734375 0.021484375 0.021484375 
0 0.5380859375 0.39453125 0.021484375 0.021484375 
0 0.4677734375 0.2861328125 0.021484375 0.021484375 
1 0.5546875 0.7138671875 0.0224609375 0.0224609375 
0 0.435546875 0.7548828125 0.0224609375 0.0224609375 
0 0.6396484375 0.1357421875 0.021484375 0.021484375 
0 0.439453125 0.0927734375 0.0234375 0.0234375 
0 0.484375 0.8583984375 0.0234375 0.0234375 
0 0.4580078125 0.3583984375 0.0224609375 0.0224609375 
0 0.4794921875 0.2373046875 0.0224609375 0.0224609375 
1 0.521484375 0.7275390625 0.021484375 0.021484375 
0 0.3984375 0.099609375 0.021484375 0.021484375 
0 0.4462890625 0.419921875 0.021484375 0.021484375 
0 0.3701171875 0.482421875 0.0234375 0.0234375 
0 0.453125 0.5009765625 0.021484375 0.021484375 
1 0.6640625 0.2958984375 0.0224609375 0.0224609375 
1 0.4697265625 0.166015625 0.021484375 0.021484375 
0 0.4580078125 0.1875 0.021484375 0.021484375 
0 0.65234375 0.1025390625 0.021484375 0.021484375 
0 0.375 0.251953125 0.021484375 0.021484375 
0 0.5322265625 0.2861328125 0.0224609375 0.0224609375 
0 0.40234375 0.599609375 0.021484375 0.021484375 
1 0.4111328125 0.318359375 0.021484375 0.021484375 
0 0.693359375 0.05859375 0.021484375 0.021484375 
0 0.4033203125 0.388671875 0.0234375 0.0234375 
0 0.31640625 0.123046875 0.0224609375 0.0224609375 
1 0.5615234375 0.140625 0.021484375 0.021484375 
0 0.548828125 0.6630859375 0.0234375 0.0234375 
0 0.4345703125 0.14453125 0.0234375 0.0234375 
0 0.404296875 0.150390625 0.0234375 0.0234375 
0 0.3388671875 0.076171875 0.021484375 0.021484375 
1 0.4130859375 0.35546875 0.021484375 0.021484375 
1 0.2822265625 0.0791015625 0.021484375 0.021484375 
0 0.638671875 0.3359375 0.0234375 0.0234375 
0 0.3720703125 0.208984375 0.021484375 0.021484375 
1 0.5400390625 0.806640625 0.021484375 0.021484375 
0 0.61328125 0.2978515625 0.0234375 0.0234375 
0 0.58984375 0.6318359375 0.0224609375 0.0224609375 
0 0.4833984375 0.6865234375 0.0234375 0.0234375 
0 0.4931640625 0.1142578125 0.0224609375 0.0224609375 
0 0.408203125 0.5009765625 0.0234375 0.0234375 
0 0.458984375 0.208984375 0.0234375 0.0234375 
0 0.5419921875 0.4267578125 0.021484375 0.021484375 
0 0.515625 0.4833984375 0.0234375 0.0234375 
0 0.490234375 0.1474609375 0.0234375 0.0234375 
0 0.4296875 0.53125 0.0234375 0.0234375 
0 0.4736328125 0.0537109375 0.021484375 0.021484375 
0 0.5615234375 0.29296875 0.021484375 0.021484375 
0 0.39453125 0.171875 0.021484375 0.021484375 
1 0.48046875 0.4814453125 0.0224609375 0.0224609375 
0 0.41015625 0.5712890625 0.021484375 0.021484375 
0 0.443359375 0.2236328125 0.0234375 0.0234375 
1 0.4775390625 0.759765625 0.0234375 0.0234375 
0 0.3701171875 0.1669921875 0.0224609375 0.0224609375 
0 0.4365234375 0.77734375 0.0224609375 0.0224609375 
0 0.6826171875 0.1884765625 0.0234375 0.0234375 
1 0.5263671875 0.0732421875 0.021484375 0.021484375 
0 0.6123046875 0.0419921875 0.021484375 0.021484375 
0 0.69140625 0.1015625 0.021484375 0.021484375 
1 0.6494140625 0.30078125 0.021484375 0.021484375 
0 0.310546875 0.18359375 0.021484375 0.021484375 
0 0.685546875 0.033203125 0.0234375 0.0234375 
0 0.5908203125 0.126953125 0.0234375 0.0234375 
0 0.4716796875 0.2509765625 0.0234375 0.0234375 
1 0.6962890625 0.119140625 0.021484375 0.021484375 
1 0.46484375 0.0703125 0.0224609375 0.0224609375 
0 0.546875 0.294921875 0.0224609375 0.0224609375 
0 0.3193359375 0.07421875 0.0234375 0.0234375 
0 0.3837890625 0.306640625 0.0234375 0.0234375 
0 0.5986328125 0.4384765625 0.0234375 0.0234375 
1 0.3798828125 0.458984375 0.0224609375 0.0224609375 
1 0.6455078125 0.2509765625 0.0224609375 0.0224609375 
0 0.3564453125 0.3232421875 0.0234375 0.0234375 
0 0.5859375 0.5888671875 0.021484375 0.021484375 
0 0.4404296875 0.044921875 0.0234375 0.0234375 
0 0.591796875 0.162109375 0.0234375 0.0234375 
0 0.5546875 0.771484375 0.01953125 0.01953125 
1 0.58203125 0.68359375 0.0224609375 0.0224609375 
1 0.58984375 0.5693359375 0.0224609375 0.0224609375 
0 0.5146484375 0.6220703125 0.021484375 0.021484375 
0 0.5234375 0.6640625 0.0234375 0.0234375 
0 0.595703125 0.1904296875 0.0234375 0.0234375 
0 0.3017578125 0.0361328125 0.0234375 0.0234375 
0 0.40625 0.0361328125 0.0234375 0.0234375 
0 0.5380859375 0.2099609375 0.021484375 0.021484375 
0 0.490234375 0.30078125 0.0234375 0.0234375 
0 0.4658203125 0.53125 0.0234375 0.0234375 
0 0.451171875 0.2861328125 0.021484375 0.021484375 
0 0.7177734375 0.0517578125 0.021484375 0.021484375 
0 0.505859375 0.259765625 0.0234375 0.0234375 
0 0.34765625 0.09765625 0.0224609375 0.0224609375 
0 0.5 0.3359375 0.021484375 0.021484375 
0 0.326171875 0.0556640625 0.021484375 0.021484375 
0 0.54296875 0.640625 0.021484375 0.021484375 
0 0.5048828125 0.27734375 0.021484375 0.021484375 
0 0.5537109375 0.1103515625 0.0234375 0.0234375 
0 0.482421875 0.1318359375 0.0224609375 0.0224609375 
0 0.5888671875 0.51953125 0.021484375 0.021484375 
0 0.5517578125 0.2646484375 0.0234375 0.0234375 
0 0.5859375 0.2041015625 0.021484375 0.021484375 
1 0.62890625 0.169921875 0.021484375 0.021484375 
0 0.611328125 0.4736328125 0.021484375 0.021484375 
0 0.4267578125 0.42578125 0.021484375 0.021484375 
0 0.3583984375 0.11328125 0.0224609375 0.0224609375 
