1 0.3134765625 0.1806640625 0.021484375 0.021484375 
0 0.572265625 0.404296875 0.021484375 0.021484375 
1 0.5244140625 0.6708984375 0.021484375 0.021484375 
0 0.443359375 0.6796875 0.021484375 0.021484375 
0 0.484375 0.6796875 0.021484375 0.021484375 
0 0.60546875 0.2705078125 0.021484375 0.021484375 
1 0.4541015625 0.5078125 0.021484375 0.021484375 
0 0.5029296875 0.0400390625 0.021484375 0.021484375 
0 0.47265625 0.57421875 0.0234375 0.0234375 
0 0.52734375 0.2353515625 0.021484375 0.021484375 
0 0.3525390625 0.1474609375 0.021484375 0.021484375 
0 0.4248046875 0.62109375 0.0234375 0.0234375 
1 0.3271484375 0.05859375 0.021484375 0.021484375 
0 0.4501953125 0.2099609375 0.0234375 0.0234375 
0 0.2919921875 0.1484375 0.0234375 0.0234375 
0 0.6318359375 0.1650390625 0.0224609375 0.0224609375 
0 0.37890625 0.4365234375 0.0234375 0.0234375 
1 0.501953125 0.568359375 0.021484375 0.021484375 
0 0.5009765625 0.44140625 0.0224609375 0.0224609375 
0 0.6083984375 0.09765625 0.021484375 0.021484375 
1 0.5615234375 0.7119140625 0.0224609375 0.0224609375 
0 0.6435546875 0.0986328125 0.0234375 0.0234375 
1 0.5068359375 0.5 0.021484375 0.021484375 
0 0.3857421875 0.5400390625 0.021484375 0.021484375 
0 0.572265625 0.2958984375 0.021484375 0.021484375 
0 0.3701171875 0.04296875 0.021484375 0.021484375 
0 0.6142578125 0.115234375 0.021484375 0.021484375 
0 0.546875 0.3359375 0.021484375 0.021484375 
1 0.3896484375 0.3447265625 0.0224609375 0.0224609375 
0 0.5078125 0.1591796875 0.0234375 0.0234375 
0 0.5263671875 0.37109375 0.0234375 0.0234375 
0 0.626953125 0.3154296875 0.021484375 0.021484375 
0 0.4609375 0.646484375 0.0234375 0.0234375 
1 0.5224609375 0.0751953125 0.0224609375 0.0224609375 
0 0.4306640625 0.052734375 0.0234375 0.0234375 
0 0.486328125 0.138671875 0.0234375 0.0234375 
0 0.3994140625 0.056640625 0.021484375 0.021484375 
0 0.42578125 0.181640625 0.0234375 0.0234375 
0 0.3984375 0.2421875 0.0234375 0.0234375 
0 0.6689453125 0.2177734375 0.0224609375 0.0224609375 
0 0.6015625 0.4736328125 0.021484375 0.021484375 
0 0.283203125 0.0439453125 0.0234375 0.0234375 
1 0.470703125 0.2109375 0.0224609375 0.0224609375 
0 0.5244140625 0.0478515625 0.021484375 0.021484375 
0 0.669921875 0.1484375 0.0234375 0.0234375 
0 0.4013671875 0.4296875 0.021484375 0.021484375 
0 0.7060546875 0.08984375 0.021484375 0.021484375 
1 0.5771484375 0.6640625 0.0224609375 0.0224609375 
0 0.3720703125 0.39453125 0.021484375 0.021484375 
1 0.455078125 0.4609375 0.021484375 0.021484375 
0 0.5615234375 0.630859375 0.021484375 0.021484375 
0 0.39453125 0.03125 0.0234375 0.0234375 
1 0.326171875 0.0341796875 0.021484375 0.021484375 
0 0.6279296875 0.2646484375 0.021484375 0.021484375 
0 0.5693359375 0.181640625 0.0234375 0.0234375 
0 0.4130859375 0.1376953125 0.0234375 0.0234375 
0 0.5556640625 0.568359375 0.021484375 0.021484375 
1 0.474609375 0.6552734375 0.021484375 0.021484375 
0 0.5263671875 0.2001953125 0.021484375 0.021484375 
0 0.4541015625 0.7939453125 0.025390625 0.025390625 
0 0.28515625 0.0693359375 0.021484375 0.021484375 
1 0.4580078125 0.4326171875 0.0224609375 0.0224609375 
1 0.61328125 0.43359375 0.0224609375 0.0224609375 
1 0.595703125 0.0361328125 0.021484375 0.021484375 
0 0.3701171875 0.142578125 0.021484375 0.021484375 
0 0.4296875 0.365234375 0.021484375 0.021484375 
0 0.4560546875 0.3349609375 0.021484375 0.021484375 
1 0.5380859375 0.6904296875 0.0224609375 0.0224609375 
0 0.3681640625 0.412109375 0.021484375 0.021484375 
0 0.474609375 0.591796875 0.0234375 0.0234375 
0 0.4599609375 0.0849609375 0.0234375 0.0234375 
0 0.568359375 0.1083984375 0.0234375 0.0234375 
0 0.494140625 0.11328125 0.021484375 0.021484375 
0 0.4169921875 0.2724609375 0.021484375 0.021484375 
1 0.6513671875 0.03125 0.0224609375 0.0224609375 
0 0.40234375 0.201171875 0.021484375 0.021484375 
0 0.6005859375 0.1484375 0.0224609375 0.0224609375 
0 0.4521484375 0.3642578125 0.0234375 0.0234375 
1 0.4873046875 0.0654296875 0.021484375 0.021484375 
0 0.6044921875 0.3447265625 0.021484375 0.021484375 
0 0.484375 0.30078125 0.021484375 0.021484375 
0 0.58984375 0.359375 0.021484375 0.021484375 
0 0.3662109375 0.3037109375 0.0234375 0.0234375 
0 0.29296875 0.1201171875 0.0234375 0.0234375 
0 0.4248046875 0.380859375 0.021484375 0.021484375 
0 0.5537109375 0.390625 0.021484375 0.021484375 
1 0.568359375 0.5341796875 0.021484375 0.021484375 
1 0.310546875 0.21484375 0.021484375 0.021484375 
0 0.3193359375 0.130859375 0.021484375 0.021484375 
0 0.3935546875 0.1865234375 0.021484375 0.021484375 
0 0.4052734375 0.5029296875 0.0234375 0.0234375 
0 0.3828125 0.2470703125 0.021484375 0.021484375 
0 0.41796875 0.224609375 0.021484375 0.021484375 
1 0.4638671875 0.111328125 0.021484375 0.021484375 
0 0.548828125 0.537109375 0.0234375 0.0234375 
0 0.38671875 0.4111328125 0.021484375 0.021484375 
0 0.41796875 0.25 0.021484375 0.021484375 
0 0.50390625 0.7939453125 0.01953125 0.01953125 
0 0.65625 0.2841796875 0.0234375 0.0234375 
