0 0.419921875 0.36328125 0.0234375 0.0234375 
0 0.4677734375 0.4619140625 0.021484375 0.021484375 
0 0.57421875 0.6923828125 0.021484375 0.021484375 
0 0.345703125 0.2578125 0.0224609375 0.0224609375 
0 0.5595703125 0.2734375 0.021484375 0.021484375 
1 0.6083984375 0.53125 0.021484375 0.021484375 
1 0.529296875 0.228515625 0.0224609375 0.0224609375 
1 0.4853515625 0.8623046875 0.0234375 0.0234375 
0 0.3974609375 0.279296875 0.0234375 0.0234375 
0 0.4287109375 0.66015625 0.0234375 0.0234375 
0 0.46484375 0.8955078125 0.021484375 0.021484375 
0 0.625 0.33984375 0.021484375 0.021484375 
0 0.4658203125 0.203125 0.021484375 0.021484375 
0 0.5859375 0.408203125 0.0234375 0.0234375 
0 0.2978515625 0.1533203125 0.0234375 0.0234375 
1 0.6572265625 0.24609375 0.0224609375 0.0224609375 
0 0.5009765625 0.755859375 0.0224609375 0.0224609375 
1 0.4736328125 0.091796875 0.0224609375 0.0224609375 
0 0.482421875 0.111328125 0.0234375 0.0234375 
0 0.4619140625 0.4404296875 0.021484375 0.021484375 
0 0.578125 0.189453125 0.0224609375 0.0224609375 
1 0.3544921875 0.404296875 0.0224609375 0.0224609375 
0 0.5576171875 0.0361328125 0.0234375 0.0234375 
1 0.4462890625 0.0537109375 0.021484375 0.021484375 
0 0.5888671875 0.4375 0.021484375 0.021484375 
0 0.5830078125 0.4912109375 0.021484375 0.021484375 
1 0.599609375 0.57421875 0.0224609375 0.0224609375 
0 0.3916015625 0.2119140625 0.0234375 0.0234375 
0 0.47265625 0.2412109375 0.021484375 0.021484375 
0 0.486328125 0.451171875 0.0234375 0.0234375 
0 0.515625 0.4013671875 0.021484375 0.021484375 
1 0.5810546875 0.1083984375 0.021484375 0.021484375 
0 0.49609375 0.6552734375 0.0234375 0.0234375 
1 0.427734375 0.572265625 0.0224609375 0.0224609375 
0 0.5927734375 0.185546875 0.021484375 0.021484375 
0 0.412109375 0.419921875 0.021484375 0.021484375 
1 0.5185546875 0.6494140625 0.0224609375 0.0224609375 
1 0.498046875 0.5078125 0.0224609375 0.0224609375 
1 0.4892578125 0.4228515625 0.021484375 0.021484375 
1 0.515625 0.0654296875 0.021484375 0.021484375 
0 0.6376953125 0.068359375 0.0234375 0.0234375 
0 0.439453125 0.181640625 0.021484375 0.021484375 
0 0.4736328125 0.626953125 0.021484375 0.021484375 
0 0.455078125 0.8515625 0.01953125 0.01953125 
0 0.3525390625 0.3486328125 0.021484375 0.021484375 
1 0.46875 0.5888671875 0.021484375 0.021484375 
0 0.5107421875 0.6943359375 0.0234375 0.0234375 
0 0.60546875 0.3349609375 0.0224609375 0.0224609375 
0 0.57421875 0.056640625 0.021484375 0.021484375 
0 0.515625 0.4931640625 0.021484375 0.021484375 
1 0.4736328125 0.134765625 0.021484375 0.021484375 
0 0.5009765625 0.896484375 0.025390625 0.025390625 
0 0.5478515625 0.806640625 0.0224609375 0.0224609375 
0 0.595703125 0.3896484375 0.021484375 0.021484375 
0 0.39453125 0.4501953125 0.021484375 0.021484375 
0 0.4736328125 0.6630859375 0.0234375 0.0234375 
0 0.5634765625 0.0703125 0.021484375 0.021484375 
0 0.6337890625 0.267578125 0.021484375 0.021484375 
0 0.455078125 0.21484375 0.0234375 0.0234375 
0 0.41015625 0.0947265625 0.0234375 0.0234375 
0 0.3994140625 0.0615234375 0.021484375 0.021484375 
0 0.52734375 0.595703125 0.0224609375 0.0224609375 
0 0.298828125 0.0712890625 0.0234375 0.0234375 
0 0.6123046875 0.181640625 0.0234375 0.0234375 
0 0.5068359375 0.8369140625 0.021484375 0.021484375 
0 0.4208984375 0.11328125 0.021484375 0.021484375 
0 0.337890625 0.23828125 0.021484375 0.021484375 
0 0.630859375 0.357421875 0.0234375 0.0234375 
0 0.646484375 0.3837890625 0.021484375 0.021484375 
0 0.4140625 0.6513671875 0.021484375 0.021484375 
0 0.5361328125 0.71875 0.0234375 0.0234375 
1 0.5556640625 0.2919921875 0.021484375 0.021484375 
1 0.4267578125 0.45703125 0.021484375 0.021484375 
1 0.5400390625 0.37890625 0.021484375 0.021484375 
0 0.55078125 0.119140625 0.021484375 0.021484375 
1 0.5146484375 0.3564453125 0.021484375 0.021484375 
0 0.4853515625 0.7392578125 0.021484375 0.021484375 
0 0.484375 0.5185546875 0.021484375 0.021484375 
0 0.509765625 0.4208984375 0.021484375 0.021484375 
0 0.4013671875 0.109375 0.0234375 0.0234375 
0 0.5166015625 0.333984375 0.021484375 0.021484375 
0 0.5546875 0.5166015625 0.0234375 0.0234375 
0 0.4521484375 0.2451171875 0.021484375 0.021484375 
1 0.4697265625 0.5166015625 0.021484375 0.021484375 
0 0.4931640625 0.5361328125 0.0234375 0.0234375 
0 0.3603515625 0.361328125 0.0234375 0.0234375 
0 0.529296875 0.619140625 0.0224609375 0.0224609375 
0 0.4619140625 0.265625 0.021484375 0.021484375 
0 0.4521484375 0.5791015625 0.0234375 0.0234375 
1 0.4208984375 0.2724609375 0.0224609375 0.0224609375 
0 0.533203125 0.859375 0.01953125 0.01953125 
0 0.33203125 0.11328125 0.021484375 0.021484375 
1 0.28515625 0.099609375 0.021484375 0.021484375 
1 0.6796875 0.0361328125 0.0224609375 0.0224609375 
0 0.431640625 0.2841796875 0.021484375 0.021484375 
1 0.591796875 0.0478515625 0.0224609375 0.0224609375 
0 0.443359375 0.39453125 0.021484375 0.021484375 
1 0.4169921875 0.6162109375 0.021484375 0.021484375 
0 0.4052734375 0.583984375 0.021484375 0.021484375 
0 0.595703125 0.255859375 0.0234375 0.0234375 
0 0.3427734375 0.2861328125 0.021484375 0.021484375 
0 0.3486328125 0.3232421875 0.021484375 0.021484375 
0 0.5556640625 0.66796875 0.0234375 0.0234375 
1 0.5458984375 0.33984375 0.021484375 0.021484375 
0 0.3720703125 0.1806640625 0.0224609375 0.0224609375 
1 0.484375 0.2314453125 0.021484375 0.021484375 
1 0.443359375 0.5966796875 0.021484375 0.021484375 
0 0.5615234375 0.1884765625 0.021484375 0.021484375 
0 0.5048828125 0.138671875 0.021484375 0.021484375 
0 0.6376953125 0.41796875 0.0234375 0.0234375 
0 0.533203125 0.0615234375 0.021484375 0.021484375 
1 0.6083984375 0.4052734375 0.0224609375 0.0224609375 
0 0.55859375 0.7919921875 0.0234375 0.0234375 
