0 0.6376953125 0.2470703125 0.021484375 0.021484375 
0 0.609375 0.2822265625 0.021484375 0.021484375 
0 0.44140625 0.419921875 0.0234375 0.0234375 
0 0.4482421875 0.75 0.0234375 0.0234375 
0 0.4443359375 0.6630859375 0.0224609375 0.0224609375 
0 0.4150390625 0.6220703125 0.0234375 0.0234375 
0 0.4658203125 0.2900390625 0.021484375 0.021484375 
0 0.6484375 0.0439453125 0.0234375 0.0234375 
0 0.458984375 0.4453125 0.021484375 0.021484375 
1 0.60546875 0.07421875 0.021484375 0.021484375 
0 0.54296875 0.517578125 0.0234375 0.0234375 
0 0.5283203125 0.5244140625 0.021484375 0.021484375 
0 0.3837890625 0.21875 0.021484375 0.021484375 
0 0.6640625 0.1591796875 0.0234375 0.0234375 
0 0.5654296875 0.228515625 0.021484375 0.021484375 
1 0.4892578125 0.19921875 0.021484375 0.021484375 
1 0.5576171875 0.03125 0.0224609375 0.0224609375 
0 0.498046875 0.2490234375 0.021484375 0.021484375 
1 0.29296875 0.076171875 0.021484375 0.021484375 
1 0.3564453125 0.265625 0.021484375 0.021484375 
1 0.58984375 0.236328125 0.0224609375 0.0224609375 
1 0.3779296875 0.40234375 0.021484375 0.021484375 
0 0.5458984375 0.19921875 0.021484375 0.021484375 
0 0.423828125 0.3994140625 0.0234375 0.0234375 
0 0.4921875 0.7265625 0.021484375 0.021484375 
0 0.59765625 0.1025390625 0.0234375 0.0234375 
1 0.5732421875 0.65234375 0.021484375 0.021484375 
0 0.6328125 0.36328125 0.021484375 0.021484375 
0 0.494140625 0.5029296875 0.0234375 0.0234375 
0 0.3720703125 0.287109375 0.021484375 0.021484375 
0 0.5029296875 0.1796875 0.021484375 0.021484375 
1 0.509765625 0.2734375 0.0224609375 0.0224609375 
0 0.3662109375 0.1865234375 0.021484375 0.021484375 
0 0.6435546875 0.3955078125 0.0224609375 0.0224609375 
0 0.47265625 0.1875 0.021484375 0.021484375 
0 0.470703125 0.04296875 0.0234375 0.0234375 
1 0.3984375 0.2685546875 0.0224609375 0.0224609375 
0 0.3466796875 0.2060546875 0.021484375 0.021484375 
1 0.5283203125 0.0654296875 0.0224609375 0.0224609375 
1 0.3798828125 0.4462890625 0.021484375 0.021484375 
1 0.6025390625 0.2978515625 0.021484375 0.021484375 
0 0.4755859375 0.6455078125 0.0234375 0.0234375 
0 0.369140625 0.16796875 0.021484375 0.021484375 
0 0.4873046875 0.60546875 0.0234375 0.0234375 
0 0.5791015625 0.44921875 0.021484375 0.021484375 
1 0.3369140625 0.1923828125 0.021484375 0.021484375 
0 0.4208984375 0.380859375 0.021484375 0.021484375 
0 0.3935546875 0.06640625 0.021484375 0.021484375 
0 0.3876953125 0.3203125 0.021484375 0.021484375 
0 0.5400390625 0.0908203125 0.0224609375 0.0224609375 
0 0.26953125 0.0537109375 0.021484375 0.021484375 
0 0.716796875 0.033203125 0.021484375 0.021484375 
0 0.5244140625 0.3525390625 0.021484375 0.021484375 
0 0.306640625 0.0673828125 0.0234375 0.0234375 
0 0.51171875 0.1416015625 0.021484375 0.021484375 
1 0.419921875 0.4990234375 0.021484375 0.021484375 
0 0.5625 0.1328125 0.0234375 0.0234375 
0 0.556640625 0.806640625 0.025390625 0.025390625 
1 0.5537109375 0.7216796875 0.021484375 0.021484375 
0 0.59375 0.1962890625 0.021484375 0.021484375 
0 0.376953125 0.103515625 0.0234375 0.0234375 
1 0.482421875 0.1259765625 0.021484375 0.021484375 
0 0.482421875 0.748046875 0.0224609375 0.0224609375 
1 0.466796875 0.4326171875 0.021484375 0.021484375 
1 0.3779296875 0.505859375 0.021484375 0.021484375 
0 0.5087890625 0.8583984375 0.01953125 0.01953125 
0 0.333984375 0.0302734375 0.021484375 0.021484375 
1 0.5615234375 0.5185546875 0.021484375 0.021484375 
0 0.5693359375 0.6025390625 0.0224609375 0.0224609375 
0 0.513671875 0.369140625 0.021484375 0.021484375 
0 0.50390625 0.8916015625 0.01953125 0.01953125 
0 0.4091796875 0.19921875 0.021484375 0.021484375 
0 0.513671875 0.6435546875 0.021484375 0.021484375 
0 0.4921875 0.3525390625 0.021484375 0.021484375 
0 0.5390625 0.8408203125 0.0234375 0.0234375 
1 0.404296875 0.3125 0.021484375 0.021484375 
0 0.505859375 0.23046875 0.0234375 0.0234375 
0 0.3984375 0.609375 0.021484375 0.021484375 
0 0.4423828125 0.1982421875 0.021484375 0.021484375 
0 0.44140625 0.7177734375 0.0234375 0.0234375 
0 0.40625 0.4755859375 0.0234375 0.0234375 
1 0.6474609375 0.1103515625 0.0224609375 0.0224609375 
1 0.3447265625 0.3505859375 0.0224609375 0.0224609375 
0 0.4765625 0.4130859375 0.0234375 0.0234375 
1 0.51171875 0.841796875 0.0234375 0.0234375 
0 0.4970703125 0.751953125 0.0224609375 0.0224609375 
0 0.4228515625 0.1669921875 0.021484375 0.021484375 
1 0.4951171875 0.28515625 0.021484375 0.021484375 
0 0.4072265625 0.0849609375 0.0234375 0.0234375 
0 0.3623046875 0.0380859375 0.021484375 0.021484375 
0 0.513671875 0.744140625 0.021484375 0.021484375 
0 0.4921875 0.376953125 0.021484375 0.021484375 
0 0.6064453125 0.1240234375 0.0234375 0.0234375 
0 0.6044921875 0.48828125 0.0234375 0.0234375 
1 0.412109375 0.3505859375 0.0224609375 0.0224609375 
1 0.3876953125 0.3701171875 0.021484375 0.021484375 
0 0.6630859375 0.1318359375 0.0234375 0.0234375 
0 0.5419921875 0.552734375 0.021484375 0.021484375 
0 0.4716796875 0.05859375 0.0234375 0.0234375 
0 0.517578125 0.7236328125 0.021484375 0.021484375 
0 0.609375 0.5546875 0.0224609375 0.0224609375 
0 0.470703125 0.896484375 0.0224609375 0.0224609375 
0 0.5751953125 0.7021484375 0.021484375 0.021484375 
0 0.46484375 0.8212890625 0.0224609375 0.0224609375 
0 0.6357421875 0.3310546875 0.0234375 0.0234375 
1 0.626953125 0.455078125 0.0224609375 0.0224609375 
0 0.548828125 0.279296875 0.0234375 0.0234375 
0 0.517578125 0.775390625 0.021484375 0.021484375 
0 0.587890625 0.576171875 0.021484375 0.021484375 
1 0.642578125 0.1796875 0.021484375 0.021484375 
0 0.369140625 0.326171875 0.0234375 0.0234375 
0 0.458984375 0.595703125 0.0234375 0.0234375 
0 0.6513671875 0.0810546875 0.021484375 0.021484375 
0 0.578125 0.1181640625 0.021484375 0.021484375 
0 0.65625 0.267578125 0.0224609375 0.0224609375 
1 0.626953125 0.1611328125 0.021484375 0.021484375 
0 0.513671875 0.33984375 0.021484375 0.021484375 
0 0.55078125 0.447265625 0.0234375 0.0234375 
0 0.4033203125 0.4248046875 0.021484375 0.021484375 
0 0.58203125 0.4951171875 0.0224609375 0.0224609375 
0 0.5546875 0.390625 0.021484375 0.021484375 
0 0.57421875 0.33984375 0.021484375 0.021484375 
1 0.4521484375 0.08203125 0.021484375 0.021484375 
0 0.3095703125 0.1484375 0.021484375 0.021484375 
1 0.482421875 0.6591796875 0.021484375 0.021484375 
0 0.474609375 0.08203125 0.0234375 0.0234375 
0 0.67578125 0.0576171875 0.0234375 0.0234375 
1 0.318359375 0.2666015625 0.021484375 0.021484375 
0 0.46875 0.2236328125 0.021484375 0.021484375 
1 0.4482421875 0.0380859375 0.021484375 0.021484375 
0 0.470703125 0.8056640625 0.025390625 0.025390625 
0 0.69921875 0.0361328125 0.021484375 0.021484375 
0 0.4970703125 0.66015625 0.0224609375 0.0224609375 
1 0.650390625 0.3359375 0.021484375 0.021484375 
0 0.4580078125 0.1728515625 0.021484375 0.021484375 
0 0.478515625 0.3203125 0.021484375 0.021484375 
0 0.4599609375 0.248046875 0.021484375 0.021484375 
0 0.427734375 0.037109375 0.0234375 0.0234375 
1 0.51171875 0.068359375 0.0224609375 0.0224609375 
0 0.54296875 0.4697265625 0.021484375 0.021484375 
0 0.4892578125 0.1513671875 0.021484375 0.021484375 
0 0.4091796875 0.4052734375 0.0234375 0.0234375 
0 0.53125 0.255859375 0.021484375 0.021484375 
1 0.3408203125 0.1611328125 0.021484375 0.021484375 
0 0.521484375 0.09375 0.021484375 0.021484375 
0 0.6162109375 0.259765625 0.021484375 0.021484375 
1 0.328125 0.2802734375 0.0224609375 0.0224609375 
0 0.4296875 0.7080078125 0.0234375 0.0234375 
0 0.685546875 0.140625 0.021484375 0.021484375 
0 0.2919921875 0.09765625 0.021484375 0.021484375 
1 0.5966796875 0.3486328125 0.0224609375 0.0224609375 
0 0.4765625 0.52734375 0.021484375 0.021484375 
0 0.51171875 0.498046875 0.021484375 0.021484375 
0 0.3310546875 0.1025390625 0.021484375 0.021484375 
0 0.5654296875 0.064453125 0.0224609375 0.0224609375 
0 0.6044921875 0.1494140625 0.0234375 0.0234375 
