1 0.51171875 0.876953125 0.0234375 0.0234375 
0 0.3232421875 0.150390625 0.0234375 0.0234375 
1 0.6025390625 0.0498046875 0.0224609375 0.0224609375 
0 0.3212890625 0.0419921875 0.0224609375 0.0224609375 
0 0.4599609375 0.8671875 0.021484375 0.021484375 
1 0.455078125 0.037109375 0.021484375 0.021484375 
1 0.4697265625 0.60546875 0.0224609375 0.0224609375 
0 0.4765625 0.658203125 0.0234375 0.0234375 
0 0.494140625 0.0615234375 0.021484375 0.021484375 
0 0.37109375 0.1953125 0.021484375 0.021484375 
0 0.66796875 0.2490234375 0.0234375 0.0234375 
0 0.4072265625 0.462890625 0.0234375 0.0234375 
0 0.6044921875 0.185546875 0.021484375 0.021484375 
0 0.4072265625 0.3994140625 0.0234375 0.0234375 
0 0.5302734375 0.7666015625 0.01953125 0.01953125 
0 0.6455078125 0.373046875 0.021484375 0.021484375 
1 0.4990234375 0.4833984375 0.0224609375 0.0224609375 
1 0.595703125 0.5927734375 0.021484375 0.021484375 
0 0.3466796875 0.3115234375 0.021484375 0.021484375 
0 0.4658203125 0.0849609375 0.021484375 0.021484375 
1 0.6533203125 0.2236328125 0.0224609375 0.0224609375 
0 0.4560546875 0.5888671875 0.021484375 0.021484375 
0 0.6298828125 0.3916015625 0.0224609375 0.0224609375 
0 0.517578125 0.6142578125 0.0224609375 0.0224609375 
1 0.4599609375 0.53515625 0.0224609375 0.0224609375 
1 0.4970703125 0.548828125 0.021484375 0.021484375 
0 0.5166015625 0.1748046875 0.0234375 0.0234375 
0 0.4716796875 0.14453125 0.021484375 0.021484375 
0 0.677734375 0.2021484375 0.0234375 0.0234375 
0 0.4921875 0.7822265625 0.0224609375 0.0224609375 
1 0.5771484375 0.6875 0.021484375 0.021484375 
0 0.4150390625 0.5009765625 0.0234375 0.0234375 
0 0.369140625 0.234375 0.0234375 0.0234375 
0 0.5625 0.626953125 0.021484375 0.021484375 
1 0.5 0.814453125 0.021484375 0.021484375 
0 0.44140625 0.1630859375 0.021484375 0.021484375 
0 0.451171875 0.2001953125 0.021484375 0.021484375 
0 0.49609375 0.6357421875 0.0224609375 0.0224609375 
1 0.5615234375 0.408203125 0.0224609375 0.0224609375 
1 0.5791015625 0.150390625 0.021484375 0.021484375 
0 0.384765625 0.26953125 0.0234375 0.0234375 
0 0.650390625 0.0361328125 0.0234375 0.0234375 
0 0.3935546875 0.052734375 0.021484375 0.021484375 
1 0.56640625 0.5849609375 0.021484375 0.021484375 
0 0.458984375 0.7294921875 0.021484375 0.021484375 
0 0.4296875 0.5380859375 0.021484375 0.021484375 
0 0.4951171875 0.0908203125 0.021484375 0.021484375 
1 0.7197265625 0.03515625 0.0224609375 0.0224609375 
0 0.533203125 0.712890625 0.021484375 0.021484375 
0 0.4326171875 0.3330078125 0.0234375 0.0234375 
0 0.5654296875 0.76171875 0.0224609375 0.0224609375 
0 0.3779296875 0.310546875 0.0234375 0.0234375 
0 0.4716796875 0.6328125 0.0234375 0.0234375 
0 0.5390625 0.3623046875 0.021484375 0.021484375 
0 0.4482421875 0.40625 0.021484375 0.021484375 
0 0.4033203125 0.51953125 0.021484375 0.021484375 
0 0.5341796875 0.44921875 0.0234375 0.0234375 
1 0.505859375 0.525390625 0.0224609375 0.0224609375 
0 0.6142578125 0.525390625 0.021484375 0.021484375 
1 0.37890625 0.0419921875 0.021484375 0.021484375 
0 0.33203125 0.2353515625 0.0234375 0.0234375 
0 0.6484375 0.056640625 0.0224609375 0.0224609375 
0 0.4248046875 0.625 0.0234375 0.0234375 
0 0.4609375 0.3232421875 0.021484375 0.021484375 
1 0.568359375 0.4521484375 0.021484375 0.021484375 
0 0.4375 0.380859375 0.021484375 0.021484375 
0 0.515625 0.291015625 0.021484375 0.021484375 
0 0.396484375 0.2216796875 0.021484375 0.021484375 
0 0.6357421875 0.33203125 0.021484375 0.021484375 
0 0.3779296875 0.408203125 0.0234375 0.0234375 
0 0.4228515625 0.6533203125 0.0234375 0.0234375 
0 0.5166015625 0.5 0.021484375 0.021484375 
0 0.6171875 0.0556640625 0.0234375 0.0234375 
0 0.3359375 0.1806640625 0.021484375 0.021484375 
0 0.484375 0.5205078125 0.021484375 0.021484375 
0 0.3125 0.1357421875 0.0224609375 0.0224609375 
0 0.51953125 0.21484375 0.021484375 0.021484375 
0 0.390625 0.5380859375 0.021484375 0.021484375 
0 0.5849609375 0.083984375 0.021484375 0.021484375 
0 0.4560546875 0.681640625 0.021484375 0.021484375 
0 0.56640625 0.3271484375 0.021484375 0.021484375 
0 0.5947265625 0.52734375 0.021484375 0.021484375 
0 0.4814453125 0.7548828125 0.0224609375 0.0224609375 
1 0.685546875 0.0380859375 0.0224609375 0.0224609375 
0 0.439453125 0.6142578125 0.021484375 0.021484375 
0 0.513671875 0.2724609375 0.0234375 0.0234375 
0 0.451171875 0.7490234375 0.021484375 0.021484375 
0 0.5771484375 0.4326171875 0.021484375 0.021484375 
0 0.53515625 0.2666015625 0.021484375 0.021484375 
1 0.4345703125 0.291015625 0.021484375 0.021484375 
1 0.546875 0.7490234375 0.021484375 0.021484375 
0 0.515625 0.697265625 0.021484375 0.021484375 
0 0.47265625 0.4755859375 0.021484375 0.021484375 
0 0.48046875 0.2626953125 0.021484375 0.021484375 
0 0.4130859375 0.12109375 0.0224609375 0.0224609375 
1 0.353515625 0.111328125 0.0224609375 0.0224609375 
0 0.3134765625 0.1669921875 0.021484375 0.021484375 
1 0.5322265625 0.4853515625 0.0224609375 0.0224609375 
0 0.5517578125 0.638671875 0.0234375 0.0234375 
1 0.64453125 0.3876953125 0.021484375 0.021484375 
0 0.7138671875 0.064453125 0.021484375 0.021484375 
0 0.46875 0.3935546875 0.0234375 0.0234375 
0 0.560546875 0.361328125 0.021484375 0.021484375 
0 0.380859375 0.3759765625 0.021484375 0.021484375 
0 0.6513671875 0.326171875 0.021484375 0.021484375 
0 0.4267578125 0.5205078125 0.021484375 0.021484375 
0 0.4736328125 0.580078125 0.0234375 0.0234375 
0 0.5146484375 0.2421875 0.021484375 0.021484375 
1 0.4775390625 0.4423828125 0.021484375 0.021484375 
1 0.62890625 0.2275390625 0.0224609375 0.0224609375 
1 0.3583984375 0.177734375 0.021484375 0.021484375 
0 0.509765625 0.8388671875 0.0234375 0.0234375 
0 0.619140625 0.4287109375 0.0224609375 0.0224609375 
0 0.48046875 0.8115234375 0.01953125 0.01953125 
0 0.6484375 0.103515625 0.0234375 0.0234375 
0 0.568359375 0.193359375 0.021484375 0.021484375 
0 0.33203125 0.1025390625 0.0234375 0.0234375 
0 0.5029296875 0.14453125 0.021484375 0.021484375 
0 0.4267578125 0.4013671875 0.021484375 0.021484375 
0 0.4560546875 0.64453125 0.021484375 0.021484375 
0 0.564453125 0.232421875 0.0234375 0.0234375 
0 0.4697265625 0.28515625 0.0234375 0.0234375 
1 0.6064453125 0.388671875 0.021484375 0.021484375 
1 0.5654296875 0.6025390625 0.021484375 0.021484375 
1 0.4365234375 0.7548828125 0.0234375 0.0234375 
1 0.6455078125 0.2548828125 0.021484375 0.021484375 
0 0.5146484375 0.365234375 0.0224609375 0.0224609375 
0 0.517578125 0.59375 0.0224609375 0.0224609375 
1 0.447265625 0.279296875 0.021484375 0.021484375 
0 0.388671875 0.1318359375 0.021484375 0.021484375 
0 0.392578125 0.4150390625 0.021484375 0.021484375 
0 0.3603515625 0.283203125 0.0234375 0.0234375 
1 0.54296875 0.701171875 0.0224609375 0.0224609375 
0 0.4541015625 0.2978515625 0.021484375 0.021484375 
0 0.5234375 0.1962890625 0.0234375 0.0234375 
0 0.361328125 0.0576171875 0.021484375 0.021484375 
0 0.3427734375 0.197265625 0.021484375 0.021484375 
0 0.5654296875 0.123046875 0.0224609375 0.0224609375 
0 0.5009765625 0.751953125 0.0224609375 0.0224609375 
0 0.423828125 0.2568359375 0.0234375 0.0234375 
1 0.4833984375 0.337890625 0.021484375 0.021484375 
0 0.443359375 0.06640625 0.0234375 0.0234375 
0 0.4111328125 0.3115234375 0.021484375 0.021484375 
0 0.5390625 0.7900390625 0.025390625 0.025390625 
0 0.5771484375 0.1015625 0.021484375 0.021484375 
1 0.49609375 0.2294921875 0.0224609375 0.0224609375 
0 0.5703125 0.5458984375 0.0234375 0.0234375 
0 0.279296875 0.0947265625 0.021484375 0.021484375 
0 0.4677734375 0.34375 0.021484375 0.021484375 
0 0.3466796875 0.162109375 0.0234375 0.0234375 
1 0.5517578125 0.1982421875 0.021484375 0.021484375 
1 0.4150390625 0.0615234375 0.021484375 0.021484375 
0 0.3798828125 0.4462890625 0.0234375 0.0234375 
0 0.400390625 0.5048828125 0.021484375 0.021484375 
0 0.5634765625 0.083984375 0.021484375 0.021484375 
0 0.5087890625 0.4462890625 0.021484375 0.021484375 
0 0.6533203125 0.28515625 0.021484375 0.021484375 
0 0.4912109375 0.197265625 0.0234375 0.0234375 
