1 0.3408203125 0.306640625 0.021484375 0.021484375 
1 0.65625 0.2421875 0.021484375 0.021484375 
0 0.5185546875 0.74609375 0.0234375 0.0234375 
0 0.7109375 0.0341796875 0.0234375 0.0234375 
0 0.3017578125 0.1748046875 0.021484375 0.021484375 
0 0.578125 0.15625 0.0224609375 0.0224609375 
0 0.546875 0.40625 0.021484375 0.021484375 
1 0.4189453125 0.6328125 0.021484375 0.021484375 
1 0.3896484375 0.265625 0.021484375 0.021484375 
0 0.5751953125 0.677734375 0.0234375 0.0234375 
1 0.560546875 0.4189453125 0.021484375 0.021484375 
0 0.4638671875 0.0595703125 0.0234375 0.0234375 
0 0.37890625 0.0498046875 0.0234375 0.0234375 
0 0.3994140625 0.5087890625 0.021484375 0.021484375 
0 0.3701171875 0.1025390625 0.0234375 0.0234375 
0 0.42578125 0.2744140625 0.021484375 0.021484375 
0 0.6298828125 0.09765625 0.0234375 0.0234375 
0 0.4541015625 0.0771484375 0.021484375 0.021484375 
0 0.4443359375 0.2421875 0.0234375 0.0234375 
0 0.3701171875 0.25390625 0.021484375 0.021484375 
0 0.69921875 0.0556640625 0.021484375 0.021484375 
1 0.4560546875 0.361328125 0.021484375 0.021484375 
0 0.3623046875 0.1953125 0.021484375 0.021484375 
0 0.4736328125 0.07421875 0.021484375 0.021484375 
0 0.4736328125 0.0966796875 0.0234375 0.0234375 
0 0.6669921875 0.2294921875 0.021484375 0.021484375 
0 0.4775390625 0.7021484375 0.0224609375 0.0224609375 
1 0.6533203125 0.3515625 0.0224609375 0.0224609375 
1 0.53515625 0.1435546875 0.021484375 0.021484375 
0 0.552734375 0.333984375 0.021484375 0.021484375 
0 0.587890625 0.21875 0.0224609375 0.0224609375 
1 0.3828125 0.1171875 0.021484375 0.021484375 
0 0.4228515625 0.431640625 0.0234375 0.0234375 
0 0.4169921875 0.4716796875 0.021484375 0.021484375 
0 0.416015625 0.142578125 0.021484375 0.021484375 
0 0.5673828125 0.1845703125 0.021484375 0.021484375 
0 0.4375 0.3740234375 0.021484375 0.021484375 
0 0.591796875 0.271484375 0.0224609375 0.0224609375 
1 0.474609375 0.66796875 0.0224609375 0.0224609375 
0 0.671875 0.26171875 0.021484375 0.021484375 
0 0.48046875 0.5888671875 0.0224609375 0.0224609375 
0 0.5078125 0.26171875 0.021484375 0.021484375 
1 0.6220703125 0.4384765625 0.0224609375 0.0224609375 
1 0.5625 0.5947265625 0.021484375 0.021484375 
1 0.580078125 0.287109375 0.0224609375 0.0224609375 
0 0.39453125 0.40625 0.0234375 0.0234375 
0 0.6298828125 0.30078125 0.021484375 0.021484375 
1 0.55859375 0.0703125 0.021484375 0.021484375 
0 0.578125 0.583984375 0.0234375 0.0234375 
0 0.60546875 0.470703125 0.0234375 0.0234375 
0 0.5712890625 0.71484375 0.021484375 0.021484375 
0 0.30859375 0.0634765625 0.0234375 0.0234375 
1 0.638671875 0.125 0.021484375 0.021484375 
0 0.6484375 0.083984375 0.021484375 0.021484375 
1 0.576171875 0.3173828125 0.021484375 0.021484375 
1 0.4208984375 0.673828125 0.021484375 0.021484375 
0 0.3544921875 0.2099609375 0.021484375 0.021484375 
0 0.3388671875 0.1865234375 0.021484375 0.021484375 
1 0.619140625 0.40234375 0.021484375 0.021484375 
0 0.576171875 0.046875 0.021484375 0.021484375 
0 0.435546875 0.0703125 0.0234375 0.0234375 
0 0.6708984375 0.181640625 0.0234375 0.0234375 
1 0.4140625 0.3798828125 0.021484375 0.021484375 
1 0.44921875 0.2783203125 0.021484375 0.021484375 
0 0.39453125 0.390625 0.021484375 0.021484375 
1 0.3291015625 0.2001953125 0.0224609375 0.0224609375 
1 0.564453125 0.279296875 0.021484375 0.021484375 
0 0.501953125 0.0390625 0.021484375 0.021484375 
1 0.58203125 0.10546875 0.0224609375 0.0224609375 
1 0.6064453125 0.4521484375 0.021484375 0.021484375 
0 0.6103515625 0.1123046875 0.0234375 0.0234375 
1 0.3642578125 0.4501953125 0.0224609375 0.0224609375 
0 0.349609375 0.154296875 0.021484375 0.021484375 
0 0.4326171875 0.6171875 0.0234375 0.0234375 
0 0.4765625 0.5595703125 0.0234375 0.0234375 
1 0.5693359375 0.44140625 0.021484375 0.021484375 
0 0.5849609375 0.37109375 0.021484375 0.021484375 
0 0.5146484375 0.2119140625 0.021484375 0.021484375 
0 0.541015625 0.349609375 0.021484375 0.021484375 
0 0.515625 0.84765625 0.025390625 0.025390625 
1 0.3876953125 0.359375 0.021484375 0.021484375 
0 0.4423828125 0.3134765625 0.021484375 0.021484375 
1 0.4716796875 0.4033203125 0.021484375 0.021484375 
1 0.5517578125 0.5361328125 0.0224609375 0.0224609375 
1 0.2998046875 0.0927734375 0.0224609375 0.0224609375 
0 0.4677734375 0.4482421875 0.021484375 0.021484375 
0 0.431640625 0.734375 0.021484375 0.021484375 
1 0.5068359375 0.28515625 0.0224609375 0.0224609375 
1 0.68359375 0.03515625 0.021484375 0.021484375 
0 0.37890625 0.306640625 0.021484375 0.021484375 
0 0.580078125 0.6005859375 0.021484375 0.021484375 
0 0.404296875 0.1298828125 0.0224609375 0.0224609375 
0 0.4736328125 0.34765625 0.0234375 0.0234375 
0 0.5751953125 0.525390625 0.0234375 0.0234375 
0 0.4375 0.5 0.0234375 0.0234375 
1 0.4560546875 0.5615234375 0.0224609375 0.0224609375 
0 0.4853515625 0.3212890625 0.021484375 0.021484375 
1 0.4892578125 0.3994140625 0.0224609375 0.0224609375 
0 0.435546875 0.05078125 0.021484375 0.021484375 
1 0.5009765625 0.6279296875 0.021484375 0.021484375 
1 0.4609375 0.8427734375 0.0234375 0.0234375 
1 0.43359375 0.1455078125 0.021484375 0.021484375 
0 0.6845703125 0.076171875 0.021484375 0.021484375 
0 0.45703125 0.4658203125 0.021484375 0.021484375 
0 0.5712890625 0.3876953125 0.021484375 0.021484375 
0 0.5546875 0.380859375 0.021484375 0.021484375 
0 0.498046875 0.107421875 0.0224609375 0.0224609375 
0 0.3310546875 0.2587890625 0.0224609375 0.0224609375 
0 0.609375 0.3505859375 0.0224609375 0.0224609375 
0 0.396484375 0.4755859375 0.021484375 0.021484375 
0 0.5927734375 0.236328125 0.0234375 0.0234375 
0 0.416015625 0.16015625 0.021484375 0.021484375 
0 0.3564453125 0.03515625 0.021484375 0.021484375 
0 0.4384765625 0.3583984375 0.0234375 0.0234375 
0 0.5283203125 0.376953125 0.021484375 0.021484375 
0 0.4873046875 0.8583984375 0.0224609375 0.0224609375 
1 0.451171875 0.2978515625 0.021484375 0.021484375 
1 0.4853515625 0.4921875 0.0224609375 0.0224609375 
0 0.5068359375 0.80859375 0.01953125 0.01953125 
0 0.509765625 0.365234375 0.021484375 0.021484375 
0 0.33984375 0.099609375 0.0224609375 0.0224609375 
0 0.4091796875 0.4970703125 0.021484375 0.021484375 
0 0.513671875 0.6845703125 0.021484375 0.021484375 
0 0.4287109375 0.322265625 0.021484375 0.021484375 
1 0.5146484375 0.552734375 0.021484375 0.021484375 
0 0.60546875 0.3837890625 0.0234375 0.0234375 
0 0.533203125 0.2724609375 0.021484375 0.021484375 
0 0.4541015625 0.197265625 0.0234375 0.0234375 
1 0.564453125 0.201171875 0.021484375 0.021484375 
1 0.4619140625 0.42578125 0.0224609375 0.0224609375 
0 0.537109375 0.2529296875 0.021484375 0.021484375 
0 0.5419921875 0.16796875 0.021484375 0.021484375 
0 0.5068359375 0.1376953125 0.0234375 0.0234375 
1 0.5009765625 0.5791015625 0.0224609375 0.0224609375 
0 0.4033203125 0.10546875 0.0234375 0.0234375 
0 0.42578125 0.3388671875 0.0224609375 0.0224609375 
0 0.3603515625 0.275390625 0.0224609375 0.0224609375 
0 0.646484375 0.3271484375 0.0234375 0.0234375 
1 0.4814453125 0.8408203125 0.021484375 0.021484375 
1 0.5634765625 0.0546875 0.021484375 0.021484375 
0 0.4521484375 0.69140625 0.021484375 0.021484375 
0 0.529296875 0.5625 0.021484375 0.021484375 
0 0.5908203125 0.0869140625 0.021484375 0.021484375 
0 0.4677734375 0.162109375 0.021484375 0.021484375 
1 0.6259765625 0.2294921875 0.021484375 0.021484375 
0 0.572265625 0.140625 0.021484375 0.021484375 
0 0.4716796875 0.685546875 0.021484375 0.021484375 
0 0.4365234375 0.755859375 0.021484375 0.021484375 
1 0.3232421875 0.0400390625 0.021484375 0.021484375 
0 0.40625 0.2763671875 0.0234375 0.0234375 
0 0.3828125 0.533203125 0.0224609375 0.0224609375 
1 0.56640625 0.74609375 0.0224609375 0.0224609375 
