0 0.4091796875 0.1689453125 0.0234375 0.0234375 
0 0.634765625 0.3466796875 0.021484375 0.021484375 
1 0.6123046875 0.0390625 0.021484375 0.021484375 
0 0.484375 0.111328125 0.0234375 0.0234375 
1 0.59765625 0.6142578125 0.021484375 0.021484375 
0 0.330078125 0.158203125 0.0224609375 0.0224609375 
0 0.583984375 0.453125 0.0234375 0.0234375 
0 0.572265625 0.1982421875 0.021484375 0.021484375 
0 0.5029296875 0.5830078125 0.021484375 0.021484375 
0 0.505859375 0.34765625 0.021484375 0.021484375 
0 0.4248046875 0.7080078125 0.0234375 0.0234375 
0 0.392578125 0.0810546875 0.021484375 0.021484375 
1 0.431640625 0.3779296875 0.021484375 0.021484375 
0 0.4765625 0.4794921875 0.0234375 0.0234375 
0 0.5546875 0.1689453125 0.021484375 0.021484375 
1 0.607421875 0.5654296875 0.021484375 0.021484375 
1 0.6318359375 0.2998046875 0.021484375 0.021484375 
0 0.431640625 0.6123046875 0.0234375 0.0234375 
0 0.390625 0.10546875 0.0234375 0.0234375 
0 0.486328125 0.8505859375 0.025390625 0.025390625 
0 0.3857421875 0.3388671875 0.021484375 0.021484375 
0 0.521484375 0.625 0.0234375 0.0234375 
0 0.3466796875 0.0927734375 0.021484375 0.021484375 
0 0.3876953125 0.2236328125 0.0234375 0.0234375 
0 0.3408203125 0.064453125 0.0234375 0.0234375 
0 0.65234375 0.212890625 0.021484375 0.021484375 
1 0.5146484375 0.5732421875 0.0224609375 0.0224609375 
1 0.5546875 0.5048828125 0.0224609375 0.0224609375 
0 0.5830078125 0.294921875 0.021484375 0.021484375 
0 0.2978515625 0.0478515625 0.021484375 0.021484375 
0 0.423828125 0.525390625 0.021484375 0.021484375 
0 0.47265625 0.6455078125 0.0224609375 0.0224609375 
0 0.5859375 0.529296875 0.0224609375 0.0224609375 
1 0.5751953125 0.3603515625 0.0224609375 0.0224609375 
0 0.3330078125 0.1748046875 0.0234375 0.0234375 
1 0.5048828125 0.48828125 0.021484375 0.021484375 
1 0.603515625 0.4638671875 0.021484375 0.021484375 
0 0.5576171875 0.2978515625 0.021484375 0.021484375 
0 0.54296875 0.427734375 0.021484375 0.021484375 
0 0.5673828125 0.7158203125 0.021484375 0.021484375 
0 0.583984375 0.3349609375 0.0234375 0.0234375 
1 0.3828125 0.32421875 0.021484375 0.021484375 
0 0.3486328125 0.1474609375 0.0234375 0.0234375 
0 0.58203125 0.6416015625 0.0234375 0.0234375 
0 0.458984375 0.796875 0.01953125 0.01953125 
0 0.46875 0.3642578125 0.0224609375 0.0224609375 
0 0.666015625 0.11328125 0.021484375 0.021484375 
0 0.408203125 0.115234375 0.0234375 0.0234375 
0 0.705078125 0.10546875 0.0234375 0.0234375 
0 0.3349609375 0.10546875 0.021484375 0.021484375 
1 0.3671875 0.2841796875 0.021484375 0.021484375 
1 0.283203125 0.1103515625 0.021484375 0.021484375 
0 0.603515625 0.107421875 0.021484375 0.021484375 
1 0.5205078125 0.42578125 0.0224609375 0.0224609375 
0 0.5869140625 0.576171875 0.0224609375 0.0224609375 
1 0.427734375 0.2158203125 0.0224609375 0.0224609375 
0 0.5205078125 0.36328125 0.021484375 0.021484375 
0 0.552734375 0.0390625 0.021484375 0.021484375 
0 0.50390625 0.1611328125 0.021484375 0.021484375 
0 0.4443359375 0.41015625 0.0234375 0.0234375 
1 0.4169921875 0.673828125 0.0224609375 0.0224609375 
0 0.3662109375 0.3203125 0.0234375 0.0234375 
1 0.625 0.064453125 0.021484375 0.021484375 
0 0.4384765625 0.4267578125 0.021484375 0.021484375 
0 0.52734375 0.46875 0.021484375 0.021484375 
0 0.5283203125 0.330078125 0.0234375 0.0234375 
0 0.546875 0.7587890625 0.0224609375 0.0224609375 
0 0.5478515625 0.2685546875 0.021484375 0.021484375 
0 0.4345703125 0.162109375 0.0234375 0.0234375 
0 0.546875 0.8388671875 0.0234375 0.0234375 
0 0.546875 0.5654296875 0.0234375 0.0234375 
0 0.419921875 0.4248046875 0.021484375 0.021484375 
1 0.4912109375 0.763671875 0.0234375 0.0234375 
0 0.6220703125 0.35546875 0.0224609375 0.0224609375 
0 0.6787109375 0.0634765625 0.021484375 0.021484375 
0 0.3916015625 0.2392578125 0.0234375 0.0234375 
0 0.3994140625 0.513671875 0.021484375 0.021484375 
0 0.3818359375 0.52734375 0.021484375 0.021484375 
0 0.6513671875 0.2578125 0.0234375 0.0234375 
0 0.474609375 0.2314453125 0.021484375 0.021484375 
0 0.6396484375 0.1396484375 0.021484375 0.021484375 
1 0.3896484375 0.046875 0.021484375 0.021484375 
0 0.6162109375 0.4365234375 0.0224609375 0.0224609375 
1 0.3330078125 0.130859375 0.0224609375 0.0224609375 
0 0.404296875 0.5712890625 0.021484375 0.021484375 
0 0.4140625 0.322265625 0.0234375 0.0234375 
0 0.513671875 0.3173828125 0.021484375 0.021484375 
1 0.64453125 0.39453125 0.021484375 0.021484375 
1 0.3759765625 0.1669921875 0.021484375 0.021484375 
0 0.5146484375 0.2890625 0.0234375 0.0234375 
0 0.5478515625 0.119140625 0.0234375 0.0234375 
0 0.5205078125 0.2353515625 0.021484375 0.021484375 
0 0.48828125 0.0830078125 0.021484375 0.021484375 
1 0.3330078125 0.3193359375 0.0224609375 0.0224609375 
0 0.5302734375 0.2666015625 0.0234375 0.0234375 
0 0.3232421875 0.2802734375 0.021484375 0.021484375 
0 0.4873046875 0.3154296875 0.021484375 0.021484375 
0 0.46875 0.0859375 0.0234375 0.0234375 
1 0.431640625 0.2529296875 0.021484375 0.021484375 
1 0.4443359375 0.6455078125 0.021484375 0.021484375 
1 0.50390625 0.8017578125 0.021484375 0.021484375 
0 0.4541015625 0.7724609375 0.0224609375 0.0224609375 
0 0.5361328125 0.771484375 0.025390625 0.025390625 
0 0.4775390625 0.390625 0.0234375 0.0234375 
0 0.64453125 0.1953125 0.0234375 0.0234375 
1 0.2666015625 0.03125 0.021484375 0.021484375 
0 0.5146484375 0.1337890625 0.021484375 0.021484375 
1 0.568359375 0.126953125 0.021484375 0.021484375 
1 0.44921875 0.078125 0.021484375 0.021484375 
0 0.69140625 0.1376953125 0.0234375 0.0234375 
1 0.30078125 0.1630859375 0.021484375 0.021484375 
0 0.65625 0.0546875 0.0234375 0.0234375 
0 0.4951171875 0.7138671875 0.0234375 0.0234375 
0 0.5244140625 0.1455078125 0.021484375 0.021484375 
0 0.6181640625 0.1142578125 0.021484375 0.021484375 
0 0.5185546875 0.1923828125 0.0224609375 0.0224609375 
1 0.5791015625 0.419921875 0.0224609375 0.0224609375 
0 0.5498046875 0.2060546875 0.021484375 0.021484375 
