1 0.544921875 0.0458984375 0.021484375 0.021484375 
1 0.646484375 0.041015625 0.021484375 0.021484375 
0 0.49609375 0.04296875 0.0234375 0.0234375 
0 0.57421875 0.1953125 0.021484375 0.021484375 
0 0.4306640625 0.4501953125 0.0234375 0.0234375 
1 0.3193359375 0.0732421875 0.021484375 0.021484375 
0 0.5869140625 0.17578125 0.0234375 0.0234375 
0 0.5595703125 0.716796875 0.021484375 0.021484375 
1 0.4228515625 0.19140625 0.021484375 0.021484375 
0 0.455078125 0.125 0.021484375 0.021484375 
0 0.4189453125 0.103515625 0.021484375 0.021484375 
0 0.6123046875 0.302734375 0.021484375 0.021484375 
1 0.4111328125 0.287109375 0.0224609375 0.0224609375 
0 0.5771484375 0.5654296875 0.021484375 0.021484375 
0 0.419921875 0.5859375 0.0234375 0.0234375 
0 0.3828125 0.48046875 0.021484375 0.021484375 
0 0.5673828125 0.15625 0.0234375 0.0234375 
0 0.341796875 0.3515625 0.021484375 0.021484375 
1 0.5087890625 0.2880859375 0.0224609375 0.0224609375 
0 0.490234375 0.59765625 0.0234375 0.0234375 
1 0.4423828125 0.4208984375 0.0224609375 0.0224609375 
0 0.5029296875 0.61328125 0.021484375 0.021484375 
0 0.4619140625 0.8896484375 0.021484375 0.021484375 
0 0.333984375 0.1875 0.021484375 0.021484375 
0 0.552734375 0.3740234375 0.0224609375 0.0224609375 
0 0.4638671875 0.7236328125 0.0234375 0.0234375 
0 0.5087890625 0.5595703125 0.0234375 0.0234375 
0 0.3857421875 0.3310546875 0.0234375 0.0234375 
0 0.5380859375 0.43359375 0.0234375 0.0234375 
0 0.5263671875 0.4921875 0.021484375 0.021484375 
1 0.4228515625 0.6396484375 0.021484375 0.021484375 
0 0.4169921875 0.4404296875 0.0224609375 0.0224609375 
1 0.2939453125 0.0712890625 0.0224609375 0.0224609375 
0 0.3984375 0.4384765625 0.021484375 0.021484375 
0 0.4892578125 0.2802734375 0.021484375 0.021484375 
1 0.6142578125 0.1435546875 0.021484375 0.021484375 
1 0.2822265625 0.0830078125 0.0224609375 0.0224609375 
1 0.3427734375 0.2998046875 0.0224609375 0.0224609375 
1 0.6240234375 0.32421875 0.0224609375 0.0224609375 
0 0.4912109375 0.7841796875 0.0224609375 0.0224609375 
0 0.49609375 0.224609375 0.0234375 0.0234375 
1 0.6318359375 0.4150390625 0.0224609375 0.0224609375 
0 0.3828125 0.189453125 0.021484375 0.021484375 
0 0.65625 0.1533203125 0.021484375 0.021484375 
0 0.552734375 0.2236328125 0.0234375 0.0234375 
0 0.3544921875 0.3623046875 0.0234375 0.0234375 
0 0.4248046875 0.6689453125 0.021484375 0.021484375 
0 0.31640625 0.1181640625 0.021484375 0.021484375 
0 0.423828125 0.5166015625 0.021484375 0.021484375 
0 0.53125 0.8779296875 0.0224609375 0.0224609375 
0 0.4658203125 0.626953125 0.0224609375 0.0224609375 
0 0.6328125 0.1435546875 0.0234375 0.0234375 
0 0.4013671875 0.208984375 0.021484375 0.021484375 
1 0.53515625 0.841796875 0.0234375 0.0234375 
0 0.5859375 0.5029296875 0.021484375 0.021484375 
0 0.5986328125 0.216796875 0.021484375 0.021484375 
0 0.4697265625 0.17578125 0.021484375 0.021484375 
0 0.490234375 0.865234375 0.01953125 0.01953125 
0 0.5341796875 0.0654296875 0.021484375 0.021484375 
0 0.466796875 0.1025390625 0.0234375 0.0234375 
0 0.462890625 0.7041015625 0.0224609375 0.0224609375 
0 0.658203125 0.2490234375 0.0234375 0.0234375 
0 0.3564453125 0.19921875 0.021484375 0.021484375 
1 0.6728515625 0.0693359375 0.021484375 0.021484375 
0 0.49609375 0.8046875 0.01953125 0.01953125 
1 0.6650390625 0.0537109375 0.021484375 0.021484375 
0 0.505859375 0.7578125 0.021484375 0.021484375 
0 0.322265625 0.2099609375 0.021484375 0.021484375 
1 0.3876953125 0.5556640625 0.0224609375 0.0224609375 
1 0.59375 0.544921875 0.021484375 0.021484375 
0 0.5400390625 0.240234375 0.021484375 0.021484375 
1 0.599609375 0.412109375 0.0224609375 0.0224609375 
0 0.4501953125 0.228515625 0.0234375 0.0234375 
1 0.533203125 0.8056640625 0.021484375 0.021484375 
0 0.3642578125 0.2734375 0.021484375 0.021484375 
0 0.6337890625 0.1083984375 0.021484375 0.021484375 
0 0.517578125 0.310546875 0.021484375 0.021484375 
0 0.48046875 0.4306640625 0.0224609375 0.0224609375 
0 0.48828125 0.05859375 0.021484375 0.021484375 
0 0.4638671875 0.6484375 0.021484375 0.021484375 
1 0.5791015625 0.1015625 0.021484375 0.021484375 
1 0.443359375 0.5888671875 0.021484375 0.021484375 
0 0.5849609375 0.638671875 0.021484375 0.021484375 
0 0.478515625 0.267578125 0.021484375 0.021484375 
0 0.666015625 0.18359375 0.021484375 0.021484375 
0 0.6484375 0.09375 0.021484375 0.021484375 
0 0.5732421875 0.1279296875 0.021484375 0.021484375 
0 0.4560546875 0.5009765625 0.0234375 0.0234375 
0 0.353515625 0.123046875 0.021484375 0.021484375 
0 0.51171875 0.3974609375 0.021484375 0.021484375 
0 0.6162109375 0.5 0.0224609375 0.0224609375 
0 0.67578125 0.091796875 0.021484375 0.021484375 
1 0.466796875 0.6865234375 0.0224609375 0.0224609375 
0 0.556640625 0.5205078125 0.021484375 0.021484375 
0 0.462890625 0.25390625 0.0224609375 0.0224609375 
