0 0.509765625 0.5439453125 0.021484375 0.021484375 
0 0.4970703125 0.240234375 0.0224609375 0.0224609375 
0 0.564453125 0.4853515625 0.0234375 0.0234375 
0 0.533203125 0.0498046875 0.0224609375 0.0224609375 
0 0.474609375 0.681640625 0.021484375 0.021484375 
0 0.466796875 0.388671875 0.021484375 0.021484375 
0 0.6396484375 0.2626953125 0.021484375 0.021484375 
1 0.453125 0.4326171875 0.0224609375 0.0224609375 
0 0.546875 0.166015625 0.021484375 0.021484375 
0 0.6298828125 0.3916015625 0.021484375 0.021484375 
1 0.51953125 0.810546875 0.0234375 0.0234375 
0 0.3759765625 0.28515625 0.0234375 0.0234375 
0 0.3955078125 0.1494140625 0.021484375 0.021484375 
0 0.6611328125 0.2421875 0.021484375 0.021484375 
0 0.6123046875 0.21875 0.0234375 0.0234375 
0 0.57421875 0.6572265625 0.021484375 0.021484375 
0 0.55859375 0.6865234375 0.021484375 0.021484375 
0 0.3779296875 0.224609375 0.0234375 0.0234375 
0 0.6064453125 0.27734375 0.0234375 0.0234375 
0 0.595703125 0.232421875 0.021484375 0.021484375 
0 0.46484375 0.5478515625 0.021484375 0.021484375 
0 0.4345703125 0.5087890625 0.0234375 0.0234375 
1 0.587890625 0.4482421875 0.021484375 0.021484375 
0 0.4921875 0.349609375 0.021484375 0.021484375 
0 0.46875 0.84375 0.0224609375 0.0224609375 
0 0.5810546875 0.3251953125 0.0234375 0.0234375 
1 0.4150390625 0.607421875 0.021484375 0.021484375 
0 0.3447265625 0.1337890625 0.021484375 0.021484375 
1 0.560546875 0.4072265625 0.021484375 0.021484375 
0 0.5263671875 0.7373046875 0.0224609375 0.0224609375 
0 0.4443359375 0.47265625 0.021484375 0.021484375 
0 0.548828125 0.369140625 0.021484375 0.021484375 
0 0.609375 0.3037109375 0.0224609375 0.0224609375 
1 0.5244140625 0.83984375 0.021484375 0.021484375 
0 0.505859375 0.8046875 0.01953125 0.01953125 
0 0.59765625 0.0400390625 0.021484375 0.021484375 
0 0.5302734375 0.2431640625 0.021484375 0.021484375 
0 0.4443359375 0.7958984375 0.0224609375 0.0224609375 
0 0.37109375 0.189453125 0.0234375 0.0234375 
0 0.53515625 0.6005859375 0.021484375 0.021484375 
0 0.5703125 0.6103515625 0.021484375 0.021484375 
1 0.3154296875 0.1845703125 0.0224609375 0.0224609375 
1 0.4013671875 0.2880859375 0.0224609375 0.0224609375 
0 0.505859375 0.201171875 0.021484375 0.021484375 
0 0.4736328125 0.09765625 0.021484375 0.021484375 
0 0.6005859375 0.0810546875 0.0234375 0.0234375 
0 0.375 0.16796875 0.021484375 0.021484375 
0 0.4912109375 0.591796875 0.021484375 0.021484375 
1 0.4560546875 0.23828125 0.021484375 0.021484375 
0 0.2939453125 0.0830078125 0.021484375 0.021484375 
0 0.4580078125 0.6435546875 0.021484375 0.021484375 
0 0.4326171875 0.236328125 0.0234375 0.0234375 
0 0.533203125 0.09375 0.021484375 0.021484375 
0 0.560546875 0.2529296875 0.021484375 0.021484375 
0 0.41796875 0.37890625 0.0224609375 0.0224609375 
0 0.6689453125 0.04296875 0.021484375 0.021484375 
0 0.5361328125 0.8525390625 0.0224609375 0.0224609375 
0 0.6474609375 0.0419921875 0.021484375 0.021484375 
0 0.3564453125 0.1591796875 0.021484375 0.021484375 
1 0.6435546875 0.1318359375 0.021484375 0.021484375 
1 0.4091796875 0.3193359375 0.021484375 0.021484375 
0 0.50390625 0.5283203125 0.021484375 0.021484375 
0 0.619140625 0.03515625 0.021484375 0.021484375 
0 0.646484375 0.1982421875 0.0234375 0.0234375 
0 0.2890625 0.1005859375 0.0234375 0.0234375 
1 0.443359375 0.2646484375 0.021484375 0.021484375 
0 0.6142578125 0.318359375 0.0224609375 0.0224609375 
0 0.4501953125 0.7490234375 0.0234375 0.0234375 
0 0.533203125 0.7646484375 0.021484375 0.021484375 
0 0.3154296875 0.134765625 0.021484375 0.021484375 
0 0.4345703125 0.0712890625 0.021484375 0.021484375 
0 0.5927734375 0.4072265625 0.021484375 0.021484375 
0 0.4765625 0.23046875 0.0234375 0.0234375 
0 0.447265625 0.0458984375 0.021484375 0.021484375 
0 0.578125 0.0771484375 0.0234375 0.0234375 
0 0.453125 0.197265625 0.021484375 0.021484375 
0 0.662109375 0.109375 0.0224609375 0.0224609375 
0 0.5751953125 0.69140625 0.0234375 0.0234375 
0 0.4013671875 0.0810546875 0.021484375 0.021484375 
0 0.3994140625 0.171875 0.021484375 0.021484375 
1 0.515625 0.0791015625 0.0224609375 0.0224609375 
0 0.3916015625 0.24609375 0.021484375 0.021484375 
1 0.54296875 0.662109375 0.0224609375 0.0224609375 
0 0.6240234375 0.4462890625 0.0224609375 0.0224609375 
0 0.447265625 0.5537109375 0.0234375 0.0234375 
0 0.52734375 0.72265625 0.021484375 0.021484375 
0 0.4345703125 0.3583984375 0.021484375 0.021484375 
0 0.4775390625 0.73046875 0.021484375 0.021484375 
0 0.5419921875 0.3515625 0.021484375 0.021484375 
0 0.2783203125 0.072265625 0.021484375 0.021484375 
0 0.443359375 0.30078125 0.021484375 0.021484375 
1 0.3935546875 0.193359375 0.0224609375 0.0224609375 
0 0.48046875 0.568359375 0.021484375 0.021484375 
0 0.4951171875 0.7138671875 0.021484375 0.021484375 
0 0.4453125 0.4453125 0.0234375 0.0234375 
1 0.560546875 0.6357421875 0.021484375 0.021484375 
0 0.4375 0.2802734375 0.021484375 0.021484375 
1 0.56640625 0.5859375 0.0224609375 0.0224609375 
0 0.453125 0.1650390625 0.0234375 0.0234375 
0 0.5947265625 0.1787109375 0.021484375 0.021484375 
0 0.3818359375 0.3125 0.021484375 0.021484375 
0 0.3310546875 0.1123046875 0.021484375 0.021484375 
0 0.509765625 0.0380859375 0.021484375 0.021484375 
0 0.560546875 0.45703125 0.0234375 0.0234375 
1 0.32421875 0.2802734375 0.021484375 0.021484375 
1 0.3974609375 0.51171875 0.0224609375 0.0224609375 
0 0.4775390625 0.46875 0.021484375 0.021484375 
0 0.4765625 0.6611328125 0.021484375 0.021484375 
0 0.5283203125 0.5869140625 0.021484375 0.021484375 
0 0.5146484375 0.1396484375 0.0224609375 0.0224609375 
1 0.51171875 0.4033203125 0.021484375 0.021484375 
0 0.5078125 0.74609375 0.021484375 0.021484375 
0 0.5009765625 0.1689453125 0.021484375 0.021484375 
0 0.6064453125 0.3603515625 0.0234375 0.0234375 
0 0.685546875 0.115234375 0.021484375 0.021484375 
0 0.625 0.185546875 0.021484375 0.021484375 
0 0.53125 0.2587890625 0.021484375 0.021484375 
0 0.5126953125 0.1201171875 0.021484375 0.021484375 
0 0.455078125 0.1455078125 0.0234375 0.0234375 
1 0.4267578125 0.39453125 0.0224609375 0.0224609375 
1 0.5205078125 0.89453125 0.0234375 0.0234375 
0 0.708984375 0.0400390625 0.0234375 0.0234375 
1 0.349609375 0.36328125 0.021484375 0.021484375 
1 0.2998046875 0.0615234375 0.021484375 0.021484375 
0 0.4287109375 0.330078125 0.021484375 0.021484375 
1 0.626953125 0.41015625 0.021484375 0.021484375 
0 0.548828125 0.3076171875 0.0234375 0.0234375 
1 0.4404296875 0.2158203125 0.0224609375 0.0224609375 
1 0.572265625 0.3583984375 0.021484375 0.021484375 
0 0.55859375 0.7509765625 0.021484375 0.021484375 
0 0.7041015625 0.0693359375 0.0234375 0.0234375 
1 0.59375 0.060546875 0.021484375 0.021484375 
