1 0.4599609375 0.169921875 0.021484375 0.021484375 
0 0.623046875 0.46875 0.021484375 0.021484375 
0 0.5849609375 0.146484375 0.021484375 0.021484375 
1 0.373046875 0.1630859375 0.021484375 0.021484375 
1 0.53515625 0.880859375 0.021484375 0.021484375 
0 0.6259765625 0.1318359375 0.0224609375 0.0224609375 
0 0.5654296875 0.591796875 0.021484375 0.021484375 
1 0.6318359375 0.4169921875 0.021484375 0.021484375 
0 0.568359375 0.708984375 0.0224609375 0.0224609375 
0 0.5625 0.544921875 0.0234375 0.0234375 
1 0.46484375 0.8291015625 0.021484375 0.021484375 
1 0.580078125 0.3349609375 0.021484375 0.021484375 
1 0.5439453125 0.57421875 0.0224609375 0.0224609375 
0 0.470703125 0.478515625 0.0224609375 0.0224609375 
0 0.64453125 0.1923828125 0.021484375 0.021484375 
0 0.4775390625 0.8486328125 0.025390625 0.025390625 
1 0.552734375 0.326171875 0.0224609375 0.0224609375 
0 0.44140625 0.546875 0.0224609375 0.0224609375 
0 0.4345703125 0.5986328125 0.0224609375 0.0224609375 
0 0.521484375 0.4560546875 0.021484375 0.021484375 
0 0.4072265625 0.396484375 0.0234375 0.0234375 
0 0.517578125 0.19921875 0.0234375 0.0234375 
0 0.654296875 0.107421875 0.021484375 0.021484375 
0 0.5361328125 0.6298828125 0.021484375 0.021484375 
0 0.490234375 0.15234375 0.0234375 0.0234375 
0 0.4931640625 0.7138671875 0.021484375 0.021484375 
0 0.4990234375 0.48046875 0.021484375 0.021484375 
0 0.517578125 0.771484375 0.021484375 0.021484375 
0 0.5263671875 0.4208984375 0.021484375 0.021484375 
0 0.4462890625 0.1357421875 0.0234375 0.0234375 
0 0.458984375 0.560546875 0.0234375 0.0234375 
1 0.4580078125 0.330078125 0.0224609375 0.0224609375 
0 0.431640625 0.3583984375 0.021484375 0.021484375 
1 0.3388671875 0.326171875 0.021484375 0.021484375 
1 0.4638671875 0.580078125 0.0224609375 0.0224609375 
0 0.650390625 0.2568359375 0.0224609375 0.0224609375 
0 0.3779296875 0.4716796875 0.021484375 0.021484375 
0 0.4111328125 0.4921875 0.021484375 0.021484375 
1 0.5458984375 0.365234375 0.0224609375 0.0224609375 
0 0.5546875 0.806640625 0.01953125 0.01953125 
0 0.5419921875 0.7890625 0.0234375 0.0234375 
0 0.57421875 0.3779296875 0.0234375 0.0234375 
0 0.607421875 0.033203125 0.0234375 0.0234375 
1 0.6357421875 0.392578125 0.0224609375 0.0224609375 
0 0.3837890625 0.35546875 0.0234375 0.0234375 
0 0.43359375 0.68359375 0.0234375 0.0234375 
0 0.5009765625 0.451171875 0.021484375 0.021484375 
0 0.5068359375 0.5986328125 0.021484375 0.021484375 
0 0.3623046875 0.21875 0.021484375 0.021484375 
0 0.388671875 0.234375 0.021484375 0.021484375 
0 0.48828125 0.6591796875 0.0234375 0.0234375 
1 0.640625 0.123046875 0.021484375 0.021484375 
0 0.3359375 0.2705078125 0.0234375 0.0234375 
0 0.5927734375 0.21875 0.021484375 0.021484375 
1 0.689453125 0.1787109375 0.0224609375 0.0224609375 
0 0.3623046875 0.4033203125 0.021484375 0.021484375 
1 0.4443359375 0.373046875 0.021484375 0.021484375 
1 0.474609375 0.275390625 0.021484375 0.021484375 
0 0.3798828125 0.2841796875 0.0234375 0.0234375 
0 0.5546875 0.6181640625 0.021484375 0.021484375 
0 0.3779296875 0.1015625 0.0234375 0.0234375 
1 0.423828125 0.466796875 0.021484375 0.021484375 
1 0.5615234375 0.484375 0.021484375 0.021484375 
0 0.533203125 0.552734375 0.0224609375 0.0224609375 
0 0.5078125 0.71875 0.021484375 0.021484375 
1 0.3623046875 0.3193359375 0.021484375 0.021484375 
1 0.48828125 0.6787109375 0.021484375 0.021484375 
0 0.56640625 0.2861328125 0.021484375 0.021484375 
1 0.5390625 0.291015625 0.021484375 0.021484375 
1 0.4013671875 0.3828125 0.0224609375 0.0224609375 
0 0.33203125 0.1298828125 0.0234375 0.0234375 
0 0.572265625 0.189453125 0.0224609375 0.0224609375 
0 0.3427734375 0.3466796875 0.021484375 0.021484375 
1 0.5078125 0.796875 0.0234375 0.0234375 
0 0.27734375 0.0693359375 0.021484375 0.021484375 
0 0.4453125 0.7353515625 0.0234375 0.0234375 
0 0.2890625 0.12109375 0.0234375 0.0234375 
0 0.392578125 0.0361328125 0.0224609375 0.0224609375 
1 0.486328125 0.7578125 0.021484375 0.021484375 
0 0.4990234375 0.5166015625 0.021484375 0.021484375 
0 0.4453125 0.6162109375 0.0234375 0.0234375 
0 0.5302734375 0.15234375 0.021484375 0.021484375 
1 0.541015625 0.748046875 0.0224609375 0.0224609375 
0 0.4990234375 0.69140625 0.0234375 0.0234375 
0 0.4619140625 0.6181640625 0.021484375 0.021484375 
0 0.361328125 0.2939453125 0.0224609375 0.0224609375 
