0 0.6240234375 0.3798828125 0.0234375 0.0234375 
0 0.5146484375 0.779296875 0.0224609375 0.0224609375 
0 0.3876953125 0.455078125 0.0234375 0.0234375 
0 0.5615234375 0.310546875 0.0224609375 0.0224609375 
0 0.439453125 0.7138671875 0.021484375 0.021484375 
1 0.4453125 0.609375 0.021484375 0.021484375 
0 0.3916015625 0.3330078125 0.021484375 0.021484375 
0 0.5283203125 0.140625 0.0234375 0.0234375 
1 0.4423828125 0.076171875 0.021484375 0.021484375 
1 0.4951171875 0.2158203125 0.0224609375 0.0224609375 
0 0.541015625 0.5830078125 0.021484375 0.021484375 
0 0.419921875 0.0458984375 0.021484375 0.021484375 
0 0.5146484375 0.7431640625 0.0224609375 0.0224609375 
1 0.5244140625 0.5244140625 0.0224609375 0.0224609375 
1 0.4453125 0.263671875 0.021484375 0.021484375 
0 0.341796875 0.0966796875 0.0234375 0.0234375 
0 0.4365234375 0.11328125 0.021484375 0.021484375 
1 0.4150390625 0.3359375 0.021484375 0.021484375 
1 0.3291015625 0.2890625 0.021484375 0.021484375 
0 0.3154296875 0.189453125 0.0224609375 0.0224609375 
0 0.5283203125 0.306640625 0.0224609375 0.0224609375 
0 0.5849609375 0.1845703125 0.0234375 0.0234375 
0 0.478515625 0.7939453125 0.0224609375 0.0224609375 
1 0.43359375 0.21484375 0.021484375 0.021484375 
0 0.3515625 0.0849609375 0.0234375 0.0234375 
0 0.5302734375 0.0537109375 0.021484375 0.021484375 
0 0.4189453125 0.4326171875 0.021484375 0.021484375 
0 0.515625 0.4765625 0.021484375 0.021484375 
0 0.6748046875 0.0927734375 0.0234375 0.0234375 
0 0.4501953125 0.2998046875 0.021484375 0.021484375 
1 0.4697265625 0.5556640625 0.021484375 0.021484375 
0 0.4697265625 0.130859375 0.021484375 0.021484375 
0 0.6142578125 0.1513671875 0.0224609375 0.0224609375 
0 0.5126953125 0.44921875 0.021484375 0.021484375 
0 0.466796875 0.5927734375 0.021484375 0.021484375 
0 0.6396484375 0.29296875 0.0234375 0.0234375 
0 0.6259765625 0.103515625 0.0224609375 0.0224609375 
0 0.490234375 0.728515625 0.0234375 0.0234375 
0 0.5947265625 0.2197265625 0.0224609375 0.0224609375 
0 0.6376953125 0.1318359375 0.0224609375 0.0224609375 
0 0.51953125 0.390625 0.021484375 0.021484375 
0 0.580078125 0.671875 0.021484375 0.021484375 
1 0.486328125 0.1982421875 0.0224609375 0.0224609375 
1 0.4072265625 0.103515625 0.021484375 0.021484375 
0 0.2998046875 0.1044921875 0.021484375 0.021484375 
0 0.6748046875 0.0546875 0.021484375 0.021484375 
0 0.3583984375 0.138671875 0.0234375 0.0234375 
0 0.50390625 0.509765625 0.0224609375 0.0224609375 
0 0.5517578125 0.548828125 0.0224609375 0.0224609375 
0 0.4970703125 0.111328125 0.021484375 0.021484375 
0 0.48046875 0.3720703125 0.021484375 0.021484375 
0 0.5078125 0.8818359375 0.021484375 0.021484375 
1 0.5673828125 0.7001953125 0.021484375 0.021484375 
0 0.57421875 0.068359375 0.0234375 0.0234375 
0 0.41796875 0.3935546875 0.0234375 0.0234375 
0 0.5380859375 0.115234375 0.021484375 0.021484375 
0 0.51171875 0.84375 0.0224609375 0.0224609375 
0 0.4833984375 0.650390625 0.021484375 0.021484375 
0 0.4189453125 0.1142578125 0.0234375 0.0234375 
1 0.53515625 0.43359375 0.0224609375 0.0224609375 
0 0.4638671875 0.15625 0.021484375 0.021484375 
0 0.5439453125 0.7373046875 0.0234375 0.0234375 
0 0.55078125 0.7841796875 0.0234375 0.0234375 
0 0.486328125 0.271484375 0.021484375 0.021484375 
0 0.4208984375 0.375 0.021484375 0.021484375 
0 0.5400390625 0.6767578125 0.021484375 0.021484375 
0 0.4287109375 0.03125 0.0234375 0.0234375 
0 0.494140625 0.7490234375 0.0234375 0.0234375 
0 0.5888671875 0.51171875 0.0234375 0.0234375 
0 0.4130859375 0.1357421875 0.021484375 0.021484375 
1 0.470703125 0.6650390625 0.021484375 0.021484375 
1 0.4609375 0.4111328125 0.0224609375 0.0224609375 
1 0.458984375 0.861328125 0.021484375 0.021484375 
0 0.328125 0.134765625 0.0234375 0.0234375 
0 0.4931640625 0.16796875 0.021484375 0.021484375 
0 0.4873046875 0.099609375 0.021484375 0.021484375 
0 0.46875 0.5712890625 0.0234375 0.0234375 
0 0.341796875 0.197265625 0.0234375 0.0234375 
0 0.412109375 0.294921875 0.0234375 0.0234375 
0 0.53125 0.0927734375 0.021484375 0.021484375 
0 0.580078125 0.37109375 0.0224609375 0.0224609375 
1 0.5390625 0.6435546875 0.021484375 0.021484375 
0 0.474609375 0.3955078125 0.0234375 0.0234375 
0 0.41796875 0.2705078125 0.021484375 0.021484375 
0 0.3671875 0.2841796875 0.021484375 0.021484375 
1 0.494140625 0.5302734375 0.0224609375 0.0224609375 
1 0.544921875 0.83203125 0.0234375 0.0234375 
0 0.484375 0.46484375 0.021484375 0.021484375 
1 0.6435546875 0.041015625 0.021484375 0.021484375 
1 0.591796875 0.2470703125 0.0224609375 0.0224609375 
0 0.6943359375 0.1171875 0.0234375 0.0234375 
0 0.5732421875 0.1572265625 0.021484375 0.021484375 
0 0.4658203125 0.4775390625 0.0224609375 0.0224609375 
0 0.552734375 0.56640625 0.021484375 0.021484375 
1 0.462890625 0.83203125 0.0234375 0.0234375 
1 0.3271484375 0.0693359375 0.0224609375 0.0224609375 
1 0.5625 0.6611328125 0.021484375 0.021484375 
0 0.314453125 0.2490234375 0.0234375 0.0234375 
0 0.5146484375 0.3623046875 0.0234375 0.0234375 
0 0.6123046875 0.4072265625 0.0234375 0.0234375 
0 0.4345703125 0.13671875 0.0234375 0.0234375 
0 0.4560546875 0.3408203125 0.021484375 0.021484375 
0 0.5556640625 0.32421875 0.021484375 0.021484375 
0 0.359375 0.3154296875 0.0234375 0.0234375 
0 0.6640625 0.23046875 0.021484375 0.021484375 
0 0.470703125 0.7333984375 0.021484375 0.021484375 
0 0.345703125 0.3779296875 0.0234375 0.0234375 
0 0.2958984375 0.0341796875 0.0224609375 0.0224609375 
0 0.3994140625 0.1484375 0.021484375 0.021484375 
0 0.3681640625 0.19921875 0.021484375 0.021484375 
1 0.58203125 0.6142578125 0.021484375 0.021484375 
1 0.4873046875 0.70703125 0.021484375 0.021484375 
0 0.51171875 0.2666015625 0.021484375 0.021484375 
0 0.63671875 0.1962890625 0.0234375 0.0234375 
0 0.5107421875 0.0859375 0.021484375 0.021484375 
0 0.6396484375 0.37109375 0.0234375 0.0234375 
0 0.53515625 0.482421875 0.0234375 0.0234375 
0 0.5341796875 0.216796875 0.021484375 0.021484375 
1 0.3486328125 0.27734375 0.0224609375 0.0224609375 
0 0.421875 0.193359375 0.021484375 0.021484375 
0 0.5126953125 0.6904296875 0.021484375 0.021484375 
0 0.478515625 0.056640625 0.0224609375 0.0224609375 
0 0.650390625 0.1875 0.021484375 0.021484375 
1 0.544921875 0.7060546875 0.021484375 0.021484375 
1 0.4873046875 0.58984375 0.0224609375 0.0224609375 
0 0.375 0.0556640625 0.021484375 0.021484375 
1 0.4345703125 0.32421875 0.021484375 0.021484375 
0 0.33984375 0.044921875 0.021484375 0.021484375 
0 0.53125 0.87109375 0.021484375 0.021484375 
0 0.330078125 0.248046875 0.021484375 0.021484375 
0 0.5478515625 0.20703125 0.0234375 0.0234375 
1 0.470703125 0.078125 0.0224609375 0.0224609375 
0 0.451171875 0.3740234375 0.0234375 0.0234375 
0 0.7138671875 0.048828125 0.0234375 0.0234375 
0 0.46484375 0.771484375 0.0224609375 0.0224609375 
0 0.642578125 0.25390625 0.021484375 0.021484375 
1 0.443359375 0.357421875 0.021484375 0.021484375 
0 0.4169921875 0.6171875 0.0234375 0.0234375 
0 0.3759765625 0.2626953125 0.021484375 0.021484375 
0 0.388671875 0.4873046875 0.021484375 0.021484375 
0 0.52734375 0.408203125 0.021484375 0.021484375 
0 0.478515625 0.8935546875 0.01953125 0.01953125 
0 0.5478515625 0.6123046875 0.0224609375 0.0224609375 
1 0.5673828125 0.23046875 0.021484375 0.021484375 
0 0.4912109375 0.3349609375 0.0224609375 0.0224609375 
0 0.3984375 0.30078125 0.0234375 0.0234375 
1 0.3642578125 0.1640625 0.0224609375 0.0224609375 
0 0.55078125 0.455078125 0.021484375 0.021484375 
0 0.52734375 0.5751953125 0.0234375 0.0234375 
0 0.4892578125 0.498046875 0.0234375 0.0234375 
0 0.5009765625 0.654296875 0.0234375 0.0234375 
0 0.4482421875 0.6552734375 0.0224609375 0.0224609375 
1 0.5810546875 0.466796875 0.0224609375 0.0224609375 
1 0.48828125 0.126953125 0.021484375 0.021484375 
0 0.5029296875 0.6787109375 0.0234375 0.0234375 
0 0.3349609375 0.1552734375 0.0234375 0.0234375 
1 0.517578125 0.2265625 0.021484375 0.021484375 
0 0.4794921875 0.759765625 0.0234375 0.0234375 
0 0.6318359375 0.3427734375 0.0234375 0.0234375 
1 0.4287109375 0.5078125 0.0224609375 0.0224609375 
0 0.6298828125 0.4267578125 0.021484375 0.021484375 
0 0.4140625 0.35546875 0.0224609375 0.0224609375 
0 0.44140625 0.19140625 0.0224609375 0.0224609375 
0 0.4033203125 0.1806640625 0.021484375 0.021484375 
1 0.3076171875 0.05078125 0.0224609375 0.0224609375 
0 0.5576171875 0.75390625 0.025390625 0.025390625 
0 0.3974609375 0.318359375 0.021484375 0.021484375 
0 0.5576171875 0.1953125 0.021484375 0.021484375 
0 0.646484375 0.30859375 0.0234375 0.0234375 
0 0.4345703125 0.1533203125 0.0234375 0.0234375 
0 0.4755859375 0.33984375 0.021484375 0.021484375 
0 0.287109375 0.0595703125 0.021484375 0.021484375 
0 0.5205078125 0.607421875 0.021484375 0.021484375 
1 0.4990234375 0.5595703125 0.021484375 0.021484375 
0 0.4580078125 0.701171875 0.021484375 0.021484375 
0 0.419921875 0.23046875 0.021484375 0.021484375 
0 0.4794921875 0.6904296875 0.0224609375 0.0224609375 
0 0.5439453125 0.419921875 0.021484375 0.021484375 
1 0.443359375 0.4111328125 0.021484375 0.021484375 
0 0.634765625 0.1474609375 0.021484375 0.021484375 
0 0.3828125 0.244140625 0.0224609375 0.0224609375 
0 0.6748046875 0.1884765625 0.0224609375 0.0224609375 
0 0.6513671875 0.3388671875 0.021484375 0.021484375 
0 0.6572265625 0.2041015625 0.021484375 0.021484375 
0 0.4052734375 0.451171875 0.021484375 0.021484375 
0 0.3837890625 0.5068359375 0.021484375 0.021484375 
0 0.4306640625 0.16796875 0.021484375 0.021484375 
0 0.3837890625 0.388671875 0.0234375 0.0234375 
