1 0.4140625 0.62890625 0.021484375 0.021484375 
0 0.6181640625 0.5078125 0.021484375 0.021484375 
0 0.5703125 0.6708984375 0.021484375 0.021484375 
0 0.708984375 0.0810546875 0.021484375 0.021484375 
1 0.462890625 0.3017578125 0.0224609375 0.0224609375 
0 0.62890625 0.4326171875 0.0234375 0.0234375 
0 0.6298828125 0.4169921875 0.021484375 0.021484375 
1 0.6005859375 0.3134765625 0.021484375 0.021484375 
1 0.5048828125 0.3125 0.021484375 0.021484375 
0 0.359375 0.251953125 0.0234375 0.0234375 
1 0.4697265625 0.595703125 0.0224609375 0.0224609375 
0 0.4130859375 0.4931640625 0.021484375 0.021484375 
1 0.490234375 0.1513671875 0.021484375 0.021484375 
1 0.5947265625 0.2275390625 0.0224609375 0.0224609375 
0 0.42578125 0.416015625 0.021484375 0.021484375 
1 0.5185546875 0.392578125 0.0224609375 0.0224609375 
0 0.4873046875 0.23046875 0.021484375 0.021484375 
0 0.525390625 0.1376953125 0.021484375 0.021484375 
0 0.6337890625 0.3232421875 0.021484375 0.021484375 
0 0.4609375 0.708984375 0.0224609375 0.0224609375 
0 0.5146484375 0.6630859375 0.021484375 0.021484375 
1 0.3486328125 0.2060546875 0.0224609375 0.0224609375 
0 0.427734375 0.251953125 0.021484375 0.021484375 
0 0.4697265625 0.23828125 0.0234375 0.0234375 
0 0.59765625 0.181640625 0.0224609375 0.0224609375 
0 0.6884765625 0.0498046875 0.021484375 0.021484375 
0 0.4501953125 0.2001953125 0.0234375 0.0234375 
0 0.7177734375 0.0390625 0.0224609375 0.0224609375 
0 0.669921875 0.068359375 0.021484375 0.021484375 
0 0.515625 0.48046875 0.0234375 0.0234375 
0 0.4453125 0.494140625 0.0234375 0.0234375 
0 0.4541015625 0.134765625 0.0234375 0.0234375 
0 0.3828125 0.2763671875 0.0234375 0.0234375 
1 0.5615234375 0.3681640625 0.0224609375 0.0224609375 
1 0.3759765625 0.2529296875 0.021484375 0.021484375 
0 0.4765625 0.37890625 0.021484375 0.021484375 
0 0.533203125 0.5810546875 0.0234375 0.0234375 
1 0.6044921875 0.5751953125 0.021484375 0.021484375 
0 0.53125 0.740234375 0.021484375 0.021484375 
0 0.5380859375 0.26171875 0.0234375 0.0234375 
0 0.384765625 0.12890625 0.021484375 0.021484375 
1 0.546875 0.478515625 0.0224609375 0.0224609375 
0 0.453125 0.435546875 0.0234375 0.0234375 
0 0.6484375 0.1337890625 0.021484375 0.021484375 
0 0.5947265625 0.5869140625 0.0234375 0.0234375 
0 0.3251953125 0.044921875 0.021484375 0.021484375 
0 0.3154296875 0.0908203125 0.021484375 0.021484375 
0 0.44140625 0.2578125 0.0234375 0.0234375 
0 0.3994140625 0.6083984375 0.0234375 0.0234375 
0 0.3310546875 0.16015625 0.0234375 0.0234375 
0 0.6201171875 0.33203125 0.021484375 0.021484375 
0 0.33984375 0.3251953125 0.0234375 0.0234375 
0 0.599609375 0.294921875 0.021484375 0.021484375 
0 0.509765625 0.1005859375 0.021484375 0.021484375 
0 0.4306640625 0.19921875 0.0234375 0.0234375 
0 0.5 0.78125 0.01953125 0.01953125 
0 0.4306640625 0.3056640625 0.0234375 0.0234375 
0 0.5908203125 0.087890625 0.021484375 0.021484375 
0 0.482421875 0.0693359375 0.0234375 0.0234375 
0 0.5625 0.2373046875 0.021484375 0.021484375 
1 0.5478515625 0.67578125 0.021484375 0.021484375 
1 0.697265625 0.033203125 0.021484375 0.021484375 
0 0.3701171875 0.376953125 0.021484375 0.021484375 
1 0.4208984375 0.6484375 0.021484375 0.021484375 
1 0.6396484375 0.220703125 0.0224609375 0.0224609375 
0 0.5205078125 0.7783203125 0.01953125 0.01953125 
0 0.4833984375 0.294921875 0.0224609375 0.0224609375 
0 0.5751953125 0.2490234375 0.021484375 0.021484375 
0 0.4052734375 0.234375 0.021484375 0.021484375 
0 0.693359375 0.095703125 0.0224609375 0.0224609375 
0 0.5107421875 0.23828125 0.0234375 0.0234375 
0 0.4306640625 0.28125 0.0224609375 0.0224609375 
0 0.4765625 0.4521484375 0.0234375 0.0234375 
0 0.5439453125 0.16015625 0.0234375 0.0234375 
0 0.28125 0.0322265625 0.0234375 0.0234375 
0 0.5654296875 0.7265625 0.0234375 0.0234375 
0 0.328125 0.2685546875 0.021484375 0.021484375 
0 0.564453125 0.6923828125 0.0234375 0.0234375 
0 0.6787109375 0.12109375 0.021484375 0.021484375 
0 0.5810546875 0.439453125 0.021484375 0.021484375 
0 0.486328125 0.3330078125 0.021484375 0.021484375 
0 0.5205078125 0.16796875 0.0234375 0.0234375 
0 0.53515625 0.1005859375 0.021484375 0.021484375 
0 0.416015625 0.1943359375 0.0224609375 0.0224609375 
0 0.5712890625 0.380859375 0.021484375 0.021484375 
0 0.64453125 0.0517578125 0.021484375 0.021484375 
0 0.5361328125 0.0341796875 0.0234375 0.0234375 
0 0.486328125 0.115234375 0.021484375 0.021484375 
0 0.3271484375 0.1982421875 0.021484375 0.021484375 
0 0.46484375 0.39453125 0.0234375 0.0234375 
1 0.361328125 0.3330078125 0.021484375 0.021484375 
0 0.5224609375 0.2998046875 0.021484375 0.021484375 
0 0.484375 0.845703125 0.0224609375 0.0224609375 
0 0.52734375 0.2412109375 0.021484375 0.021484375 
0 0.4755859375 0.03125 0.0234375 0.0234375 
0 0.4326171875 0.7080078125 0.021484375 0.021484375 
0 0.4609375 0.685546875 0.021484375 0.021484375 
0 0.5029296875 0.3984375 0.0234375 0.0234375 
0 0.623046875 0.0625 0.021484375 0.021484375 
0 0.453125 0.041015625 0.021484375 0.021484375 
0 0.6171875 0.3056640625 0.021484375 0.021484375 
1 0.58984375 0.13671875 0.021484375 0.021484375 
1 0.505859375 0.859375 0.0234375 0.0234375 
0 0.5478515625 0.1337890625 0.021484375 0.021484375 
0 0.517578125 0.0810546875 0.021484375 0.021484375 
0 0.296875 0.1474609375 0.021484375 0.021484375 
0 0.6591796875 0.0966796875 0.021484375 0.021484375 
1 0.5068359375 0.3310546875 0.021484375 0.021484375 
0 0.40234375 0.0615234375 0.021484375 0.021484375 
0 0.486328125 0.2490234375 0.021484375 0.021484375 
0 0.5224609375 0.201171875 0.0234375 0.0234375 
0 0.576171875 0.142578125 0.021484375 0.021484375 
0 0.55859375 0.505859375 0.0234375 0.0234375 
1 0.478515625 0.8642578125 0.0234375 0.0234375 
0 0.5986328125 0.5068359375 0.0234375 0.0234375 
1 0.638671875 0.1650390625 0.021484375 0.021484375 
0 0.5087890625 0.5205078125 0.021484375 0.021484375 
0 0.4443359375 0.0830078125 0.0224609375 0.0224609375 
0 0.3193359375 0.2431640625 0.0234375 0.0234375 
0 0.5029296875 0.162109375 0.0234375 0.0234375 
1 0.5107421875 0.763671875 0.0234375 0.0234375 
0 0.5771484375 0.33984375 0.021484375 0.021484375 
0 0.4384765625 0.138671875 0.0224609375 0.0224609375 
0 0.568359375 0.42578125 0.021484375 0.021484375 
0 0.4619140625 0.4931640625 0.0234375 0.0234375 
0 0.6494140625 0.3291015625 0.0224609375 0.0224609375 
1 0.34765625 0.1494140625 0.021484375 0.021484375 
0 0.47265625 0.6201171875 0.021484375 0.021484375 
0 0.4541015625 0.6572265625 0.021484375 0.021484375 
0 0.6171875 0.4560546875 0.0234375 0.0234375 
0 0.345703125 0.189453125 0.021484375 0.021484375 
1 0.5244140625 0.49609375 0.021484375 0.021484375 
0 0.5556640625 0.8037109375 0.021484375 0.021484375 
0 0.44921875 0.2802734375 0.0224609375 0.0224609375 
1 0.498046875 0.6435546875 0.021484375 0.021484375 
0 0.5166015625 0.427734375 0.0224609375 0.0224609375 
0 0.6455078125 0.2509765625 0.021484375 0.021484375 
0 0.48046875 0.318359375 0.021484375 0.021484375 
0 0.45703125 0.099609375 0.0224609375 0.0224609375 
0 0.6083984375 0.1181640625 0.0234375 0.0234375 
1 0.4384765625 0.4013671875 0.021484375 0.021484375 
1 0.4755859375 0.73828125 0.021484375 0.021484375 
0 0.6552734375 0.3037109375 0.0234375 0.0234375 
0 0.591796875 0.060546875 0.0234375 0.0234375 
0 0.5078125 0.5986328125 0.021484375 0.021484375 
0 0.3955078125 0.0751953125 0.0234375 0.0234375 
1 0.6005859375 0.3349609375 0.0224609375 0.0224609375 
1 0.4404296875 0.369140625 0.021484375 0.021484375 
