0 0.5556640625 0.4326171875 0.0224609375 0.0224609375 
0 0.5498046875 0.1396484375 0.021484375 0.021484375 
0 0.623046875 0.3984375 0.0234375 0.0234375 
0 0.421875 0.6025390625 0.021484375 0.021484375 
0 0.4599609375 0.876953125 0.0224609375 0.0224609375 
0 0.6337890625 0.267578125 0.021484375 0.021484375 
0 0.33203125 0.158203125 0.021484375 0.021484375 
0 0.38671875 0.328125 0.0234375 0.0234375 
0 0.42578125 0.3857421875 0.021484375 0.021484375 
0 0.427734375 0.115234375 0.021484375 0.021484375 
0 0.5791015625 0.31640625 0.0234375 0.0234375 
0 0.369140625 0.349609375 0.021484375 0.021484375 
0 0.5166015625 0.041015625 0.0224609375 0.0224609375 
0 0.5673828125 0.3994140625 0.021484375 0.021484375 
1 0.3671875 0.3974609375 0.0224609375 0.0224609375 
0 0.5185546875 0.1923828125 0.0234375 0.0234375 
0 0.5107421875 0.5732421875 0.0234375 0.0234375 
0 0.4775390625 0.56640625 0.0234375 0.0234375 
0 0.4580078125 0.6796875 0.0234375 0.0234375 
0 0.31640625 0.11328125 0.0224609375 0.0224609375 
0 0.5732421875 0.6015625 0.021484375 0.021484375 
0 0.6376953125 0.146484375 0.021484375 0.021484375 
1 0.56640625 0.0595703125 0.021484375 0.021484375 
0 0.5947265625 0.51171875 0.021484375 0.021484375 
1 0.4404296875 0.4970703125 0.0224609375 0.0224609375 
0 0.4560546875 0.5107421875 0.0234375 0.0234375 
1 0.4384765625 0.5859375 0.021484375 0.021484375 
1 0.3955078125 0.2705078125 0.0224609375 0.0224609375 
0 0.6474609375 0.052734375 0.0234375 0.0234375 
0 0.587890625 0.14453125 0.0234375 0.0234375 
0 0.6162109375 0.2607421875 0.021484375 0.021484375 
1 0.4248046875 0.1767578125 0.021484375 0.021484375 
0 0.57421875 0.65234375 0.0234375 0.0234375 
0 0.4033203125 0.1083984375 0.021484375 0.021484375 
0 0.47265625 0.4658203125 0.021484375 0.021484375 
0 0.658203125 0.2333984375 0.021484375 0.021484375 
0 0.3466796875 0.3271484375 0.021484375 0.021484375 
0 0.640625 0.1005859375 0.021484375 0.021484375 
0 0.5302734375 0.67578125 0.0234375 0.0234375 
0 0.421875 0.40234375 0.021484375 0.021484375 
1 0.5126953125 0.27734375 0.021484375 0.021484375 
0 0.517578125 0.15625 0.0224609375 0.0224609375 
0 0.5087890625 0.8154296875 0.0224609375 0.0224609375 
0 0.560546875 0.537109375 0.021484375 0.021484375 
1 0.4833984375 0.798828125 0.0234375 0.0234375 
0 0.67578125 0.2353515625 0.021484375 0.021484375 
0 0.5888671875 0.55078125 0.021484375 0.021484375 
1 0.6455078125 0.3095703125 0.0224609375 0.0224609375 
1 0.380859375 0.462890625 0.0224609375 0.0224609375 
1 0.44921875 0.0380859375 0.021484375 0.021484375 
0 0.3154296875 0.193359375 0.021484375 0.021484375 
0 0.50390625 0.33203125 0.021484375 0.021484375 
0 0.58984375 0.208984375 0.0234375 0.0234375 
0 0.48828125 0.8720703125 0.025390625 0.025390625 
0 0.51171875 0.8359375 0.0234375 0.0234375 
0 0.4697265625 0.44140625 0.021484375 0.021484375 
0 0.40234375 0.4521484375 0.0234375 0.0234375 
0 0.515625 0.140625 0.0234375 0.0234375 
0 0.486328125 0.54296875 0.021484375 0.021484375 
0 0.6884765625 0.1396484375 0.021484375 0.021484375 
0 0.533203125 0.0361328125 0.0224609375 0.0224609375 
1 0.521484375 0.8642578125 0.0234375 0.0234375 
0 0.47265625 0.0517578125 0.0234375 0.0234375 
1 0.59375 0.271484375 0.021484375 0.021484375 
0 0.494140625 0.7861328125 0.0224609375 0.0224609375 
0 0.5361328125 0.8515625 0.0224609375 0.0224609375 
0 0.462890625 0.2060546875 0.021484375 0.021484375 
0 0.3388671875 0.2802734375 0.0234375 0.0234375 
0 0.4189453125 0.0927734375 0.021484375 0.021484375 
0 0.3154296875 0.091796875 0.021484375 0.021484375 
1 0.30859375 0.1396484375 0.021484375 0.021484375 
0 0.33203125 0.30078125 0.021484375 0.021484375 
0 0.42578125 0.6845703125 0.021484375 0.021484375 
0 0.5517578125 0.2607421875 0.021484375 0.021484375 
1 0.6337890625 0.3271484375 0.021484375 0.021484375 
1 0.66796875 0.2685546875 0.021484375 0.021484375 
0 0.490234375 0.515625 0.0234375 0.0234375 
0 0.4423828125 0.4501953125 0.0234375 0.0234375 
0 0.384765625 0.142578125 0.021484375 0.021484375 
0 0.40625 0.1513671875 0.021484375 0.021484375 
0 0.388671875 0.3984375 0.0234375 0.0234375 
0 0.7001953125 0.0712890625 0.021484375 0.021484375 
0 0.4013671875 0.08203125 0.0224609375 0.0224609375 
1 0.6005859375 0.359375 0.021484375 0.021484375 
1 0.56640625 0.26953125 0.021484375 0.021484375 
0 0.4150390625 0.509765625 0.0234375 0.0234375 
0 0.46875 0.697265625 0.021484375 0.021484375 
0 0.46484375 0.5771484375 0.021484375 0.021484375 
0 0.443359375 0.0869140625 0.021484375 0.021484375 
1 0.42578125 0.703125 0.021484375 0.021484375 
0 0.28125 0.0546875 0.021484375 0.021484375 
0 0.6904296875 0.0458984375 0.021484375 0.021484375 
0 0.4951171875 0.373046875 0.021484375 0.021484375 
0 0.5625 0.322265625 0.021484375 0.021484375 
0 0.3642578125 0.373046875 0.021484375 0.021484375 
0 0.4404296875 0.5234375 0.021484375 0.021484375 
