0 0.5283203125 0.7373046875 0.021484375 0.021484375 
1 0.4375 0.3662109375 0.0224609375 0.0224609375 
1 0.546875 0.1474609375 0.021484375 0.021484375 
0 0.3994140625 0.0751953125 0.0234375 0.0234375 
0 0.5751953125 0.662109375 0.0234375 0.0234375 
0 0.4677734375 0.0927734375 0.021484375 0.021484375 
0 0.33203125 0.099609375 0.021484375 0.021484375 
0 0.302734375 0.091796875 0.021484375 0.021484375 
0 0.4541015625 0.818359375 0.0224609375 0.0224609375 
0 0.392578125 0.5830078125 0.0234375 0.0234375 
0 0.4736328125 0.126953125 0.021484375 0.021484375 
0 0.63671875 0.0546875 0.0224609375 0.0224609375 
0 0.53515625 0.71875 0.021484375 0.021484375 
0 0.59765625 0.1826171875 0.021484375 0.021484375 
0 0.4580078125 0.8359375 0.0224609375 0.0224609375 
0 0.6171875 0.4619140625 0.021484375 0.021484375 
0 0.5830078125 0.646484375 0.021484375 0.021484375 
0 0.6416015625 0.2578125 0.021484375 0.021484375 
0 0.41015625 0.2392578125 0.021484375 0.021484375 
0 0.4248046875 0.125 0.0234375 0.0234375 
0 0.4873046875 0.2099609375 0.021484375 0.021484375 
0 0.650390625 0.1337890625 0.021484375 0.021484375 
0 0.548828125 0.646484375 0.0234375 0.0234375 
1 0.369140625 0.37890625 0.021484375 0.021484375 
0 0.353515625 0.2373046875 0.0234375 0.0234375 
0 0.6904296875 0.095703125 0.0234375 0.0234375 
0 0.5302734375 0.2626953125 0.0234375 0.0234375 
1 0.3828125 0.466796875 0.021484375 0.021484375 
0 0.5361328125 0.0556640625 0.0224609375 0.0224609375 
0 0.408203125 0.1298828125 0.021484375 0.021484375 
0 0.4248046875 0.2353515625 0.021484375 0.021484375 
1 0.5048828125 0.17578125 0.021484375 0.021484375 
0 0.4990234375 0.5625 0.021484375 0.021484375 
0 0.5771484375 0.455078125 0.021484375 0.021484375 
0 0.5869140625 0.30859375 0.021484375 0.021484375 
0 0.5078125 0.6513671875 0.021484375 0.021484375 
1 0.5458984375 0.091796875 0.0224609375 0.0224609375 
0 0.4384765625 0.1142578125 0.0234375 0.0234375 
0 0.4306640625 0.2158203125 0.021484375 0.021484375 
0 0.599609375 0.2841796875 0.021484375 0.021484375 
0 0.482421875 0.3662109375 0.021484375 0.021484375 
0 0.333984375 0.1591796875 0.0234375 0.0234375 
0 0.572265625 0.509765625 0.021484375 0.021484375 
0 0.5166015625 0.6220703125 0.021484375 0.021484375 
1 0.5205078125 0.8115234375 0.0234375 0.0234375 
0 0.5107421875 0.3642578125 0.0224609375 0.0224609375 
0 0.36328125 0.2060546875 0.021484375 0.021484375 
0 0.439453125 0.419921875 0.021484375 0.021484375 
0 0.5927734375 0.6005859375 0.021484375 0.021484375 
0 0.4072265625 0.52734375 0.021484375 0.021484375 
1 0.5537109375 0.3134765625 0.021484375 0.021484375 
0 0.4892578125 0.388671875 0.021484375 0.021484375 
0 0.515625 0.7275390625 0.0234375 0.0234375 
0 0.5 0.072265625 0.021484375 0.021484375 
0 0.4248046875 0.638671875 0.0224609375 0.0224609375 
1 0.453125 0.1806640625 0.021484375 0.021484375 
0 0.529296875 0.0888671875 0.021484375 0.021484375 
0 0.474609375 0.3046875 0.021484375 0.021484375 
1 0.576171875 0.4150390625 0.0224609375 0.0224609375 
0 0.638671875 0.1875 0.0234375 0.0234375 
0 0.462890625 0.390625 0.021484375 0.021484375 
0 0.50390625 0.8837890625 0.025390625 0.025390625 
1 0.3779296875 0.16015625 0.021484375 0.021484375 
0 0.4658203125 0.6640625 0.021484375 0.021484375 
1 0.51171875 0.44921875 0.021484375 0.021484375 
0 0.5048828125 0.279296875 0.0234375 0.0234375 
0 0.509765625 0.43359375 0.0234375 0.0234375 
0 0.53125 0.3203125 0.0224609375 0.0224609375 
1 0.34765625 0.1240234375 0.021484375 0.021484375 
0 0.5498046875 0.8173828125 0.025390625 0.025390625 
0 0.55859375 0.1259765625 0.021484375 0.021484375 
0 0.6337890625 0.2275390625 0.0224609375 0.0224609375 
0 0.4423828125 0.53515625 0.0234375 0.0234375 
0 0.4248046875 0.2509765625 0.021484375 0.021484375 
1 0.4833984375 0.6279296875 0.021484375 0.021484375 
1 0.3740234375 0.1123046875 0.0224609375 0.0224609375 
0 0.66796875 0.2255859375 0.021484375 0.021484375 
0 0.62109375 0.3603515625 0.021484375 0.021484375 
0 0.490234375 0.7119140625 0.0234375 0.0234375 
0 0.3271484375 0.052734375 0.021484375 0.021484375 
1 0.3720703125 0.1298828125 0.021484375 0.021484375 
0 0.4609375 0.0546875 0.0224609375 0.0224609375 
