0 0.4560546875 0.3720703125 0.0234375 0.0234375 
0 0.4912109375 0.2900390625 0.021484375 0.021484375 
0 0.5205078125 0.0908203125 0.0234375 0.0234375 
1 0.4638671875 0.3330078125 0.021484375 0.021484375 
1 0.58203125 0.28515625 0.021484375 0.021484375 
0 0.35546875 0.3193359375 0.0234375 0.0234375 
0 0.4873046875 0.181640625 0.021484375 0.021484375 
0 0.5732421875 0.5869140625 0.021484375 0.021484375 
0 0.39453125 0.2060546875 0.0234375 0.0234375 
0 0.6494140625 0.1826171875 0.0224609375 0.0224609375 
0 0.53515625 0.5810546875 0.0234375 0.0234375 
0 0.5400390625 0.267578125 0.021484375 0.021484375 
0 0.6640625 0.0380859375 0.021484375 0.021484375 
1 0.3037109375 0.1591796875 0.021484375 0.021484375 
0 0.4697265625 0.4248046875 0.021484375 0.021484375 
0 0.34765625 0.2294921875 0.021484375 0.021484375 
1 0.451171875 0.6240234375 0.021484375 0.021484375 
1 0.6552734375 0.236328125 0.021484375 0.021484375 
0 0.6513671875 0.125 0.021484375 0.021484375 
0 0.5185546875 0.5673828125 0.0224609375 0.0224609375 
0 0.2958984375 0.130859375 0.021484375 0.021484375 
0 0.634765625 0.185546875 0.021484375 0.021484375 
1 0.5302734375 0.0302734375 0.021484375 0.021484375 
0 0.396484375 0.09375 0.0224609375 0.0224609375 
0 0.5400390625 0.4384765625 0.021484375 0.021484375 
0 0.505859375 0.720703125 0.0224609375 0.0224609375 
0 0.60546875 0.2275390625 0.021484375 0.021484375 
0 0.3740234375 0.1484375 0.0234375 0.0234375 
0 0.3115234375 0.140625 0.021484375 0.021484375 
0 0.4609375 0.73828125 0.021484375 0.021484375 
0 0.4384765625 0.6748046875 0.0234375 0.0234375 
0 0.498046875 0.7626953125 0.021484375 0.021484375 
1 0.54296875 0.0791015625 0.0224609375 0.0224609375 
1 0.443359375 0.59765625 0.0224609375 0.0224609375 
0 0.666015625 0.0791015625 0.0234375 0.0234375 
1 0.5556640625 0.3876953125 0.021484375 0.021484375 
0 0.4091796875 0.4267578125 0.021484375 0.021484375 
1 0.3359375 0.0439453125 0.021484375 0.021484375 
0 0.685546875 0.1689453125 0.021484375 0.021484375 
1 0.4453125 0.7333984375 0.021484375 0.021484375 
0 0.333984375 0.0927734375 0.0234375 0.0234375 
1 0.5634765625 0.1572265625 0.021484375 0.021484375 
0 0.6142578125 0.48828125 0.021484375 0.021484375 
0 0.5673828125 0.513671875 0.0234375 0.0234375 
0 0.40234375 0.2744140625 0.0234375 0.0234375 
0 0.4267578125 0.37109375 0.021484375 0.021484375 
0 0.609375 0.1357421875 0.021484375 0.021484375 
0 0.5810546875 0.603515625 0.0234375 0.0234375 
0 0.4912109375 0.251953125 0.0224609375 0.0224609375 
0 0.587890625 0.541015625 0.021484375 0.021484375 
0 0.548828125 0.6767578125 0.021484375 0.021484375 
0 0.337890625 0.265625 0.021484375 0.021484375 
1 0.5556640625 0.740234375 0.021484375 0.021484375 
0 0.5244140625 0.8095703125 0.021484375 0.021484375 
0 0.625 0.2216796875 0.0234375 0.0234375 
0 0.544921875 0.7919921875 0.0224609375 0.0224609375 
0 0.560546875 0.7705078125 0.0224609375 0.0224609375 
1 0.5595703125 0.2578125 0.0224609375 0.0224609375 
1 0.357421875 0.18359375 0.021484375 0.021484375 
0 0.587890625 0.4580078125 0.0234375 0.0234375 
1 0.6044921875 0.5439453125 0.021484375 0.021484375 
0 0.2939453125 0.0673828125 0.021484375 0.021484375 
0 0.431640625 0.705078125 0.0234375 0.0234375 
0 0.4150390625 0.2177734375 0.0224609375 0.0224609375 
0 0.4091796875 0.1689453125 0.0234375 0.0234375 
0 0.478515625 0.3984375 0.0224609375 0.0224609375 
0 0.3720703125 0.4638671875 0.021484375 0.021484375 
0 0.5732421875 0.7109375 0.021484375 0.021484375 
0 0.4580078125 0.470703125 0.0234375 0.0234375 
0 0.447265625 0.5087890625 0.0234375 0.0234375 
0 0.498046875 0.6484375 0.021484375 0.021484375 
0 0.3935546875 0.5166015625 0.0234375 0.0234375 
0 0.51953125 0.189453125 0.0234375 0.0234375 
0 0.5654296875 0.53515625 0.021484375 0.021484375 
0 0.32421875 0.06640625 0.021484375 0.021484375 
0 0.576171875 0.48046875 0.021484375 0.021484375 
0 0.5517578125 0.1240234375 0.0234375 0.0234375 
1 0.6162109375 0.1953125 0.0224609375 0.0224609375 
0 0.583984375 0.625 0.0224609375 0.0224609375 
0 0.3623046875 0.3662109375 0.0234375 0.0234375 
0 0.4697265625 0.5078125 0.021484375 0.021484375 
0 0.544921875 0.373046875 0.0234375 0.0234375 
0 0.4013671875 0.6005859375 0.0234375 0.0234375 
0 0.548828125 0.498046875 0.0234375 0.0234375 
1 0.5634765625 0.0869140625 0.0224609375 0.0224609375 
0 0.4931640625 0.89453125 0.021484375 0.021484375 
1 0.494140625 0.509765625 0.021484375 0.021484375 
1 0.4130859375 0.126953125 0.021484375 0.021484375 
0 0.6142578125 0.115234375 0.021484375 0.021484375 
0 0.45703125 0.2265625 0.0224609375 0.0224609375 
0 0.3388671875 0.1865234375 0.0234375 0.0234375 
0 0.4755859375 0.7548828125 0.025390625 0.025390625 
0 0.48828125 0.5673828125 0.0234375 0.0234375 
0 0.4501953125 0.552734375 0.0234375 0.0234375 
0 0.3828125 0.052734375 0.021484375 0.021484375 
1 0.546875 0.533203125 0.0224609375 0.0224609375 
0 0.4638671875 0.240234375 0.021484375 0.021484375 
0 0.33203125 0.1328125 0.021484375 0.021484375 
0 0.3994140625 0.341796875 0.0234375 0.0234375 
0 0.6083984375 0.314453125 0.021484375 0.021484375 
0 0.4384765625 0.150390625 0.021484375 0.021484375 
1 0.548828125 0.8408203125 0.021484375 0.021484375 
0 0.326171875 0.21484375 0.021484375 0.021484375 
0 0.4580078125 0.189453125 0.021484375 0.021484375 
0 0.54296875 0.6005859375 0.021484375 0.021484375 
0 0.5185546875 0.8642578125 0.0224609375 0.0224609375 
0 0.306640625 0.21484375 0.021484375 0.021484375 
0 0.36328125 0.42578125 0.021484375 0.021484375 
0 0.52734375 0.73046875 0.0234375 0.0234375 
1 0.4697265625 0.6513671875 0.0224609375 0.0224609375 
0 0.3857421875 0.24609375 0.021484375 0.021484375 
0 0.5595703125 0.32421875 0.0234375 0.0234375 
0 0.583984375 0.5625 0.0224609375 0.0224609375 
0 0.5048828125 0.1044921875 0.021484375 0.021484375 
1 0.6181640625 0.4306640625 0.021484375 0.021484375 
0 0.41796875 0.4736328125 0.021484375 0.021484375 
0 0.548828125 0.47265625 0.0234375 0.0234375 
0 0.458984375 0.849609375 0.0224609375 0.0224609375 
0 0.572265625 0.0302734375 0.021484375 0.021484375 
1 0.5478515625 0.625 0.021484375 0.021484375 
