0 0.5751953125 0.330078125 0.0234375 0.0234375 
1 0.4814453125 0.08984375 0.021484375 0.021484375 
0 0.392578125 0.5146484375 0.0224609375 0.0224609375 
0 0.5673828125 0.6240234375 0.021484375 0.021484375 
0 0.5654296875 0.376953125 0.0234375 0.0234375 
0 0.61328125 0.3154296875 0.0234375 0.0234375 
1 0.53125 0.150390625 0.021484375 0.021484375 
0 0.5 0.349609375 0.021484375 0.021484375 
0 0.5390625 0.0947265625 0.0234375 0.0234375 
0 0.388671875 0.40625 0.0234375 0.0234375 
0 0.6083984375 0.1669921875 0.021484375 0.021484375 
0 0.466796875 0.4072265625 0.0224609375 0.0224609375 
1 0.5634765625 0.15234375 0.0224609375 0.0224609375 
0 0.3798828125 0.0947265625 0.021484375 0.021484375 
1 0.50390625 0.4560546875 0.0224609375 0.0224609375 
1 0.525390625 0.3896484375 0.021484375 0.021484375 
0 0.521484375 0.6416015625 0.021484375 0.021484375 
0 0.5126953125 0.6591796875 0.021484375 0.021484375 
0 0.373046875 0.2548828125 0.021484375 0.021484375 
1 0.4296875 0.6318359375 0.021484375 0.021484375 
0 0.4501953125 0.0458984375 0.021484375 0.021484375 
0 0.3095703125 0.119140625 0.021484375 0.021484375 
0 0.328125 0.08984375 0.0224609375 0.0224609375 
0 0.4775390625 0.4873046875 0.021484375 0.021484375 
0 0.349609375 0.158203125 0.0234375 0.0234375 
0 0.33203125 0.2294921875 0.0234375 0.0234375 
0 0.4150390625 0.3828125 0.021484375 0.021484375 
0 0.5498046875 0.27734375 0.0234375 0.0234375 
1 0.427734375 0.5234375 0.0224609375 0.0224609375 
0 0.6123046875 0.369140625 0.0234375 0.0234375 
0 0.626953125 0.41015625 0.0234375 0.0234375 
0 0.3623046875 0.203125 0.021484375 0.021484375 
1 0.5859375 0.4736328125 0.021484375 0.021484375 
1 0.4912109375 0.4072265625 0.0224609375 0.0224609375 
0 0.3330078125 0.2109375 0.0234375 0.0234375 
1 0.5283203125 0.68359375 0.0224609375 0.0224609375 
0 0.5908203125 0.2080078125 0.0234375 0.0234375 
0 0.36328125 0.2802734375 0.021484375 0.021484375 
0 0.5 0.6298828125 0.021484375 0.021484375 
0 0.5654296875 0.576171875 0.021484375 0.021484375 
0 0.2939453125 0.1240234375 0.0234375 0.0234375 
1 0.5458984375 0.326171875 0.021484375 0.021484375 
0 0.6455078125 0.37109375 0.021484375 0.021484375 
0 0.435546875 0.0732421875 0.021484375 0.021484375 
0 0.6865234375 0.1005859375 0.021484375 0.021484375 
1 0.5634765625 0.1279296875 0.021484375 0.021484375 
0 0.6416015625 0.3984375 0.021484375 0.021484375 
0 0.3974609375 0.369140625 0.021484375 0.021484375 
0 0.5732421875 0.3955078125 0.0224609375 0.0224609375 
0 0.4873046875 0.564453125 0.021484375 0.021484375 
0 0.369140625 0.4306640625 0.021484375 0.021484375 
0 0.34765625 0.33203125 0.0234375 0.0234375 
0 0.3544921875 0.34765625 0.021484375 0.021484375 
0 0.4033203125 0.4169921875 0.021484375 0.021484375 
0 0.62109375 0.0849609375 0.0234375 0.0234375 
0 0.5390625 0.7001953125 0.0224609375 0.0224609375 
0 0.3564453125 0.05078125 0.021484375 0.021484375 
0 0.669921875 0.2587890625 0.021484375 0.021484375 
0 0.6435546875 0.30859375 0.0234375 0.0234375 
0 0.578125 0.4560546875 0.021484375 0.021484375 
0 0.4326171875 0.2333984375 0.0234375 0.0234375 
0 0.3212890625 0.2568359375 0.0234375 0.0234375 
0 0.51953125 0.3193359375 0.0224609375 0.0224609375 
0 0.4912109375 0.3125 0.021484375 0.021484375 
0 0.4384765625 0.431640625 0.0224609375 0.0224609375 
0 0.3935546875 0.18359375 0.021484375 0.021484375 
1 0.3232421875 0.169921875 0.0224609375 0.0224609375 
0 0.40234375 0.4921875 0.021484375 0.021484375 
0 0.52734375 0.373046875 0.021484375 0.021484375 
0 0.5380859375 0.490234375 0.0234375 0.0234375 
0 0.4638671875 0.6318359375 0.021484375 0.021484375 
0 0.4541015625 0.5537109375 0.021484375 0.021484375 
0 0.494140625 0.5888671875 0.021484375 0.021484375 
0 0.5869140625 0.16796875 0.021484375 0.021484375 
0 0.505859375 0.474609375 0.021484375 0.021484375 
1 0.6298828125 0.205078125 0.021484375 0.021484375 
0 0.376953125 0.3740234375 0.0234375 0.0234375 
0 0.4755859375 0.8623046875 0.025390625 0.025390625 
0 0.6494140625 0.1669921875 0.0234375 0.0234375 
0 0.5283203125 0.248046875 0.021484375 0.021484375 
0 0.28515625 0.0341796875 0.021484375 0.021484375 
0 0.44921875 0.2333984375 0.021484375 0.021484375 
0 0.5078125 0.2392578125 0.021484375 0.021484375 
0 0.6337890625 0.1123046875 0.021484375 0.021484375 
0 0.5498046875 0.80078125 0.0224609375 0.0224609375 
0 0.37890625 0.0673828125 0.021484375 0.021484375 
0 0.4365234375 0.4951171875 0.0234375 0.0234375 
0 0.658203125 0.298828125 0.021484375 0.021484375 
0 0.59765625 0.10546875 0.0224609375 0.0224609375 
1 0.7041015625 0.0380859375 0.0224609375 0.0224609375 
1 0.4775390625 0.119140625 0.0224609375 0.0224609375 
0 0.6357421875 0.08984375 0.021484375 0.021484375 
1 0.5703125 0.18359375 0.0224609375 0.0224609375 
0 0.3173828125 0.0361328125 0.0224609375 0.0224609375 
0 0.658203125 0.1171875 0.021484375 0.021484375 
0 0.58984375 0.5537109375 0.0234375 0.0234375 
0 0.376953125 0.1845703125 0.021484375 0.021484375 
0 0.439453125 0.1923828125 0.021484375 0.021484375 
1 0.48828125 0.10546875 0.021484375 0.021484375 
0 0.4345703125 0.1728515625 0.0234375 0.0234375 
1 0.349609375 0.1162109375 0.021484375 0.021484375 
0 0.3251953125 0.2880859375 0.0224609375 0.0224609375 
0 0.3056640625 0.189453125 0.0234375 0.0234375 
0 0.3818359375 0.236328125 0.021484375 0.021484375 
0 0.6494140625 0.048828125 0.0234375 0.0234375 
0 0.6171875 0.1455078125 0.021484375 0.021484375 
1 0.7177734375 0.0458984375 0.021484375 0.021484375 
1 0.4970703125 0.1962890625 0.021484375 0.021484375 
0 0.6103515625 0.40234375 0.0234375 0.0234375 
1 0.349609375 0.287109375 0.021484375 0.021484375 
0 0.4072265625 0.1455078125 0.0234375 0.0234375 
0 0.615234375 0.1904296875 0.0234375 0.0234375 
1 0.5732421875 0.6904296875 0.021484375 0.021484375 
0 0.4052734375 0.314453125 0.021484375 0.021484375 
0 0.5458984375 0.541015625 0.021484375 0.021484375 
0 0.56640625 0.7265625 0.021484375 0.021484375 
0 0.431640625 0.72265625 0.0234375 0.0234375 
0 0.48046875 0.7236328125 0.021484375 0.021484375 
0 0.5146484375 0.134765625 0.0234375 0.0234375 
1 0.52734375 0.515625 0.021484375 0.021484375 
0 0.515625 0.7998046875 0.0224609375 0.0224609375 
0 0.439453125 0.66015625 0.0224609375 0.0224609375 
1 0.6318359375 0.13671875 0.0224609375 0.0224609375 
0 0.3525390625 0.234375 0.0234375 0.0234375 
0 0.509765625 0.2041015625 0.021484375 0.021484375 
0 0.625 0.447265625 0.0224609375 0.0224609375 
0 0.5439453125 0.607421875 0.0224609375 0.0224609375 
0 0.6298828125 0.240234375 0.0234375 0.0234375 
0 0.53125 0.7470703125 0.021484375 0.021484375 
0 0.6357421875 0.181640625 0.021484375 0.021484375 
1 0.451171875 0.7158203125 0.021484375 0.021484375 
0 0.58984375 0.5205078125 0.021484375 0.021484375 
0 0.4169921875 0.0625 0.0234375 0.0234375 
1 0.4931640625 0.7978515625 0.021484375 0.021484375 
1 0.4814453125 0.13671875 0.021484375 0.021484375 
0 0.396484375 0.4306640625 0.021484375 0.021484375 
0 0.5517578125 0.16796875 0.021484375 0.021484375 
0 0.6044921875 0.2783203125 0.021484375 0.021484375 
1 0.4677734375 0.7841796875 0.021484375 0.021484375 
0 0.439453125 0.7392578125 0.0224609375 0.0224609375 
0 0.64453125 0.0771484375 0.021484375 0.021484375 
1 0.427734375 0.09375 0.021484375 0.021484375 
0 0.3515625 0.0693359375 0.0234375 0.0234375 
0 0.5126953125 0.111328125 0.021484375 0.021484375 
1 0.6796875 0.20703125 0.021484375 0.021484375 
0 0.328125 0.1123046875 0.0234375 0.0234375 
0 0.53515625 0.7265625 0.0234375 0.0234375 
0 0.626953125 0.0576171875 0.021484375 0.021484375 
0 0.6064453125 0.130859375 0.0234375 0.0234375 
0 0.3701171875 0.1083984375 0.021484375 0.021484375 
0 0.5009765625 0.7314453125 0.021484375 0.021484375 
0 0.443359375 0.2509765625 0.0224609375 0.0224609375 
0 0.4306640625 0.67578125 0.021484375 0.021484375 
0 0.5859375 0.087890625 0.0234375 0.0234375 
0 0.3369140625 0.244140625 0.0234375 0.0234375 
0 0.3544921875 0.1416015625 0.021484375 0.021484375 
0 0.375 0.4765625 0.0224609375 0.0224609375 
0 0.2724609375 0.044921875 0.0234375 0.0234375 
0 0.478515625 0.271484375 0.021484375 0.021484375 
0 0.4404296875 0.287109375 0.021484375 0.021484375 
0 0.4453125 0.576171875 0.021484375 0.021484375 
0 0.5 0.3662109375 0.021484375 0.021484375 
1 0.4248046875 0.033203125 0.021484375 0.021484375 
1 0.6123046875 0.4736328125 0.021484375 0.021484375 
0 0.53125 0.5791015625 0.021484375 0.021484375 
0 0.52734375 0.845703125 0.025390625 0.025390625 
1 0.4326171875 0.314453125 0.0224609375 0.0224609375 
0 0.4912109375 0.5107421875 0.021484375 0.021484375 
1 0.416015625 0.1826171875 0.0224609375 0.0224609375 
0 0.41015625 0.5537109375 0.021484375 0.021484375 
0 0.5458984375 0.5712890625 0.0234375 0.0234375 
1 0.5908203125 0.6220703125 0.021484375 0.021484375 
0 0.3916015625 0.2646484375 0.0234375 0.0234375 
1 0.5048828125 0.6005859375 0.021484375 0.021484375 
0 0.607421875 0.5185546875 0.0224609375 0.0224609375 
1 0.310546875 0.1533203125 0.021484375 0.021484375 
0 0.51171875 0.869140625 0.021484375 0.021484375 
0 0.4033203125 0.119140625 0.021484375 0.021484375 
0 0.515625 0.82421875 0.0234375 0.0234375 
0 0.5771484375 0.3486328125 0.0234375 0.0234375 
0 0.6572265625 0.06640625 0.0234375 0.0234375 
1 0.55859375 0.6416015625 0.021484375 0.021484375 
0 0.470703125 0.03125 0.021484375 0.021484375 
0 0.4599609375 0.158203125 0.021484375 0.021484375 
0 0.4375 0.54296875 0.021484375 0.021484375 
0 0.5810546875 0.3125 0.0234375 0.0234375 
0 0.54296875 0.123046875 0.021484375 0.021484375 
0 0.5634765625 0.2109375 0.021484375 0.021484375 
