0 0.4375 0.0673828125 0.0234375 0.0234375 
1 0.4189453125 0.21484375 0.0224609375 0.0224609375 
0 0.4140625 0.546875 0.021484375 0.021484375 
0 0.6865234375 0.1826171875 0.0234375 0.0234375 
0 0.46484375 0.7744140625 0.021484375 0.021484375 
1 0.6533203125 0.07421875 0.021484375 0.021484375 
0 0.5166015625 0.88671875 0.01953125 0.01953125 
1 0.521484375 0.7373046875 0.0224609375 0.0224609375 
0 0.525390625 0.5078125 0.0224609375 0.0224609375 
0 0.5888671875 0.10546875 0.021484375 0.021484375 
1 0.431640625 0.109375 0.021484375 0.021484375 
0 0.4404296875 0.0947265625 0.0224609375 0.0224609375 
0 0.490234375 0.3662109375 0.021484375 0.021484375 
0 0.4912109375 0.73046875 0.021484375 0.021484375 
1 0.619140625 0.2998046875 0.021484375 0.021484375 
1 0.4833984375 0.4111328125 0.0224609375 0.0224609375 
0 0.4853515625 0.3466796875 0.021484375 0.021484375 
1 0.51171875 0.1982421875 0.0224609375 0.0224609375 
0 0.5859375 0.359375 0.021484375 0.021484375 
0 0.5634765625 0.341796875 0.0234375 0.0234375 
0 0.470703125 0.7890625 0.0224609375 0.0224609375 
0 0.4140625 0.1884765625 0.021484375 0.021484375 
0 0.41796875 0.5322265625 0.021484375 0.021484375 
1 0.64453125 0.2177734375 0.021484375 0.021484375 
1 0.4052734375 0.5859375 0.021484375 0.021484375 
0 0.4521484375 0.0625 0.0234375 0.0234375 
0 0.431640625 0.66796875 0.0234375 0.0234375 
0 0.5419921875 0.431640625 0.0234375 0.0234375 
0 0.4892578125 0.078125 0.0234375 0.0234375 
0 0.498046875 0.767578125 0.0224609375 0.0224609375 
0 0.3564453125 0.23828125 0.021484375 0.021484375 
1 0.5322265625 0.564453125 0.0224609375 0.0224609375 
0 0.453125 0.5283203125 0.021484375 0.021484375 
0 0.5791015625 0.1923828125 0.021484375 0.021484375 
0 0.3349609375 0.0625 0.0234375 0.0234375 
0 0.45703125 0.8681640625 0.021484375 0.021484375 
0 0.494140625 0.1728515625 0.021484375 0.021484375 
0 0.5556640625 0.0615234375 0.021484375 0.021484375 
1 0.423828125 0.3271484375 0.0224609375 0.0224609375 
0 0.5029296875 0.1552734375 0.0234375 0.0234375 
0 0.548828125 0.7080078125 0.021484375 0.021484375 
1 0.48046875 0.8681640625 0.0234375 0.0234375 
1 0.392578125 0.2705078125 0.021484375 0.021484375 
1 0.419921875 0.505859375 0.021484375 0.021484375 
0 0.580078125 0.1259765625 0.021484375 0.021484375 
1 0.544921875 0.3427734375 0.021484375 0.021484375 
0 0.6748046875 0.080078125 0.021484375 0.021484375 
1 0.3984375 0.099609375 0.021484375 0.021484375 
1 0.662109375 0.2490234375 0.021484375 0.021484375 
0 0.4599609375 0.2138671875 0.021484375 0.021484375 
0 0.3486328125 0.3134765625 0.021484375 0.021484375 
0 0.3984375 0.529296875 0.0224609375 0.0224609375 
0 0.38671875 0.18359375 0.021484375 0.021484375 
0 0.53125 0.7939453125 0.0224609375 0.0224609375 
0 0.3779296875 0.4169921875 0.0234375 0.0234375 
0 0.455078125 0.5615234375 0.0234375 0.0234375 
0 0.3203125 0.2578125 0.021484375 0.021484375 
0 0.681640625 0.1240234375 0.021484375 0.021484375 
0 0.5009765625 0.2216796875 0.0234375 0.0234375 
0 0.5517578125 0.36328125 0.021484375 0.021484375 
0 0.6220703125 0.15625 0.021484375 0.021484375 
1 0.62890625 0.2880859375 0.0224609375 0.0224609375 
0 0.6015625 0.431640625 0.0234375 0.0234375 
0 0.6259765625 0.2001953125 0.0234375 0.0234375 
0 0.5185546875 0.3271484375 0.021484375 0.021484375 
0 0.458984375 0.626953125 0.0224609375 0.0224609375 
1 0.5029296875 0.4482421875 0.021484375 0.021484375 
1 0.625 0.08984375 0.021484375 0.021484375 
1 0.6650390625 0.171875 0.0224609375 0.0224609375 
1 0.291015625 0.1455078125 0.0224609375 0.0224609375 
0 0.4638671875 0.8359375 0.021484375 0.021484375 
0 0.462890625 0.3017578125 0.021484375 0.021484375 
0 0.4638671875 0.1416015625 0.021484375 0.021484375 
0 0.287109375 0.1044921875 0.021484375 0.021484375 
0 0.5087890625 0.80859375 0.025390625 0.025390625 
1 0.6689453125 0.1884765625 0.0224609375 0.0224609375 
1 0.4931640625 0.7509765625 0.021484375 0.021484375 
1 0.5205078125 0.29296875 0.0224609375 0.0224609375 
0 0.4970703125 0.4716796875 0.0224609375 0.0224609375 
0 0.4541015625 0.3701171875 0.021484375 0.021484375 
0 0.5390625 0.6494140625 0.0234375 0.0234375 
1 0.54296875 0.7626953125 0.021484375 0.021484375 
0 0.5107421875 0.6220703125 0.021484375 0.021484375 
1 0.3837890625 0.1435546875 0.021484375 0.021484375 
0 0.3125 0.181640625 0.021484375 0.021484375 
0 0.3798828125 0.2421875 0.021484375 0.021484375 
0 0.4189453125 0.5615234375 0.0234375 0.0234375 
0 0.4765625 0.033203125 0.0234375 0.0234375 
1 0.5126953125 0.52734375 0.021484375 0.021484375 
0 0.6396484375 0.400390625 0.021484375 0.021484375 
0 0.544921875 0.853515625 0.0224609375 0.0224609375 
0 0.4228515625 0.138671875 0.021484375 0.021484375 
0 0.4892578125 0.646484375 0.0234375 0.0234375 
0 0.4365234375 0.306640625 0.021484375 0.021484375 
1 0.6435546875 0.2333984375 0.021484375 0.021484375 
1 0.533203125 0.8212890625 0.0234375 0.0234375 
0 0.3857421875 0.3701171875 0.021484375 0.021484375 
1 0.546875 0.0322265625 0.021484375 0.021484375 
1 0.533203125 0.8681640625 0.0234375 0.0234375 
0 0.5380859375 0.8369140625 0.01953125 0.01953125 
0 0.576171875 0.646484375 0.0224609375 0.0224609375 
0 0.50390625 0.5009765625 0.021484375 0.021484375 
0 0.537109375 0.251953125 0.0234375 0.0234375 
0 0.4794921875 0.8828125 0.021484375 0.021484375 
1 0.4853515625 0.5419921875 0.021484375 0.021484375 
0 0.4462890625 0.248046875 0.021484375 0.021484375 
0 0.6171875 0.173828125 0.0234375 0.0234375 
0 0.603515625 0.36328125 0.021484375 0.021484375 
0 0.4833984375 0.560546875 0.021484375 0.021484375 
0 0.4990234375 0.265625 0.021484375 0.021484375 
1 0.4248046875 0.728515625 0.021484375 0.021484375 
1 0.404296875 0.068359375 0.021484375 0.021484375 
1 0.5 0.0458984375 0.021484375 0.021484375 
0 0.486328125 0.78125 0.025390625 0.025390625 
1 0.43359375 0.341796875 0.0224609375 0.0224609375 
0 0.572265625 0.0498046875 0.021484375 0.021484375 
0 0.6259765625 0.0732421875 0.0234375 0.0234375 
0 0.580078125 0.4755859375 0.0234375 0.0234375 
1 0.5283203125 0.0625 0.021484375 0.021484375 
0 0.5576171875 0.58984375 0.021484375 0.021484375 
0 0.3896484375 0.3232421875 0.021484375 0.021484375 
1 0.4072265625 0.298828125 0.021484375 0.021484375 
1 0.51171875 0.7080078125 0.0224609375 0.0224609375 
0 0.3310546875 0.1708984375 0.021484375 0.021484375 
0 0.4619140625 0.158203125 0.021484375 0.021484375 
0 0.322265625 0.1376953125 0.0234375 0.0234375 
0 0.4052734375 0.375 0.0234375 0.0234375 
0 0.6181640625 0.03515625 0.0224609375 0.0224609375 
0 0.5263671875 0.7587890625 0.021484375 0.021484375 
0 0.4814453125 0.271484375 0.0234375 0.0234375 
0 0.5615234375 0.306640625 0.0234375 0.0234375 
0 0.6064453125 0.064453125 0.0234375 0.0234375 
0 0.6201171875 0.4638671875 0.0234375 0.0234375 
