1 0.5849609375 0.171875 0.0224609375 0.0224609375 
0 0.548828125 0.505859375 0.021484375 0.021484375 
1 0.5458984375 0.4404296875 0.0224609375 0.0224609375 
0 0.3857421875 0.3603515625 0.021484375 0.021484375 
0 0.4130859375 0.0927734375 0.0224609375 0.0224609375 
0 0.4501953125 0.724609375 0.0234375 0.0234375 
0 0.6328125 0.357421875 0.021484375 0.021484375 
0 0.4033203125 0.443359375 0.021484375 0.021484375 
0 0.5234375 0.42578125 0.0224609375 0.0224609375 
0 0.4248046875 0.5 0.0224609375 0.0224609375 
1 0.5029296875 0.4501953125 0.021484375 0.021484375 
0 0.33984375 0.31640625 0.021484375 0.021484375 
1 0.3408203125 0.0927734375 0.021484375 0.021484375 
1 0.4931640625 0.8203125 0.021484375 0.021484375 
0 0.513671875 0.580078125 0.021484375 0.021484375 
1 0.3818359375 0.439453125 0.021484375 0.021484375 
1 0.53125 0.8369140625 0.0234375 0.0234375 
0 0.5771484375 0.1162109375 0.021484375 0.021484375 
0 0.4296875 0.5146484375 0.0224609375 0.0224609375 
1 0.48828125 0.5322265625 0.021484375 0.021484375 
0 0.4560546875 0.419921875 0.021484375 0.021484375 
1 0.4951171875 0.8369140625 0.021484375 0.021484375 
0 0.46875 0.06640625 0.021484375 0.021484375 
1 0.427734375 0.6181640625 0.021484375 0.021484375 
0 0.5966796875 0.06640625 0.021484375 0.021484375 
0 0.396484375 0.0751953125 0.021484375 0.021484375 
0 0.34375 0.07421875 0.0234375 0.0234375 
0 0.6318359375 0.3125 0.021484375 0.021484375 
0 0.3603515625 0.2353515625 0.021484375 0.021484375 
1 0.3740234375 0.21484375 0.0224609375 0.0224609375 
0 0.6279296875 0.37890625 0.021484375 0.021484375 
0 0.5478515625 0.123046875 0.021484375 0.021484375 
0 0.431640625 0.673828125 0.0234375 0.0234375 
0 0.61328125 0.1435546875 0.0224609375 0.0224609375 
0 0.4599609375 0.4794921875 0.021484375 0.021484375 
0 0.4501953125 0.2255859375 0.021484375 0.021484375 
0 0.59765625 0.2734375 0.021484375 0.021484375 
0 0.5751953125 0.388671875 0.0224609375 0.0224609375 
1 0.53515625 0.6962890625 0.0224609375 0.0224609375 
0 0.6044921875 0.3671875 0.021484375 0.021484375 
0 0.388671875 0.39453125 0.0234375 0.0234375 
0 0.517578125 0.05859375 0.021484375 0.021484375 
0 0.3740234375 0.1259765625 0.0224609375 0.0224609375 
0 0.435546875 0.1708984375 0.0234375 0.0234375 
0 0.5458984375 0.0830078125 0.0224609375 0.0224609375 
1 0.5205078125 0.8154296875 0.0234375 0.0234375 
0 0.4521484375 0.75 0.021484375 0.021484375 
0 0.494140625 0.6591796875 0.0234375 0.0234375 
1 0.453125 0.84375 0.021484375 0.021484375 
0 0.376953125 0.248046875 0.0234375 0.0234375 
0 0.5087890625 0.8017578125 0.025390625 0.025390625 
0 0.646484375 0.1044921875 0.0234375 0.0234375 
1 0.53515625 0.09765625 0.021484375 0.021484375 
0 0.6103515625 0.1728515625 0.021484375 0.021484375 
0 0.6123046875 0.466796875 0.021484375 0.021484375 
0 0.548828125 0.796875 0.0234375 0.0234375 
0 0.34765625 0.3544921875 0.0224609375 0.0224609375 
1 0.609375 0.38671875 0.021484375 0.021484375 
0 0.341796875 0.298828125 0.021484375 0.021484375 
0 0.6201171875 0.080078125 0.021484375 0.021484375 
0 0.5751953125 0.6767578125 0.0234375 0.0234375 
0 0.4619140625 0.8203125 0.01953125 0.01953125 
0 0.4033203125 0.5654296875 0.021484375 0.021484375 
1 0.375 0.2724609375 0.021484375 0.021484375 
0 0.595703125 0.08203125 0.0234375 0.0234375 
0 0.642578125 0.189453125 0.0224609375 0.0224609375 
0 0.6962890625 0.0478515625 0.0234375 0.0234375 
0 0.537109375 0.3837890625 0.021484375 0.021484375 
0 0.298828125 0.1298828125 0.0234375 0.0234375 
0 0.400390625 0.1953125 0.021484375 0.021484375 
0 0.5361328125 0.17578125 0.0224609375 0.0224609375 
0 0.5859375 0.2265625 0.0224609375 0.0224609375 
0 0.3291015625 0.130859375 0.021484375 0.021484375 
0 0.4072265625 0.4990234375 0.0234375 0.0234375 
0 0.4765625 0.2314453125 0.0224609375 0.0224609375 
1 0.55078125 0.310546875 0.021484375 0.021484375 
0 0.5068359375 0.8515625 0.0234375 0.0234375 
0 0.5810546875 0.52734375 0.021484375 0.021484375 
0 0.48828125 0.5859375 0.021484375 0.021484375 
0 0.443359375 0.501953125 0.021484375 0.021484375 
1 0.3935546875 0.283203125 0.021484375 0.021484375 
0 0.5634765625 0.171875 0.021484375 0.021484375 
0 0.5546875 0.7275390625 0.021484375 0.021484375 
0 0.564453125 0.4013671875 0.021484375 0.021484375 
0 0.3525390625 0.1591796875 0.021484375 0.021484375 
0 0.556640625 0.3515625 0.021484375 0.021484375 
1 0.5888671875 0.40625 0.021484375 0.021484375 
0 0.3798828125 0.48046875 0.0234375 0.0234375 
0 0.302734375 0.0908203125 0.021484375 0.021484375 
0 0.5126953125 0.0947265625 0.021484375 0.021484375 
0 0.3603515625 0.294921875 0.021484375 0.021484375 
0 0.6875 0.0732421875 0.021484375 0.021484375 
1 0.4248046875 0.7119140625 0.021484375 0.021484375 
0 0.5400390625 0.6376953125 0.021484375 0.021484375 
0 0.5751953125 0.1357421875 0.021484375 0.021484375 
1 0.626953125 0.1064453125 0.021484375 0.021484375 
0 0.41796875 0.2236328125 0.021484375 0.021484375 
0 0.5830078125 0.353515625 0.021484375 0.021484375 
0 0.4111328125 0.6376953125 0.0234375 0.0234375 
0 0.3193359375 0.0869140625 0.021484375 0.021484375 
0 0.55859375 0.6513671875 0.021484375 0.021484375 
0 0.603515625 0.3447265625 0.021484375 0.021484375 
0 0.5869140625 0.328125 0.0234375 0.0234375 
0 0.4833984375 0.498046875 0.021484375 0.021484375 
0 0.5771484375 0.6064453125 0.0234375 0.0234375 
1 0.513671875 0.1923828125 0.0224609375 0.0224609375 
1 0.5263671875 0.587890625 0.021484375 0.021484375 
0 0.2978515625 0.056640625 0.021484375 0.021484375 
1 0.4638671875 0.462890625 0.021484375 0.021484375 
0 0.61328125 0.3115234375 0.0234375 0.0234375 
0 0.345703125 0.0341796875 0.021484375 0.021484375 
1 0.3818359375 0.177734375 0.021484375 0.021484375 
0 0.4072265625 0.1416015625 0.021484375 0.021484375 
0 0.6533203125 0.2900390625 0.021484375 0.021484375 
0 0.5810546875 0.0380859375 0.021484375 0.021484375 
0 0.6015625 0.1533203125 0.021484375 0.021484375 
0 0.5986328125 0.5 0.0224609375 0.0224609375 
0 0.4208984375 0.4765625 0.021484375 0.021484375 
0 0.4072265625 0.3466796875 0.021484375 0.021484375 
1 0.412109375 0.05078125 0.021484375 0.021484375 
0 0.4814453125 0.2041015625 0.021484375 0.021484375 
0 0.6044921875 0.330078125 0.021484375 0.021484375 
0 0.392578125 0.3203125 0.021484375 0.021484375 
1 0.498046875 0.6005859375 0.021484375 0.021484375 
0 0.4404296875 0.1865234375 0.021484375 0.021484375 
0 0.447265625 0.5390625 0.0224609375 0.0224609375 
