0 0.5048828125 0.09375 0.021484375 0.021484375 
0 0.341796875 0.041015625 0.021484375 0.021484375 
0 0.611328125 0.53125 0.0234375 0.0234375 
0 0.4404296875 0.1416015625 0.021484375 0.021484375 
0 0.4892578125 0.4287109375 0.0234375 0.0234375 
0 0.5966796875 0.5458984375 0.0234375 0.0234375 
0 0.451171875 0.51171875 0.021484375 0.021484375 
0 0.4267578125 0.5 0.021484375 0.021484375 
0 0.6025390625 0.2021484375 0.021484375 0.021484375 
0 0.537109375 0.05859375 0.0234375 0.0234375 
0 0.537109375 0.5888671875 0.021484375 0.021484375 
0 0.3671875 0.3876953125 0.021484375 0.021484375 
0 0.3798828125 0.525390625 0.0234375 0.0234375 
0 0.515625 0.7685546875 0.025390625 0.025390625 
0 0.35546875 0.330078125 0.021484375 0.021484375 
0 0.572265625 0.1787109375 0.0224609375 0.0224609375 
0 0.498046875 0.6865234375 0.021484375 0.021484375 
0 0.427734375 0.5673828125 0.021484375 0.021484375 
0 0.4189453125 0.216796875 0.0234375 0.0234375 
0 0.453125 0.8046875 0.0224609375 0.0224609375 
0 0.5244140625 0.126953125 0.0224609375 0.0224609375 
0 0.6845703125 0.1025390625 0.021484375 0.021484375 
1 0.50390625 0.34765625 0.0224609375 0.0224609375 
0 0.44140625 0.2451171875 0.021484375 0.021484375 
1 0.4609375 0.666015625 0.021484375 0.021484375 
1 0.3017578125 0.1416015625 0.021484375 0.021484375 
0 0.548828125 0.8115234375 0.025390625 0.025390625 
0 0.564453125 0.7275390625 0.0234375 0.0234375 
1 0.376953125 0.046875 0.0224609375 0.0224609375 
0 0.4970703125 0.37109375 0.0234375 0.0234375 
0 0.5576171875 0.6494140625 0.021484375 0.021484375 
0 0.5166015625 0.646484375 0.021484375 0.021484375 
0 0.564453125 0.42578125 0.0234375 0.0234375 
0 0.3955078125 0.2275390625 0.021484375 0.021484375 
0 0.5380859375 0.5 0.021484375 0.021484375 
1 0.482421875 0.1015625 0.021484375 0.021484375 
0 0.3994140625 0.58984375 0.021484375 0.021484375 
0 0.4404296875 0.447265625 0.0234375 0.0234375 
1 0.4765625 0.2314453125 0.021484375 0.021484375 
0 0.4287109375 0.228515625 0.0234375 0.0234375 
0 0.58203125 0.384765625 0.021484375 0.021484375 
0 0.455078125 0.318359375 0.021484375 0.021484375 
0 0.3232421875 0.2705078125 0.021484375 0.021484375 
1 0.4951171875 0.126953125 0.0224609375 0.0224609375 
0 0.5556640625 0.4931640625 0.021484375 0.021484375 
0 0.6748046875 0.1513671875 0.0234375 0.0234375 
0 0.47265625 0.498046875 0.021484375 0.021484375 
0 0.5224609375 0.2333984375 0.021484375 0.021484375 
0 0.484375 0.8173828125 0.01953125 0.01953125 
0 0.3671875 0.2841796875 0.0234375 0.0234375 
0 0.626953125 0.2060546875 0.021484375 0.021484375 
0 0.4765625 0.8916015625 0.021484375 0.021484375 
1 0.546875 0.66015625 0.021484375 0.021484375 
0 0.447265625 0.54296875 0.0224609375 0.0224609375 
0 0.5361328125 0.6748046875 0.021484375 0.021484375 
0 0.509765625 0.4912109375 0.0224609375 0.0224609375 
1 0.541015625 0.1611328125 0.021484375 0.021484375 
0 0.6552734375 0.2197265625 0.021484375 0.021484375 
0 0.3291015625 0.2919921875 0.021484375 0.021484375 
0 0.548828125 0.6123046875 0.0224609375 0.0224609375 
0 0.5 0.1533203125 0.0234375 0.0234375 
1 0.48828125 0.759765625 0.021484375 0.021484375 
0 0.51953125 0.509765625 0.0224609375 0.0224609375 
1 0.421875 0.45703125 0.021484375 0.021484375 
0 0.578125 0.1455078125 0.0224609375 0.0224609375 
0 0.5966796875 0.490234375 0.0234375 0.0234375 
0 0.4013671875 0.3740234375 0.0234375 0.0234375 
0 0.580078125 0.447265625 0.0234375 0.0234375 
0 0.5732421875 0.6865234375 0.021484375 0.021484375 
0 0.4443359375 0.3974609375 0.021484375 0.021484375 
0 0.423828125 0.4091796875 0.021484375 0.021484375 
1 0.5126953125 0.6162109375 0.021484375 0.021484375 
0 0.6240234375 0.34765625 0.021484375 0.021484375 
0 0.5888671875 0.4150390625 0.0234375 0.0234375 
1 0.509765625 0.36328125 0.0224609375 0.0224609375 
0 0.5546875 0.775390625 0.025390625 0.025390625 
0 0.4833984375 0.4091796875 0.0234375 0.0234375 
