0 0.4384765625 0.109375 0.021484375 0.021484375 
0 0.5 0.6982421875 0.021484375 0.021484375 
0 0.3740234375 0.2958984375 0.021484375 0.021484375 
0 0.462890625 0.17578125 0.0224609375 0.0224609375 
0 0.51171875 0.5498046875 0.021484375 0.021484375 
0 0.66015625 0.21484375 0.021484375 0.021484375 
0 0.5849609375 0.05859375 0.021484375 0.021484375 
0 0.5185546875 0.130859375 0.0234375 0.0234375 
0 0.640625 0.3857421875 0.021484375 0.021484375 
0 0.3095703125 0.1650390625 0.021484375 0.021484375 
0 0.5078125 0.1708984375 0.0234375 0.0234375 
1 0.6083984375 0.083984375 0.021484375 0.021484375 
0 0.64453125 0.34765625 0.021484375 0.021484375 
0 0.625 0.3583984375 0.021484375 0.021484375 
0 0.49609375 0.5576171875 0.021484375 0.021484375 
0 0.5390625 0.310546875 0.0234375 0.0234375 
0 0.5185546875 0.623046875 0.0234375 0.0234375 
0 0.3779296875 0.419921875 0.021484375 0.021484375 
0 0.6796875 0.1787109375 0.021484375 0.021484375 
0 0.490234375 0.158203125 0.021484375 0.021484375 
0 0.48046875 0.2919921875 0.0234375 0.0234375 
0 0.4033203125 0.4287109375 0.021484375 0.021484375 
0 0.529296875 0.39453125 0.021484375 0.021484375 
0 0.6494140625 0.2568359375 0.021484375 0.021484375 
0 0.3994140625 0.60546875 0.0234375 0.0234375 
0 0.400390625 0.5361328125 0.0234375 0.0234375 
1 0.55859375 0.734375 0.021484375 0.021484375 
0 0.5458984375 0.8232421875 0.0224609375 0.0224609375 
0 0.447265625 0.5634765625 0.021484375 0.021484375 
0 0.568359375 0.2958984375 0.0224609375 0.0224609375 
0 0.3203125 0.271484375 0.021484375 0.021484375 
0 0.349609375 0.291015625 0.0234375 0.0234375 
0 0.640625 0.1357421875 0.021484375 0.021484375 
1 0.546875 0.220703125 0.021484375 0.021484375 
0 0.4609375 0.353515625 0.021484375 0.021484375 
0 0.3994140625 0.3857421875 0.021484375 0.021484375 
1 0.349609375 0.18359375 0.0224609375 0.0224609375 
0 0.5029296875 0.4072265625 0.021484375 0.021484375 
0 0.6337890625 0.1953125 0.0234375 0.0234375 
0 0.5634765625 0.533203125 0.021484375 0.021484375 
1 0.4228515625 0.5576171875 0.021484375 0.021484375 
0 0.5 0.7373046875 0.0234375 0.0234375 
0 0.3369140625 0.1669921875 0.0234375 0.0234375 
0 0.6591796875 0.2294921875 0.0234375 0.0234375 
1 0.3564453125 0.3291015625 0.021484375 0.021484375 
0 0.396484375 0.3486328125 0.0234375 0.0234375 
0 0.6015625 0.2099609375 0.021484375 0.021484375 
1 0.501953125 0.7705078125 0.021484375 0.021484375 
0 0.5341796875 0.6923828125 0.0234375 0.0234375 
1 0.5556640625 0.2841796875 0.021484375 0.021484375 
0 0.4326171875 0.6396484375 0.021484375 0.021484375 
0 0.6015625 0.4033203125 0.0224609375 0.0224609375 
0 0.5048828125 0.0478515625 0.0234375 0.0234375 
0 0.681640625 0.0341796875 0.021484375 0.021484375 
1 0.4677734375 0.3876953125 0.021484375 0.021484375 
1 0.453125 0.2158203125 0.0224609375 0.0224609375 
0 0.6279296875 0.0791015625 0.0234375 0.0234375 
0 0.48828125 0.474609375 0.0224609375 0.0224609375 
0 0.5849609375 0.630859375 0.021484375 0.021484375 
1 0.431640625 0.5009765625 0.021484375 0.021484375 
0 0.48828125 0.431640625 0.021484375 0.021484375 
0 0.34765625 0.1416015625 0.021484375 0.021484375 
1 0.4111328125 0.0947265625 0.0224609375 0.0224609375 
1 0.615234375 0.130859375 0.0224609375 0.0224609375 
0 0.66015625 0.2763671875 0.0234375 0.0234375 
0 0.5458984375 0.1025390625 0.021484375 0.021484375 
0 0.48828125 0.12890625 0.021484375 0.021484375 
0 0.35546875 0.2392578125 0.0234375 0.0234375 
0 0.298828125 0.0947265625 0.021484375 0.021484375 
0 0.3671875 0.212890625 0.021484375 0.021484375 
0 0.46875 0.08984375 0.0234375 0.0234375 
0 0.5966796875 0.5615234375 0.0234375 0.0234375 
1 0.525390625 0.8212890625 0.021484375 0.021484375 
0 0.5478515625 0.515625 0.0234375 0.0234375 
0 0.630859375 0.3349609375 0.021484375 0.021484375 
0 0.453125 0.3974609375 0.021484375 0.021484375 
0 0.7001953125 0.0732421875 0.0234375 0.0234375 
1 0.4580078125 0.693359375 0.021484375 0.021484375 
0 0.576171875 0.11328125 0.0234375 0.0234375 
0 0.4453125 0.1640625 0.021484375 0.021484375 
0 0.4443359375 0.0361328125 0.021484375 0.021484375 
0 0.455078125 0.6669921875 0.021484375 0.021484375 
1 0.4765625 0.2392578125 0.021484375 0.021484375 
0 0.494140625 0.8115234375 0.025390625 0.025390625 
1 0.5869140625 0.181640625 0.021484375 0.021484375 
0 0.6015625 0.4384765625 0.0234375 0.0234375 
0 0.376953125 0.0986328125 0.0234375 0.0234375 
1 0.5927734375 0.310546875 0.021484375 0.021484375 
0 0.6494140625 0.3115234375 0.021484375 0.021484375 
1 0.587890625 0.2626953125 0.021484375 0.021484375 
0 0.30859375 0.2138671875 0.0234375 0.0234375 
1 0.3359375 0.2578125 0.021484375 0.021484375 
0 0.40234375 0.482421875 0.021484375 0.021484375 
1 0.5634765625 0.6279296875 0.0224609375 0.0224609375 
0 0.412109375 0.220703125 0.0234375 0.0234375 
0 0.54296875 0.7578125 0.0234375 0.0234375 
0 0.62109375 0.3759765625 0.0224609375 0.0224609375 
0 0.5947265625 0.48046875 0.0224609375 0.0224609375 
1 0.482421875 0.583984375 0.0224609375 0.0224609375 
0 0.3623046875 0.3515625 0.0234375 0.0234375 
0 0.3203125 0.234375 0.0234375 0.0234375 
0 0.44921875 0.0634765625 0.021484375 0.021484375 
0 0.5517578125 0.5615234375 0.021484375 0.021484375 
0 0.4208984375 0.068359375 0.021484375 0.021484375 
0 0.5947265625 0.609375 0.021484375 0.021484375 
1 0.5947265625 0.2451171875 0.0224609375 0.0224609375 
0 0.3818359375 0.4404296875 0.0234375 0.0234375 
0 0.5224609375 0.5634765625 0.021484375 0.021484375 
0 0.5869140625 0.41796875 0.021484375 0.021484375 
0 0.4384765625 0.6103515625 0.0234375 0.0234375 
1 0.6748046875 0.224609375 0.021484375 0.021484375 
0 0.4931640625 0.2724609375 0.021484375 0.021484375 
0 0.5166015625 0.7275390625 0.0224609375 0.0224609375 
0 0.431640625 0.37109375 0.0234375 0.0234375 
0 0.33203125 0.216796875 0.021484375 0.021484375 
1 0.578125 0.568359375 0.0224609375 0.0224609375 
0 0.474609375 0.1162109375 0.0234375 0.0234375 
0 0.55078125 0.71484375 0.021484375 0.021484375 
0 0.2880859375 0.046875 0.0234375 0.0234375 
0 0.5693359375 0.177734375 0.021484375 0.021484375 
1 0.3916015625 0.5654296875 0.021484375 0.021484375 
1 0.3798828125 0.3125 0.021484375 0.021484375 
0 0.599609375 0.3759765625 0.0234375 0.0234375 
0 0.408203125 0.3720703125 0.021484375 0.021484375 
0 0.353515625 0.40625 0.0224609375 0.0224609375 
1 0.369140625 0.365234375 0.021484375 0.021484375 
0 0.55078125 0.1533203125 0.021484375 0.021484375 
0 0.55859375 0.12109375 0.021484375 0.021484375 
0 0.4462890625 0.4453125 0.0224609375 0.0224609375 
1 0.5341796875 0.33203125 0.0224609375 0.0224609375 
1 0.5048828125 0.4677734375 0.021484375 0.021484375 
0 0.390625 0.138671875 0.0224609375 0.0224609375 
0 0.3583984375 0.421875 0.0234375 0.0234375 
1 0.64453125 0.2275390625 0.021484375 0.021484375 
0 0.3916015625 0.123046875 0.021484375 0.021484375 
0 0.37890625 0.3486328125 0.0234375 0.0234375 
0 0.3662109375 0.04296875 0.0224609375 0.0224609375 
0 0.4619140625 0.798828125 0.01953125 0.01953125 
0 0.52734375 0.486328125 0.021484375 0.021484375 
0 0.3193359375 0.19140625 0.021484375 0.021484375 
0 0.4267578125 0.6982421875 0.0224609375 0.0224609375 
0 0.486328125 0.7880859375 0.0234375 0.0234375 
0 0.482421875 0.458984375 0.0234375 0.0234375 
0 0.3974609375 0.44921875 0.021484375 0.021484375 
0 0.4150390625 0.681640625 0.021484375 0.021484375 
1 0.5654296875 0.3154296875 0.021484375 0.021484375 
0 0.52734375 0.0498046875 0.0224609375 0.0224609375 
0 0.4775390625 0.650390625 0.021484375 0.021484375 
1 0.5390625 0.4189453125 0.0224609375 0.0224609375 
0 0.5595703125 0.26171875 0.021484375 0.021484375 
1 0.6591796875 0.1962890625 0.021484375 0.021484375 
0 0.5849609375 0.34375 0.0234375 0.0234375 
1 0.4833984375 0.841796875 0.021484375 0.021484375 
0 0.4208984375 0.6162109375 0.021484375 0.021484375 
0 0.498046875 0.3017578125 0.0224609375 0.0224609375 
1 0.5361328125 0.125 0.0224609375 0.0224609375 
0 0.3876953125 0.25390625 0.021484375 0.021484375 
0 0.51171875 0.259765625 0.0234375 0.0234375 
0 0.451171875 0.78125 0.021484375 0.021484375 
