0 0.4365234375 0.4833984375 0.0224609375 0.0224609375 
1 0.4833984375 0.6484375 0.0224609375 0.0224609375 
0 0.6484375 0.0830078125 0.0234375 0.0234375 
0 0.4736328125 0.5283203125 0.0224609375 0.0224609375 
0 0.669921875 0.21484375 0.0234375 0.0234375 
0 0.529296875 0.3671875 0.021484375 0.021484375 
0 0.5703125 0.673828125 0.021484375 0.021484375 
0 0.50390625 0.6748046875 0.0234375 0.0234375 
0 0.37890625 0.44921875 0.021484375 0.021484375 
1 0.5849609375 0.59375 0.021484375 0.021484375 
0 0.4853515625 0.119140625 0.021484375 0.021484375 
1 0.560546875 0.6435546875 0.0224609375 0.0224609375 
0 0.3681640625 0.1337890625 0.0234375 0.0234375 
0 0.30078125 0.0390625 0.021484375 0.021484375 
0 0.458984375 0.1533203125 0.0234375 0.0234375 
1 0.455078125 0.1201171875 0.0224609375 0.0224609375 
0 0.4736328125 0.6630859375 0.0234375 0.0234375 
1 0.564453125 0.7216796875 0.021484375 0.021484375 
0 0.708984375 0.078125 0.0234375 0.0234375 
0 0.3193359375 0.138671875 0.0224609375 0.0224609375 
0 0.5673828125 0.5693359375 0.021484375 0.021484375 
0 0.533203125 0.177734375 0.021484375 0.021484375 
0 0.5224609375 0.4140625 0.021484375 0.021484375 
0 0.6943359375 0.0390625 0.021484375 0.021484375 
0 0.595703125 0.6162109375 0.021484375 0.021484375 
0 0.474609375 0.263671875 0.0234375 0.0234375 
0 0.5439453125 0.154296875 0.0234375 0.0234375 
1 0.619140625 0.185546875 0.021484375 0.021484375 
0 0.61328125 0.12890625 0.021484375 0.021484375 
1 0.462890625 0.45703125 0.021484375 0.021484375 
1 0.43359375 0.1240234375 0.021484375 0.021484375 
0 0.51953125 0.4384765625 0.021484375 0.021484375 
0 0.447265625 0.4521484375 0.021484375 0.021484375 
0 0.60546875 0.1015625 0.0234375 0.0234375 
0 0.6953125 0.1337890625 0.021484375 0.021484375 
0 0.552734375 0.05859375 0.021484375 0.021484375 
1 0.48828125 0.8212890625 0.0234375 0.0234375 
1 0.40625 0.634765625 0.021484375 0.021484375 
0 0.51171875 0.271484375 0.0224609375 0.0224609375 
0 0.333984375 0.0986328125 0.0234375 0.0234375 
0 0.4970703125 0.537109375 0.0234375 0.0234375 
0 0.5009765625 0.501953125 0.021484375 0.021484375 
1 0.3818359375 0.166015625 0.021484375 0.021484375 
0 0.3271484375 0.2353515625 0.0234375 0.0234375 
0 0.34375 0.076171875 0.021484375 0.021484375 
0 0.423828125 0.32421875 0.0234375 0.0234375 
0 0.369140625 0.39453125 0.021484375 0.021484375 
1 0.462890625 0.41015625 0.0224609375 0.0224609375 
1 0.3828125 0.2578125 0.021484375 0.021484375 
0 0.4501953125 0.2265625 0.021484375 0.021484375 
0 0.38671875 0.4931640625 0.021484375 0.021484375 
0 0.4365234375 0.275390625 0.0234375 0.0234375 
0 0.66015625 0.2724609375 0.0224609375 0.0224609375 
0 0.4609375 0.25390625 0.0234375 0.0234375 
0 0.3603515625 0.0693359375 0.021484375 0.021484375 
0 0.32421875 0.181640625 0.0224609375 0.0224609375 
1 0.501953125 0.0361328125 0.021484375 0.021484375 
0 0.5537109375 0.3896484375 0.021484375 0.021484375 
0 0.4697265625 0.0986328125 0.0234375 0.0234375 
0 0.5732421875 0.2822265625 0.021484375 0.021484375 
1 0.58203125 0.5283203125 0.0224609375 0.0224609375 
0 0.5537109375 0.552734375 0.021484375 0.021484375 
0 0.4697265625 0.1181640625 0.021484375 0.021484375 
1 0.4580078125 0.3779296875 0.0224609375 0.0224609375 
0 0.541015625 0.732421875 0.021484375 0.021484375 
0 0.4755859375 0.5126953125 0.021484375 0.021484375 
0 0.4091796875 0.4638671875 0.021484375 0.021484375 
0 0.6748046875 0.0322265625 0.0234375 0.0234375 
0 0.2705078125 0.04296875 0.021484375 0.021484375 
0 0.5966796875 0.134765625 0.0234375 0.0234375 
1 0.5283203125 0.7529296875 0.0234375 0.0234375 
0 0.6044921875 0.3115234375 0.0224609375 0.0224609375 
0 0.6943359375 0.107421875 0.021484375 0.021484375 
1 0.5654296875 0.1376953125 0.021484375 0.021484375 
0 0.3984375 0.3994140625 0.021484375 0.021484375 
1 0.4013671875 0.576171875 0.021484375 0.021484375 
1 0.3603515625 0.4189453125 0.021484375 0.021484375 
0 0.419921875 0.0419921875 0.0234375 0.0234375 
0 0.3974609375 0.5517578125 0.021484375 0.021484375 
0 0.595703125 0.55859375 0.0234375 0.0234375 
1 0.4384765625 0.1767578125 0.021484375 0.021484375 
1 0.396484375 0.4404296875 0.0224609375 0.0224609375 
0 0.43359375 0.51953125 0.021484375 0.021484375 
0 0.3779296875 0.3076171875 0.0234375 0.0234375 
