0 0.4580078125 0.1904296875 0.021484375 0.021484375 
0 0.3017578125 0.064453125 0.021484375 0.021484375 
0 0.4814453125 0.423828125 0.0234375 0.0234375 
0 0.421875 0.54296875 0.021484375 0.021484375 
1 0.4541015625 0.0341796875 0.021484375 0.021484375 
0 0.4775390625 0.716796875 0.0224609375 0.0224609375 
0 0.4833984375 0.6669921875 0.021484375 0.021484375 
0 0.3193359375 0.2607421875 0.021484375 0.021484375 
0 0.509765625 0.5390625 0.021484375 0.021484375 
1 0.5986328125 0.2236328125 0.0224609375 0.0224609375 
0 0.3427734375 0.130859375 0.021484375 0.021484375 
1 0.5771484375 0.5810546875 0.0224609375 0.0224609375 
1 0.4013671875 0.0556640625 0.021484375 0.021484375 
0 0.5986328125 0.3232421875 0.021484375 0.021484375 
1 0.572265625 0.4384765625 0.021484375 0.021484375 
1 0.494140625 0.4501953125 0.0224609375 0.0224609375 
0 0.490234375 0.8330078125 0.01953125 0.01953125 
1 0.470703125 0.4697265625 0.021484375 0.021484375 
0 0.4755859375 0.7724609375 0.0224609375 0.0224609375 
1 0.5380859375 0.361328125 0.0224609375 0.0224609375 
0 0.486328125 0.74609375 0.021484375 0.021484375 
0 0.453125 0.4501953125 0.021484375 0.021484375 
1 0.4892578125 0.2919921875 0.0224609375 0.0224609375 
1 0.4296875 0.3525390625 0.0224609375 0.0224609375 
0 0.5439453125 0.0986328125 0.0234375 0.0234375 
0 0.3642578125 0.1298828125 0.021484375 0.021484375 
0 0.4111328125 0.5966796875 0.0234375 0.0234375 
0 0.697265625 0.109375 0.021484375 0.021484375 
0 0.6015625 0.5869140625 0.0234375 0.0234375 
0 0.453125 0.5556640625 0.0224609375 0.0224609375 
0 0.4638671875 0.30859375 0.0234375 0.0234375 
0 0.4970703125 0.0458984375 0.021484375 0.021484375 
0 0.673828125 0.0556640625 0.0234375 0.0234375 
0 0.5263671875 0.634765625 0.021484375 0.021484375 
1 0.4169921875 0.1591796875 0.0224609375 0.0224609375 
0 0.609375 0.0771484375 0.021484375 0.021484375 
1 0.4619140625 0.169921875 0.021484375 0.021484375 
0 0.44140625 0.3427734375 0.0224609375 0.0224609375 
0 0.4638671875 0.580078125 0.0234375 0.0234375 
0 0.5703125 0.3193359375 0.0234375 0.0234375 
1 0.478515625 0.8974609375 0.021484375 0.021484375 
0 0.6298828125 0.0830078125 0.0234375 0.0234375 
1 0.6630859375 0.20703125 0.0224609375 0.0224609375 
1 0.4541015625 0.4755859375 0.021484375 0.021484375 
0 0.5947265625 0.10546875 0.021484375 0.021484375 
0 0.443359375 0.6416015625 0.0234375 0.0234375 
0 0.5224609375 0.568359375 0.0224609375 0.0224609375 
0 0.416015625 0.513671875 0.021484375 0.021484375 
0 0.36328125 0.1845703125 0.021484375 0.021484375 
0 0.5673828125 0.1142578125 0.0234375 0.0234375 
0 0.4638671875 0.0849609375 0.021484375 0.021484375 
0 0.41796875 0.62109375 0.021484375 0.021484375 
0 0.4619140625 0.791015625 0.0224609375 0.0224609375 
0 0.2958984375 0.1201171875 0.0234375 0.0234375 
0 0.3515625 0.0576171875 0.021484375 0.021484375 
0 0.5390625 0.6181640625 0.0234375 0.0234375 
1 0.3125 0.095703125 0.021484375 0.021484375 
0 0.4443359375 0.1650390625 0.021484375 0.021484375 
0 0.6396484375 0.205078125 0.021484375 0.021484375 
0 0.431640625 0.1318359375 0.0234375 0.0234375 
0 0.51171875 0.8212890625 0.025390625 0.025390625 
0 0.451171875 0.6181640625 0.021484375 0.021484375 
0 0.5 0.6240234375 0.0234375 0.0234375 
0 0.6044921875 0.0498046875 0.0224609375 0.0224609375 
1 0.4775390625 0.216796875 0.021484375 0.021484375 
0 0.462890625 0.607421875 0.021484375 0.021484375 
0 0.3779296875 0.5146484375 0.0224609375 0.0224609375 
0 0.3369140625 0.2392578125 0.021484375 0.021484375 
1 0.4677734375 0.353515625 0.0224609375 0.0224609375 
1 0.296875 0.0361328125 0.0224609375 0.0224609375 
0 0.6083984375 0.3798828125 0.0234375 0.0234375 
0 0.4306640625 0.412109375 0.021484375 0.021484375 
0 0.5703125 0.400390625 0.021484375 0.021484375 
1 0.359375 0.3046875 0.021484375 0.021484375 
0 0.572265625 0.2744140625 0.0234375 0.0234375 
1 0.6142578125 0.1513671875 0.0224609375 0.0224609375 
0 0.4189453125 0.326171875 0.021484375 0.021484375 
0 0.62890625 0.3134765625 0.021484375 0.021484375 
0 0.4296875 0.6083984375 0.021484375 0.021484375 
0 0.314453125 0.2197265625 0.021484375 0.021484375 
0 0.447265625 0.2236328125 0.0234375 0.0234375 
0 0.4892578125 0.59765625 0.021484375 0.021484375 
0 0.515625 0.6669921875 0.021484375 0.021484375 
0 0.5810546875 0.4228515625 0.021484375 0.021484375 
0 0.5361328125 0.1865234375 0.0234375 0.0234375 
0 0.560546875 0.4677734375 0.021484375 0.021484375 
1 0.5361328125 0.12109375 0.0224609375 0.0224609375 
0 0.49609375 0.4111328125 0.021484375 0.021484375 
0 0.55078125 0.5224609375 0.021484375 0.021484375 
0 0.294921875 0.1376953125 0.021484375 0.021484375 
1 0.4443359375 0.0927734375 0.0224609375 0.0224609375 
0 0.3994140625 0.5458984375 0.021484375 0.021484375 
0 0.5517578125 0.2177734375 0.0234375 0.0234375 
0 0.4609375 0.68359375 0.021484375 0.021484375 
0 0.458984375 0.337890625 0.0234375 0.0234375 
0 0.6728515625 0.1181640625 0.0234375 0.0234375 
0 0.2734375 0.0615234375 0.021484375 0.021484375 
1 0.4267578125 0.681640625 0.0224609375 0.0224609375 
0 0.7041015625 0.083984375 0.0224609375 0.0224609375 
0 0.431640625 0.7158203125 0.021484375 0.021484375 
0 0.4970703125 0.142578125 0.0234375 0.0234375 
0 0.55859375 0.623046875 0.0234375 0.0234375 
0 0.447265625 0.5048828125 0.0234375 0.0234375 
0 0.4296875 0.6484375 0.021484375 0.021484375 
0 0.5439453125 0.4580078125 0.021484375 0.021484375 
1 0.5146484375 0.3779296875 0.0224609375 0.0224609375 
0 0.38671875 0.1298828125 0.0224609375 0.0224609375 
0 0.3798828125 0.28515625 0.021484375 0.021484375 
0 0.5341796875 0.3125 0.0234375 0.0234375 
0 0.509765625 0.4189453125 0.021484375 0.021484375 
1 0.390625 0.3916015625 0.021484375 0.021484375 
0 0.609375 0.52734375 0.021484375 0.021484375 
1 0.484375 0.7890625 0.021484375 0.021484375 
0 0.5859375 0.0537109375 0.021484375 0.021484375 
0 0.5048828125 0.439453125 0.0234375 0.0234375 
0 0.4345703125 0.5927734375 0.021484375 0.021484375 
0 0.341796875 0.095703125 0.021484375 0.021484375 
0 0.287109375 0.1044921875 0.021484375 0.021484375 
0 0.548828125 0.318359375 0.021484375 0.021484375 
0 0.4423828125 0.068359375 0.021484375 0.021484375 
0 0.427734375 0.388671875 0.0234375 0.0234375 
0 0.4931640625 0.3623046875 0.0234375 0.0234375 
1 0.6591796875 0.0908203125 0.021484375 0.021484375 
0 0.3681640625 0.095703125 0.0234375 0.0234375 
0 0.458984375 0.1318359375 0.0224609375 0.0224609375 
1 0.5009765625 0.7451171875 0.021484375 0.021484375 
0 0.3232421875 0.05078125 0.021484375 0.021484375 
0 0.5419921875 0.794921875 0.0224609375 0.0224609375 
0 0.375 0.3076171875 0.021484375 0.021484375 
0 0.5078125 0.1064453125 0.0234375 0.0234375 
0 0.5341796875 0.8828125 0.0224609375 0.0224609375 
1 0.380859375 0.455078125 0.021484375 0.021484375 
1 0.3662109375 0.4521484375 0.021484375 0.021484375 
1 0.40625 0.396484375 0.021484375 0.021484375 
0 0.572265625 0.494140625 0.021484375 0.021484375 
0 0.5400390625 0.4970703125 0.021484375 0.021484375 
1 0.396484375 0.369140625 0.0224609375 0.0224609375 
