1 0.47265625 0.37890625 0.021484375 0.021484375 
1 0.4765625 0.0908203125 0.0224609375 0.0224609375 
0 0.5146484375 0.0595703125 0.021484375 0.021484375 
0 0.396484375 0.5576171875 0.0234375 0.0234375 
0 0.466796875 0.5908203125 0.0224609375 0.0224609375 
0 0.498046875 0.5 0.021484375 0.021484375 
0 0.5546875 0.2353515625 0.021484375 0.021484375 
1 0.3720703125 0.453125 0.0224609375 0.0224609375 
0 0.421875 0.1748046875 0.0234375 0.0234375 
0 0.6845703125 0.17578125 0.0234375 0.0234375 
1 0.3251953125 0.146484375 0.021484375 0.021484375 
0 0.4521484375 0.509765625 0.021484375 0.021484375 
0 0.423828125 0.0830078125 0.021484375 0.021484375 
0 0.408203125 0.1435546875 0.0234375 0.0234375 
0 0.5 0.857421875 0.0234375 0.0234375 
1 0.541015625 0.56640625 0.0224609375 0.0224609375 
0 0.5302734375 0.1328125 0.021484375 0.021484375 
1 0.5322265625 0.587890625 0.021484375 0.021484375 
0 0.642578125 0.216796875 0.021484375 0.021484375 
1 0.48046875 0.1552734375 0.0224609375 0.0224609375 
1 0.60546875 0.392578125 0.021484375 0.021484375 
0 0.6005859375 0.318359375 0.0234375 0.0234375 
0 0.541015625 0.748046875 0.021484375 0.021484375 
1 0.5693359375 0.5361328125 0.0224609375 0.0224609375 
0 0.56640625 0.4755859375 0.021484375 0.021484375 
1 0.484375 0.6982421875 0.021484375 0.021484375 
0 0.4072265625 0.6337890625 0.021484375 0.021484375 
0 0.556640625 0.5234375 0.021484375 0.021484375 
1 0.560546875 0.2900390625 0.0224609375 0.0224609375 
0 0.5068359375 0.5751953125 0.0234375 0.0234375 
1 0.4560546875 0.3828125 0.021484375 0.021484375 
0 0.349609375 0.267578125 0.0234375 0.0234375 
0 0.55859375 0.669921875 0.0234375 0.0234375 
0 0.6025390625 0.05859375 0.021484375 0.021484375 
0 0.6171875 0.142578125 0.0234375 0.0234375 
1 0.3759765625 0.3544921875 0.021484375 0.021484375 
1 0.61328125 0.330078125 0.0224609375 0.0224609375 
0 0.5830078125 0.3408203125 0.021484375 0.021484375 
0 0.6376953125 0.2490234375 0.021484375 0.021484375 
0 0.4892578125 0.2216796875 0.0224609375 0.0224609375 
1 0.439453125 0.21484375 0.021484375 0.021484375 
1 0.3271484375 0.09375 0.021484375 0.021484375 
1 0.48046875 0.5546875 0.021484375 0.021484375 
0 0.5263671875 0.33203125 0.021484375 0.021484375 
0 0.4501953125 0.650390625 0.0224609375 0.0224609375 
0 0.6689453125 0.1796875 0.0234375 0.0234375 
0 0.5341796875 0.6259765625 0.021484375 0.021484375 
0 0.4873046875 0.8427734375 0.021484375 0.021484375 
0 0.5830078125 0.4541015625 0.0234375 0.0234375 
0 0.4150390625 0.2470703125 0.021484375 0.021484375 
0 0.654296875 0.1513671875 0.021484375 0.021484375 
0 0.4736328125 0.310546875 0.0234375 0.0234375 
0 0.52734375 0.2001953125 0.0234375 0.0234375 
0 0.3642578125 0.1796875 0.0234375 0.0234375 
0 0.375 0.2509765625 0.0234375 0.0234375 
0 0.5205078125 0.447265625 0.0234375 0.0234375 
0 0.5322265625 0.3798828125 0.0234375 0.0234375 
0 0.3603515625 0.32421875 0.021484375 0.021484375 
0 0.4736328125 0.197265625 0.0224609375 0.0224609375 
0 0.5791015625 0.5234375 0.0234375 0.0234375 
1 0.5751953125 0.6630859375 0.021484375 0.021484375 
1 0.51953125 0.3046875 0.021484375 0.021484375 
0 0.5849609375 0.4287109375 0.021484375 0.021484375 
0 0.5458984375 0.6572265625 0.0234375 0.0234375 
0 0.3349609375 0.2177734375 0.021484375 0.021484375 
0 0.6630859375 0.2236328125 0.0234375 0.0234375 
0 0.548828125 0.5888671875 0.021484375 0.021484375 
0 0.453125 0.8154296875 0.021484375 0.021484375 
1 0.5205078125 0.8681640625 0.021484375 0.021484375 
1 0.509765625 0.09765625 0.021484375 0.021484375 
0 0.3896484375 0.3837890625 0.021484375 0.021484375 
0 0.357421875 0.0517578125 0.0234375 0.0234375 
0 0.3623046875 0.3935546875 0.021484375 0.021484375 
1 0.6533203125 0.1806640625 0.0224609375 0.0224609375 
0 0.5029296875 0.6455078125 0.021484375 0.021484375 
0 0.404296875 0.3291015625 0.0234375 0.0234375 
0 0.447265625 0.7880859375 0.0224609375 0.0224609375 
0 0.298828125 0.033203125 0.0224609375 0.0224609375 
0 0.6181640625 0.1962890625 0.021484375 0.021484375 
0 0.4619140625 0.1474609375 0.021484375 0.021484375 
0 0.4150390625 0.388671875 0.0234375 0.0234375 
1 0.6201171875 0.1708984375 0.021484375 0.021484375 
0 0.5224609375 0.7138671875 0.021484375 0.021484375 
0 0.45703125 0.5361328125 0.0234375 0.0234375 
1 0.4228515625 0.41015625 0.0224609375 0.0224609375 
1 0.4912109375 0.412109375 0.021484375 0.021484375 
0 0.390625 0.43359375 0.0224609375 0.0224609375 
0 0.6298828125 0.107421875 0.0224609375 0.0224609375 
0 0.587890625 0.08203125 0.021484375 0.021484375 
0 0.51953125 0.14453125 0.0234375 0.0234375 
0 0.4814453125 0.736328125 0.021484375 0.021484375 
0 0.384765625 0.1328125 0.0234375 0.0234375 
0 0.5185546875 0.2548828125 0.021484375 0.021484375 
0 0.7109375 0.033203125 0.0234375 0.0234375 
1 0.501953125 0.818359375 0.021484375 0.021484375 
1 0.61328125 0.1044921875 0.021484375 0.021484375 
0 0.6015625 0.2158203125 0.0234375 0.0234375 
1 0.4326171875 0.29296875 0.021484375 0.021484375 
0 0.482421875 0.5947265625 0.021484375 0.021484375 
1 0.4716796875 0.8486328125 0.021484375 0.021484375 
0 0.4208984375 0.205078125 0.021484375 0.021484375 
0 0.5517578125 0.091796875 0.021484375 0.021484375 
1 0.57421875 0.3984375 0.021484375 0.021484375 
1 0.5 0.1201171875 0.0224609375 0.0224609375 
0 0.5634765625 0.4609375 0.021484375 0.021484375 
0 0.5029296875 0.5576171875 0.021484375 0.021484375 
0 0.3515625 0.3369140625 0.021484375 0.021484375 
0 0.552734375 0.3896484375 0.0224609375 0.0224609375 
0 0.482421875 0.251953125 0.021484375 0.021484375 
0 0.4052734375 0.4091796875 0.0234375 0.0234375 
0 0.5263671875 0.736328125 0.0224609375 0.0224609375 
0 0.544921875 0.40625 0.021484375 0.021484375 
1 0.4189453125 0.0576171875 0.021484375 0.021484375 
0 0.6015625 0.27734375 0.021484375 0.021484375 
0 0.60546875 0.525390625 0.0234375 0.0234375 
1 0.3740234375 0.501953125 0.0224609375 0.0224609375 
0 0.4169921875 0.109375 0.0224609375 0.0224609375 
1 0.5712890625 0.728515625 0.021484375 0.021484375 
0 0.30859375 0.1455078125 0.0234375 0.0234375 
1 0.5419921875 0.3154296875 0.0224609375 0.0224609375 
1 0.423828125 0.7001953125 0.021484375 0.021484375 
0 0.6142578125 0.294921875 0.0234375 0.0234375 
0 0.6025390625 0.5107421875 0.021484375 0.021484375 
0 0.4365234375 0.5185546875 0.021484375 0.021484375 
0 0.431640625 0.427734375 0.0234375 0.0234375 
0 0.4677734375 0.6494140625 0.021484375 0.021484375 
1 0.4365234375 0.6689453125 0.021484375 0.021484375 
0 0.5712890625 0.1337890625 0.021484375 0.021484375 
0 0.4521484375 0.4306640625 0.021484375 0.021484375 
0 0.4365234375 0.197265625 0.0234375 0.0234375 
0 0.41796875 0.6025390625 0.0224609375 0.0224609375 
0 0.3994140625 0.072265625 0.021484375 0.021484375 
