0 0.5625 0.779296875 0.0224609375 0.0224609375 
0 0.41796875 0.2548828125 0.0224609375 0.0224609375 
0 0.5693359375 0.337890625 0.021484375 0.021484375 
0 0.3955078125 0.1591796875 0.0234375 0.0234375 
0 0.5263671875 0.732421875 0.021484375 0.021484375 
1 0.5302734375 0.1455078125 0.0224609375 0.0224609375 
0 0.5869140625 0.494140625 0.0234375 0.0234375 
0 0.3193359375 0.1142578125 0.021484375 0.021484375 
0 0.40625 0.0380859375 0.021484375 0.021484375 
0 0.6591796875 0.1298828125 0.021484375 0.021484375 
0 0.4287109375 0.4072265625 0.0224609375 0.0224609375 
0 0.3427734375 0.2109375 0.0234375 0.0234375 
0 0.6552734375 0.330078125 0.021484375 0.021484375 
0 0.4375 0.7236328125 0.021484375 0.021484375 
0 0.48828125 0.0390625 0.021484375 0.021484375 
1 0.4384765625 0.58984375 0.0224609375 0.0224609375 
0 0.5791015625 0.3017578125 0.0234375 0.0234375 
1 0.556640625 0.150390625 0.021484375 0.021484375 
0 0.5595703125 0.4599609375 0.021484375 0.021484375 
1 0.517578125 0.259765625 0.021484375 0.021484375 
0 0.474609375 0.1962890625 0.021484375 0.021484375 
0 0.4140625 0.5146484375 0.021484375 0.021484375 
1 0.7021484375 0.044921875 0.0224609375 0.0224609375 
1 0.5966796875 0.275390625 0.0224609375 0.0224609375 
0 0.3134765625 0.236328125 0.0234375 0.0234375 
0 0.5625 0.234375 0.021484375 0.021484375 
0 0.4521484375 0.2392578125 0.021484375 0.021484375 
0 0.3798828125 0.1064453125 0.021484375 0.021484375 
0 0.509765625 0.4482421875 0.0234375 0.0234375 
0 0.4716796875 0.66796875 0.021484375 0.021484375 
1 0.5361328125 0.3515625 0.021484375 0.021484375 
1 0.541015625 0.185546875 0.0224609375 0.0224609375 
1 0.5810546875 0.5625 0.0224609375 0.0224609375 
0 0.3544921875 0.109375 0.0234375 0.0234375 
0 0.556640625 0.3076171875 0.0224609375 0.0224609375 
1 0.361328125 0.296875 0.0224609375 0.0224609375 
1 0.5498046875 0.41015625 0.0224609375 0.0224609375 
0 0.3486328125 0.05859375 0.0234375 0.0234375 
0 0.3818359375 0.087890625 0.021484375 0.021484375 
0 0.35546875 0.3896484375 0.021484375 0.021484375 
0 0.396484375 0.318359375 0.0234375 0.0234375 
0 0.4951171875 0.3681640625 0.021484375 0.021484375 
0 0.36328125 0.056640625 0.021484375 0.021484375 
0 0.4482421875 0.1640625 0.021484375 0.021484375 
1 0.4296875 0.46484375 0.021484375 0.021484375 
0 0.533203125 0.4970703125 0.0224609375 0.0224609375 
0 0.453125 0.580078125 0.021484375 0.021484375 
1 0.5654296875 0.6845703125 0.0224609375 0.0224609375 
0 0.65234375 0.1455078125 0.021484375 0.021484375 
1 0.5068359375 0.150390625 0.021484375 0.021484375 
1 0.640625 0.1826171875 0.021484375 0.021484375 
0 0.625 0.0537109375 0.0234375 0.0234375 
0 0.4814453125 0.3837890625 0.0234375 0.0234375 
1 0.3564453125 0.220703125 0.021484375 0.021484375 
0 0.392578125 0.3349609375 0.0224609375 0.0224609375 
1 0.4462890625 0.4482421875 0.0224609375 0.0224609375 
0 0.548828125 0.47265625 0.021484375 0.021484375 
0 0.455078125 0.3271484375 0.0234375 0.0234375 
0 0.416015625 0.138671875 0.021484375 0.021484375 
0 0.4619140625 0.56640625 0.021484375 0.021484375 
0 0.515625 0.865234375 0.021484375 0.021484375 
0 0.427734375 0.1572265625 0.0234375 0.0234375 
0 0.525390625 0.326171875 0.021484375 0.021484375 
0 0.400390625 0.056640625 0.021484375 0.021484375 
0 0.5439453125 0.068359375 0.0234375 0.0234375 
0 0.57421875 0.458984375 0.021484375 0.021484375 
0 0.37890625 0.470703125 0.021484375 0.021484375 
1 0.326171875 0.091796875 0.021484375 0.021484375 
0 0.486328125 0.462890625 0.0234375 0.0234375 
1 0.447265625 0.193359375 0.0224609375 0.0224609375 
1 0.6298828125 0.2744140625 0.0224609375 0.0224609375 
0 0.5009765625 0.38671875 0.021484375 0.021484375 
0 0.43359375 0.2626953125 0.021484375 0.021484375 
1 0.517578125 0.4091796875 0.0224609375 0.0224609375 
0 0.462890625 0.625 0.0224609375 0.0224609375 
1 0.38671875 0.05078125 0.021484375 0.021484375 
0 0.556640625 0.724609375 0.021484375 0.021484375 
0 0.5615234375 0.373046875 0.021484375 0.021484375 
0 0.5078125 0.5625 0.021484375 0.021484375 
0 0.4521484375 0.345703125 0.021484375 0.021484375 
1 0.533203125 0.416015625 0.021484375 0.021484375 
0 0.5263671875 0.853515625 0.0224609375 0.0224609375 
1 0.5224609375 0.30078125 0.021484375 0.021484375 
0 0.3701171875 0.0390625 0.021484375 0.021484375 
