0 0.6220703125 0.3876953125 0.021484375 0.021484375 
1 0.330078125 0.1572265625 0.0224609375 0.0224609375 
1 0.6025390625 0.4853515625 0.0224609375 0.0224609375 
0 0.3837890625 0.5478515625 0.0234375 0.0234375 
0 0.6494140625 0.1650390625 0.021484375 0.021484375 
0 0.4130859375 0.2041015625 0.021484375 0.021484375 
1 0.4013671875 0.3798828125 0.021484375 0.021484375 
0 0.7138671875 0.041015625 0.021484375 0.021484375 
1 0.4296875 0.697265625 0.021484375 0.021484375 
0 0.669921875 0.19921875 0.021484375 0.021484375 
0 0.4716796875 0.177734375 0.021484375 0.021484375 
1 0.4775390625 0.107421875 0.021484375 0.021484375 
0 0.6083984375 0.0751953125 0.021484375 0.021484375 
0 0.513671875 0.0869140625 0.021484375 0.021484375 
0 0.7041015625 0.068359375 0.0234375 0.0234375 
1 0.3837890625 0.4072265625 0.0224609375 0.0224609375 
1 0.4287109375 0.46484375 0.021484375 0.021484375 
1 0.48828125 0.228515625 0.021484375 0.021484375 
0 0.4111328125 0.5390625 0.0234375 0.0234375 
1 0.4970703125 0.708984375 0.021484375 0.021484375 
0 0.578125 0.5888671875 0.0234375 0.0234375 
0 0.5693359375 0.2353515625 0.0234375 0.0234375 
0 0.4306640625 0.416015625 0.021484375 0.021484375 
1 0.4033203125 0.2216796875 0.021484375 0.021484375 
0 0.66015625 0.0869140625 0.0234375 0.0234375 
0 0.388671875 0.0927734375 0.021484375 0.021484375 
0 0.642578125 0.23828125 0.0234375 0.0234375 
0 0.513671875 0.2626953125 0.021484375 0.021484375 
0 0.5615234375 0.6494140625 0.0234375 0.0234375 
0 0.4873046875 0.828125 0.021484375 0.021484375 
0 0.57421875 0.306640625 0.021484375 0.021484375 
0 0.5205078125 0.3056640625 0.0234375 0.0234375 
0 0.5283203125 0.8564453125 0.0224609375 0.0224609375 
0 0.3798828125 0.3076171875 0.021484375 0.021484375 
1 0.4326171875 0.21484375 0.0224609375 0.0224609375 
0 0.3603515625 0.08984375 0.0234375 0.0234375 
0 0.3212890625 0.2763671875 0.0224609375 0.0224609375 
0 0.5625 0.4267578125 0.021484375 0.021484375 
1 0.373046875 0.1845703125 0.0224609375 0.0224609375 
0 0.5908203125 0.4951171875 0.0234375 0.0234375 
1 0.537109375 0.744140625 0.021484375 0.021484375 
0 0.6103515625 0.2197265625 0.0224609375 0.0224609375 
1 0.4794921875 0.7158203125 0.0224609375 0.0224609375 
0 0.5 0.5283203125 0.021484375 0.021484375 
0 0.5263671875 0.7314453125 0.021484375 0.021484375 
0 0.5224609375 0.056640625 0.021484375 0.021484375 
0 0.5791015625 0.2919921875 0.021484375 0.021484375 
0 0.443359375 0.154296875 0.0234375 0.0234375 
1 0.5966796875 0.384765625 0.0224609375 0.0224609375 
0 0.4169921875 0.1845703125 0.021484375 0.021484375 
0 0.42578125 0.50390625 0.0234375 0.0234375 
1 0.5615234375 0.7333984375 0.021484375 0.021484375 
1 0.376953125 0.0771484375 0.0224609375 0.0224609375 
1 0.642578125 0.2724609375 0.021484375 0.021484375 
0 0.5322265625 0.205078125 0.0234375 0.0234375 
0 0.685546875 0.0830078125 0.0234375 0.0234375 
1 0.55859375 0.3251953125 0.021484375 0.021484375 
0 0.345703125 0.2509765625 0.021484375 0.021484375 
0 0.427734375 0.640625 0.021484375 0.021484375 
0 0.5078125 0.625 0.021484375 0.021484375 
1 0.62109375 0.09765625 0.021484375 0.021484375 
0 0.474609375 0.0927734375 0.0234375 0.0234375 
0 0.400390625 0.474609375 0.0234375 0.0234375 
0 0.5224609375 0.4541015625 0.0224609375 0.0224609375 
0 0.3701171875 0.12109375 0.021484375 0.021484375 
0 0.3837890625 0.376953125 0.021484375 0.021484375 
0 0.451171875 0.591796875 0.021484375 0.021484375 
0 0.38671875 0.1923828125 0.021484375 0.021484375 
0 0.529296875 0.8349609375 0.025390625 0.025390625 
0 0.455078125 0.1142578125 0.0234375 0.0234375 
1 0.6064453125 0.2705078125 0.0224609375 0.0224609375 
1 0.4453125 0.6884765625 0.021484375 0.021484375 
0 0.4814453125 0.50390625 0.0224609375 0.0224609375 
0 0.4560546875 0.5146484375 0.0234375 0.0234375 
0 0.34375 0.2001953125 0.021484375 0.021484375 
0 0.5185546875 0.48046875 0.021484375 0.021484375 
0 0.6240234375 0.18359375 0.021484375 0.021484375 
1 0.5517578125 0.62890625 0.021484375 0.021484375 
0 0.4541015625 0.068359375 0.021484375 0.021484375 
1 0.587890625 0.48046875 0.0224609375 0.0224609375 
1 0.6728515625 0.1396484375 0.021484375 0.021484375 
0 0.68359375 0.1923828125 0.0234375 0.0234375 
0 0.5849609375 0.4521484375 0.021484375 0.021484375 
1 0.509765625 0.8583984375 0.021484375 0.021484375 
0 0.3505859375 0.3125 0.021484375 0.021484375 
0 0.51171875 0.1904296875 0.021484375 0.021484375 
0 0.50390625 0.125 0.0234375 0.0234375 
1 0.54296875 0.662109375 0.021484375 0.021484375 
0 0.6103515625 0.509765625 0.0234375 0.0234375 
0 0.4619140625 0.2353515625 0.0234375 0.0234375 
0 0.3388671875 0.3525390625 0.021484375 0.021484375 
1 0.529296875 0.6279296875 0.021484375 0.021484375 
0 0.49609375 0.482421875 0.021484375 0.021484375 
0 0.673828125 0.0419921875 0.0234375 0.0234375 
0 0.564453125 0.169921875 0.0234375 0.0234375 
1 0.640625 0.326171875 0.021484375 0.021484375 
0 0.576171875 0.09765625 0.021484375 0.021484375 
0 0.5205078125 0.6943359375 0.0234375 0.0234375 
0 0.484375 0.1650390625 0.0234375 0.0234375 
0 0.3671875 0.3779296875 0.021484375 0.021484375 
0 0.3310546875 0.0732421875 0.0224609375 0.0224609375 
0 0.541015625 0.287109375 0.021484375 0.021484375 
0 0.5966796875 0.529296875 0.0234375 0.0234375 
1 0.525390625 0.32421875 0.021484375 0.021484375 
0 0.62890625 0.2197265625 0.021484375 0.021484375 
0 0.59375 0.611328125 0.021484375 0.021484375 
1 0.4482421875 0.7822265625 0.0234375 0.0234375 
0 0.4775390625 0.7919921875 0.021484375 0.021484375 
1 0.5166015625 0.751953125 0.021484375 0.021484375 
0 0.5673828125 0.6015625 0.0224609375 0.0224609375 
0 0.4462890625 0.087890625 0.021484375 0.021484375 
0 0.5224609375 0.6005859375 0.0234375 0.0234375 
0 0.4306640625 0.048828125 0.021484375 0.021484375 
0 0.609375 0.3955078125 0.0224609375 0.0224609375 
1 0.4912109375 0.263671875 0.0224609375 0.0224609375 
1 0.4921875 0.392578125 0.0224609375 0.0224609375 
0 0.466796875 0.455078125 0.021484375 0.021484375 
0 0.5869140625 0.6552734375 0.021484375 0.021484375 
0 0.40625 0.4287109375 0.021484375 0.021484375 
0 0.431640625 0.6689453125 0.021484375 0.021484375 
0 0.572265625 0.5732421875 0.021484375 0.021484375 
0 0.625 0.033203125 0.021484375 0.021484375 
0 0.396484375 0.2890625 0.021484375 0.021484375 
0 0.5380859375 0.7900390625 0.025390625 0.025390625 
0 0.4638671875 0.8115234375 0.025390625 0.025390625 
0 0.4140625 0.27734375 0.021484375 0.021484375 
0 0.3369140625 0.28515625 0.021484375 0.021484375 
1 0.53515625 0.478515625 0.0224609375 0.0224609375 
1 0.3583984375 0.1923828125 0.021484375 0.021484375 
0 0.46875 0.5283203125 0.0234375 0.0234375 
0 0.4150390625 0.5703125 0.021484375 0.021484375 
0 0.423828125 0.4404296875 0.021484375 0.021484375 
0 0.3740234375 0.138671875 0.0234375 0.0234375 
0 0.4697265625 0.74609375 0.021484375 0.021484375 
0 0.46875 0.4169921875 0.0234375 0.0234375 
0 0.5166015625 0.4345703125 0.021484375 0.021484375 
1 0.609375 0.375 0.021484375 0.021484375 
0 0.4619140625 0.5732421875 0.0224609375 0.0224609375 
0 0.4765625 0.6552734375 0.0234375 0.0234375 
0 0.359375 0.07421875 0.0234375 0.0234375 
0 0.650390625 0.287109375 0.021484375 0.021484375 
0 0.3544921875 0.3984375 0.021484375 0.021484375 
0 0.53125 0.8720703125 0.0224609375 0.0224609375 
0 0.458984375 0.3701171875 0.021484375 0.021484375 
0 0.6533203125 0.0654296875 0.021484375 0.021484375 
0 0.412109375 0.1630859375 0.021484375 0.021484375 
0 0.55078125 0.0478515625 0.021484375 0.021484375 
0 0.3720703125 0.294921875 0.021484375 0.021484375 
1 0.2841796875 0.0380859375 0.021484375 0.021484375 
1 0.4453125 0.66015625 0.0224609375 0.0224609375 
0 0.396484375 0.0751953125 0.0234375 0.0234375 
0 0.4970703125 0.779296875 0.0224609375 0.0224609375 
0 0.3984375 0.259765625 0.0234375 0.0234375 
1 0.3525390625 0.220703125 0.021484375 0.021484375 
1 0.482421875 0.8759765625 0.021484375 0.021484375 
0 0.5322265625 0.3935546875 0.021484375 0.021484375 
0 0.6728515625 0.166015625 0.021484375 0.021484375 
0 0.4599609375 0.2158203125 0.0234375 0.0234375 
1 0.666015625 0.26171875 0.021484375 0.021484375 
0 0.330078125 0.248046875 0.0234375 0.0234375 
0 0.533203125 0.25 0.0224609375 0.0224609375 
0 0.3115234375 0.1552734375 0.021484375 0.021484375 
1 0.3837890625 0.041015625 0.021484375 0.021484375 
0 0.5302734375 0.4970703125 0.021484375 0.021484375 
0 0.3330078125 0.2666015625 0.021484375 0.021484375 
0 0.5791015625 0.162109375 0.0234375 0.0234375 
0 0.494140625 0.3212890625 0.0234375 0.0234375 
0 0.580078125 0.3310546875 0.0234375 0.0234375 
0 0.623046875 0.353515625 0.0234375 0.0234375 
0 0.34375 0.1845703125 0.0234375 0.0234375 
0 0.3486328125 0.11328125 0.021484375 0.021484375 
0 0.349609375 0.130859375 0.021484375 0.021484375 
0 0.4052734375 0.556640625 0.0234375 0.0234375 
1 0.486328125 0.1318359375 0.021484375 0.021484375 
0 0.4599609375 0.767578125 0.0224609375 0.0224609375 
0 0.4736328125 0.076171875 0.0234375 0.0234375 
