0 0.5341796875 0.28125 0.021484375 0.021484375 
0 0.4765625 0.3896484375 0.021484375 0.021484375 
0 0.4365234375 0.6396484375 0.0224609375 0.0224609375 
0 0.3505859375 0.2724609375 0.0224609375 0.0224609375 
0 0.3671875 0.2802734375 0.0234375 0.0234375 
1 0.623046875 0.2802734375 0.021484375 0.021484375 
0 0.42578125 0.486328125 0.0234375 0.0234375 
1 0.580078125 0.4775390625 0.0224609375 0.0224609375 
0 0.3603515625 0.0615234375 0.0234375 0.0234375 
0 0.638671875 0.095703125 0.0234375 0.0234375 
0 0.4736328125 0.5380859375 0.0234375 0.0234375 
0 0.4384765625 0.103515625 0.0234375 0.0234375 
1 0.5595703125 0.048828125 0.021484375 0.021484375 
0 0.4619140625 0.6337890625 0.0224609375 0.0224609375 
0 0.384765625 0.197265625 0.021484375 0.021484375 
1 0.6416015625 0.2177734375 0.021484375 0.021484375 
0 0.3212890625 0.1083984375 0.0234375 0.0234375 
1 0.4453125 0.3154296875 0.021484375 0.021484375 
1 0.4765625 0.8466796875 0.0234375 0.0234375 
1 0.4345703125 0.2685546875 0.021484375 0.021484375 
0 0.5966796875 0.5615234375 0.0224609375 0.0224609375 
0 0.408203125 0.4775390625 0.021484375 0.021484375 
0 0.5302734375 0.73828125 0.021484375 0.021484375 
1 0.4501953125 0.5869140625 0.021484375 0.021484375 
0 0.4423828125 0.6826171875 0.0234375 0.0234375 
1 0.4658203125 0.1728515625 0.021484375 0.021484375 
0 0.3447265625 0.107421875 0.021484375 0.021484375 
0 0.6171875 0.4765625 0.0234375 0.0234375 
0 0.4912109375 0.1923828125 0.021484375 0.021484375 
0 0.4052734375 0.3583984375 0.0234375 0.0234375 
0 0.5810546875 0.2861328125 0.0234375 0.0234375 
0 0.4833984375 0.3515625 0.021484375 0.021484375 
0 0.40625 0.58984375 0.0234375 0.0234375 
1 0.3193359375 0.2470703125 0.021484375 0.021484375 
0 0.5048828125 0.5595703125 0.021484375 0.021484375 
1 0.359375 0.1015625 0.021484375 0.021484375 
0 0.49609375 0.78125 0.0234375 0.0234375 
0 0.2705078125 0.0322265625 0.021484375 0.021484375 
0 0.5009765625 0.041015625 0.021484375 0.021484375 
0 0.5986328125 0.5185546875 0.0234375 0.0234375 
0 0.5498046875 0.396484375 0.021484375 0.021484375 
0 0.615234375 0.361328125 0.021484375 0.021484375 
0 0.4228515625 0.40234375 0.021484375 0.021484375 
1 0.49609375 0.3828125 0.021484375 0.021484375 
0 0.4931640625 0.8837890625 0.025390625 0.025390625 
1 0.5712890625 0.5546875 0.021484375 0.021484375 
0 0.5634765625 0.4140625 0.021484375 0.021484375 
0 0.515625 0.1806640625 0.0234375 0.0234375 
0 0.482421875 0.7490234375 0.021484375 0.021484375 
0 0.595703125 0.578125 0.021484375 0.021484375 
0 0.427734375 0.19921875 0.021484375 0.021484375 
0 0.623046875 0.2060546875 0.021484375 0.021484375 
1 0.3994140625 0.15625 0.0224609375 0.0224609375 
0 0.55078125 0.5751953125 0.021484375 0.021484375 
1 0.529296875 0.033203125 0.021484375 0.021484375 
1 0.3701171875 0.4755859375 0.0224609375 0.0224609375 
0 0.6044921875 0.1767578125 0.021484375 0.021484375 
0 0.484375 0.1728515625 0.0234375 0.0234375 
0 0.4833984375 0.5556640625 0.021484375 0.021484375 
0 0.71484375 0.0634765625 0.021484375 0.021484375 
0 0.3466796875 0.2216796875 0.021484375 0.021484375 
0 0.60546875 0.3994140625 0.0234375 0.0234375 
0 0.498046875 0.1484375 0.021484375 0.021484375 
0 0.384765625 0.4306640625 0.021484375 0.021484375 
0 0.3125 0.0732421875 0.0234375 0.0234375 
1 0.4140625 0.111328125 0.0224609375 0.0224609375 
0 0.5283203125 0.41796875 0.021484375 0.021484375 
0 0.640625 0.3115234375 0.0234375 0.0234375 
0 0.3359375 0.2939453125 0.021484375 0.021484375 
0 0.5126953125 0.70703125 0.0234375 0.0234375 
0 0.4931640625 0.7236328125 0.0234375 0.0234375 
1 0.421875 0.4345703125 0.0224609375 0.0224609375 
0 0.41796875 0.2509765625 0.021484375 0.021484375 
0 0.498046875 0.400390625 0.021484375 0.021484375 
0 0.6455078125 0.3828125 0.021484375 0.021484375 
0 0.3779296875 0.2568359375 0.021484375 0.021484375 
0 0.5283203125 0.650390625 0.021484375 0.021484375 
0 0.37890625 0.16796875 0.021484375 0.021484375 
0 0.5234375 0.466796875 0.0224609375 0.0224609375 
0 0.4033203125 0.1728515625 0.021484375 0.021484375 
0 0.47265625 0.703125 0.0234375 0.0234375 
0 0.55078125 0.3359375 0.021484375 0.021484375 
0 0.4130859375 0.3388671875 0.0234375 0.0234375 
0 0.5048828125 0.8544921875 0.0224609375 0.0224609375 
1 0.55078125 0.50390625 0.021484375 0.021484375 
0 0.4697265625 0.8115234375 0.021484375 0.021484375 
0 0.595703125 0.61328125 0.021484375 0.021484375 
0 0.5693359375 0.6005859375 0.021484375 0.021484375 
0 0.521484375 0.33203125 0.021484375 0.021484375 
0 0.341796875 0.0478515625 0.021484375 0.021484375 
0 0.5205078125 0.3818359375 0.021484375 0.021484375 
1 0.3984375 0.30859375 0.021484375 0.021484375 
1 0.626953125 0.064453125 0.0224609375 0.0224609375 
0 0.3994140625 0.1962890625 0.021484375 0.021484375 
1 0.4814453125 0.4384765625 0.0224609375 0.0224609375 
1 0.47265625 0.650390625 0.0224609375 0.0224609375 
0 0.6162109375 0.337890625 0.0234375 0.0234375 
0 0.6611328125 0.1123046875 0.021484375 0.021484375 
0 0.423828125 0.375 0.0234375 0.0234375 
0 0.35546875 0.306640625 0.0234375 0.0234375 
0 0.541015625 0.447265625 0.021484375 0.021484375 
1 0.5615234375 0.7490234375 0.0224609375 0.0224609375 
0 0.423828125 0.1396484375 0.0234375 0.0234375 
0 0.44921875 0.537109375 0.021484375 0.021484375 
0 0.4560546875 0.142578125 0.0234375 0.0234375 
0 0.62890625 0.3984375 0.0234375 0.0234375 
0 0.54296875 0.13671875 0.0234375 0.0234375 
0 0.4775390625 0.404296875 0.0224609375 0.0224609375 
0 0.5947265625 0.2529296875 0.0224609375 0.0224609375 
0 0.6826171875 0.1318359375 0.021484375 0.021484375 
0 0.3720703125 0.119140625 0.021484375 0.021484375 
0 0.423828125 0.6123046875 0.0234375 0.0234375 
1 0.4501953125 0.447265625 0.021484375 0.021484375 
0 0.6826171875 0.18359375 0.021484375 0.021484375 
1 0.4013671875 0.6162109375 0.021484375 0.021484375 
0 0.5283203125 0.865234375 0.021484375 0.021484375 
0 0.5322265625 0.255859375 0.0234375 0.0234375 
0 0.5400390625 0.6748046875 0.021484375 0.021484375 
0 0.4267578125 0.162109375 0.021484375 0.021484375 
0 0.69140625 0.0615234375 0.0234375 0.0234375 
0 0.4912109375 0.6376953125 0.021484375 0.021484375 
0 0.5087890625 0.42578125 0.021484375 0.021484375 
1 0.5498046875 0.373046875 0.021484375 0.021484375 
0 0.5546875 0.2509765625 0.021484375 0.021484375 
0 0.455078125 0.5146484375 0.0234375 0.0234375 
0 0.3115234375 0.21484375 0.0234375 0.0234375 
1 0.4951171875 0.6123046875 0.0224609375 0.0224609375 
0 0.486328125 0.10546875 0.021484375 0.021484375 
0 0.4150390625 0.5166015625 0.0234375 0.0234375 
0 0.4638671875 0.22265625 0.021484375 0.021484375 
0 0.5478515625 0.7109375 0.0234375 0.0234375 
0 0.517578125 0.0625 0.0234375 0.0234375 
0 0.55078125 0.0927734375 0.021484375 0.021484375 
0 0.6552734375 0.080078125 0.021484375 0.021484375 
1 0.6923828125 0.10546875 0.021484375 0.021484375 
0 0.5263671875 0.1064453125 0.0224609375 0.0224609375 
0 0.6201171875 0.2998046875 0.021484375 0.021484375 
0 0.33984375 0.0302734375 0.021484375 0.021484375 
0 0.560546875 0.2958984375 0.021484375 0.021484375 
0 0.46484375 0.359375 0.021484375 0.021484375 
0 0.3681640625 0.3251953125 0.021484375 0.021484375 
1 0.580078125 0.2197265625 0.021484375 0.021484375 
0 0.6748046875 0.248046875 0.0234375 0.0234375 
0 0.5693359375 0.7099609375 0.0234375 0.0234375 
0 0.6123046875 0.08203125 0.021484375 0.021484375 
0 0.572265625 0.2578125 0.0224609375 0.0224609375 
1 0.4921875 0.2177734375 0.0224609375 0.0224609375 
0 0.5595703125 0.1953125 0.021484375 0.021484375 
0 0.439453125 0.0380859375 0.021484375 0.021484375 
0 0.6025390625 0.2373046875 0.0234375 0.0234375 
0 0.4521484375 0.0625 0.0224609375 0.0224609375 
1 0.525390625 0.3662109375 0.021484375 0.021484375 
0 0.671875 0.2333984375 0.021484375 0.021484375 
1 0.4111328125 0.501953125 0.0224609375 0.0224609375 
0 0.6552734375 0.18359375 0.0234375 0.0234375 
0 0.388671875 0.34765625 0.0234375 0.0234375 
0 0.546875 0.12109375 0.021484375 0.021484375 
0 0.4541015625 0.7099609375 0.0234375 0.0234375 
0 0.59375 0.2041015625 0.0234375 0.0234375 
1 0.640625 0.0439453125 0.021484375 0.021484375 
0 0.3740234375 0.3994140625 0.0234375 0.0234375 
0 0.53125 0.529296875 0.0234375 0.0234375 
0 0.50390625 0.234375 0.021484375 0.021484375 
1 0.546875 0.779296875 0.0234375 0.0234375 
