1 0.4462890625 0.615234375 0.021484375 0.021484375 
1 0.63671875 0.3955078125 0.0224609375 0.0224609375 
0 0.3779296875 0.4404296875 0.021484375 0.021484375 
0 0.580078125 0.32421875 0.021484375 0.021484375 
1 0.6044921875 0.2548828125 0.0224609375 0.0224609375 
0 0.5234375 0.5068359375 0.0234375 0.0234375 
0 0.623046875 0.08984375 0.0224609375 0.0224609375 
0 0.4873046875 0.4443359375 0.021484375 0.021484375 
0 0.4609375 0.0419921875 0.021484375 0.021484375 
0 0.5400390625 0.4521484375 0.0224609375 0.0224609375 
0 0.4150390625 0.2919921875 0.021484375 0.021484375 
0 0.3193359375 0.2001953125 0.021484375 0.021484375 
1 0.513671875 0.681640625 0.021484375 0.021484375 
0 0.5302734375 0.72265625 0.021484375 0.021484375 
0 0.4228515625 0.607421875 0.0224609375 0.0224609375 
0 0.5390625 0.79296875 0.0234375 0.0234375 
1 0.4384765625 0.677734375 0.021484375 0.021484375 
1 0.4599609375 0.833984375 0.0234375 0.0234375 
0 0.498046875 0.681640625 0.0234375 0.0234375 
0 0.5380859375 0.2333984375 0.0234375 0.0234375 
1 0.5205078125 0.0830078125 0.021484375 0.021484375 
0 0.552734375 0.2021484375 0.0234375 0.0234375 
1 0.556640625 0.6376953125 0.021484375 0.021484375 
0 0.51171875 0.537109375 0.0234375 0.0234375 
1 0.6455078125 0.0908203125 0.0224609375 0.0224609375 
0 0.3486328125 0.0595703125 0.0234375 0.0234375 
0 0.357421875 0.2236328125 0.0234375 0.0234375 
0 0.48046875 0.2646484375 0.0234375 0.0234375 
0 0.443359375 0.716796875 0.0234375 0.0234375 
0 0.65625 0.1728515625 0.021484375 0.021484375 
0 0.4443359375 0.0302734375 0.021484375 0.021484375 
0 0.6162109375 0.04296875 0.021484375 0.021484375 
0 0.5166015625 0.8544921875 0.01953125 0.01953125 
1 0.2958984375 0.0830078125 0.0224609375 0.0224609375 
0 0.3828125 0.2314453125 0.0234375 0.0234375 
0 0.505859375 0.833984375 0.0224609375 0.0224609375 
0 0.36328125 0.099609375 0.021484375 0.021484375 
0 0.4248046875 0.0458984375 0.0224609375 0.0224609375 
0 0.60546875 0.1875 0.021484375 0.021484375 
0 0.5791015625 0.2197265625 0.0234375 0.0234375 
0 0.3203125 0.2451171875 0.0234375 0.0234375 
0 0.490234375 0.2314453125 0.021484375 0.021484375 
0 0.5927734375 0.208984375 0.0234375 0.0234375 
1 0.3515625 0.2900390625 0.0224609375 0.0224609375 
0 0.39453125 0.55078125 0.021484375 0.021484375 
0 0.546875 0.0458984375 0.021484375 0.021484375 
0 0.568359375 0.501953125 0.021484375 0.021484375 
0 0.47265625 0.5478515625 0.021484375 0.021484375 
1 0.4169921875 0.2578125 0.021484375 0.021484375 
1 0.5869140625 0.392578125 0.0224609375 0.0224609375 
0 0.4619140625 0.5947265625 0.021484375 0.021484375 
1 0.4423828125 0.595703125 0.021484375 0.021484375 
0 0.5732421875 0.3779296875 0.0234375 0.0234375 
0 0.4453125 0.099609375 0.021484375 0.021484375 
0 0.5966796875 0.2861328125 0.021484375 0.021484375 
0 0.447265625 0.2041015625 0.021484375 0.021484375 
0 0.6396484375 0.10546875 0.021484375 0.021484375 
0 0.5859375 0.5419921875 0.021484375 0.021484375 
0 0.4345703125 0.6953125 0.0234375 0.0234375 
1 0.3515625 0.2431640625 0.021484375 0.021484375 
1 0.4462890625 0.4833984375 0.0224609375 0.0224609375 
0 0.4482421875 0.0634765625 0.021484375 0.021484375 
0 0.3349609375 0.244140625 0.021484375 0.021484375 
0 0.3974609375 0.154296875 0.0234375 0.0234375 
1 0.458984375 0.814453125 0.0234375 0.0234375 
0 0.4658203125 0.4130859375 0.021484375 0.021484375 
0 0.443359375 0.154296875 0.0234375 0.0234375 
1 0.34375 0.1416015625 0.021484375 0.021484375 
0 0.5810546875 0.4599609375 0.0224609375 0.0224609375 
0 0.556640625 0.390625 0.021484375 0.021484375 
0 0.4091796875 0.1435546875 0.0224609375 0.0224609375 
0 0.478515625 0.841796875 0.025390625 0.025390625 
0 0.3203125 0.220703125 0.021484375 0.021484375 
0 0.6103515625 0.08203125 0.0234375 0.0234375 
0 0.4697265625 0.1806640625 0.0234375 0.0234375 
0 0.525390625 0.263671875 0.021484375 0.021484375 
0 0.53515625 0.0673828125 0.021484375 0.021484375 
0 0.6181640625 0.4931640625 0.0234375 0.0234375 
0 0.484375 0.724609375 0.021484375 0.021484375 
1 0.3955078125 0.572265625 0.021484375 0.021484375 
0 0.2861328125 0.12109375 0.0234375 0.0234375 
0 0.666015625 0.0751953125 0.0224609375 0.0224609375 
0 0.5107421875 0.337890625 0.021484375 0.021484375 
1 0.5283203125 0.8671875 0.021484375 0.021484375 
0 0.3525390625 0.3388671875 0.021484375 0.021484375 
0 0.3759765625 0.310546875 0.021484375 0.021484375 
0 0.65625 0.23046875 0.0224609375 0.0224609375 
0 0.5439453125 0.08203125 0.021484375 0.021484375 
0 0.3876953125 0.03125 0.0234375 0.0234375 
0 0.375 0.3818359375 0.0234375 0.0234375 
0 0.521484375 0.1689453125 0.021484375 0.021484375 
0 0.6171875 0.111328125 0.021484375 0.021484375 
0 0.5009765625 0.4150390625 0.021484375 0.021484375 
1 0.482421875 0.7080078125 0.021484375 0.021484375 
0 0.482421875 0.6640625 0.021484375 0.021484375 
0 0.58984375 0.494140625 0.0234375 0.0234375 
0 0.62890625 0.12109375 0.021484375 0.021484375 
0 0.5029296875 0.43359375 0.0234375 0.0234375 
0 0.3671875 0.0302734375 0.021484375 0.021484375 
0 0.3798828125 0.154296875 0.021484375 0.021484375 
0 0.5224609375 0.279296875 0.021484375 0.021484375 
0 0.3916015625 0.369140625 0.0224609375 0.0224609375 
0 0.470703125 0.357421875 0.0224609375 0.0224609375 
0 0.576171875 0.0810546875 0.0224609375 0.0224609375 
1 0.515625 0.6201171875 0.021484375 0.021484375 
0 0.4013671875 0.2255859375 0.0234375 0.0234375 
0 0.6376953125 0.3232421875 0.021484375 0.021484375 
0 0.5556640625 0.5703125 0.021484375 0.021484375 
1 0.5849609375 0.2998046875 0.021484375 0.021484375 
0 0.58203125 0.673828125 0.021484375 0.021484375 
0 0.5302734375 0.3740234375 0.0234375 0.0234375 
0 0.4296875 0.6318359375 0.021484375 0.021484375 
1 0.619140625 0.2109375 0.021484375 0.021484375 
0 0.462890625 0.08203125 0.0234375 0.0234375 
0 0.4892578125 0.4248046875 0.021484375 0.021484375 
0 0.466796875 0.52734375 0.021484375 0.021484375 
0 0.4794921875 0.08984375 0.0234375 0.0234375 
0 0.4609375 0.1083984375 0.0234375 0.0234375 
0 0.443359375 0.5380859375 0.021484375 0.021484375 
0 0.515625 0.1083984375 0.0234375 0.0234375 
1 0.552734375 0.6875 0.021484375 0.021484375 
0 0.482421875 0.4091796875 0.021484375 0.021484375 
0 0.5400390625 0.76953125 0.021484375 0.021484375 
0 0.4775390625 0.876953125 0.025390625 0.025390625 
0 0.61328125 0.376953125 0.0234375 0.0234375 
0 0.5693359375 0.5458984375 0.0224609375 0.0224609375 
1 0.6162109375 0.29296875 0.021484375 0.021484375 
0 0.3896484375 0.291015625 0.0234375 0.0234375 
0 0.416015625 0.07421875 0.0234375 0.0234375 
1 0.5 0.76171875 0.021484375 0.021484375 
0 0.583984375 0.625 0.021484375 0.021484375 
0 0.3701171875 0.140625 0.0234375 0.0234375 
0 0.69140625 0.0810546875 0.0234375 0.0234375 
0 0.517578125 0.7734375 0.021484375 0.021484375 
0 0.5068359375 0.13671875 0.021484375 0.021484375 
0 0.4609375 0.6484375 0.0234375 0.0234375 
0 0.5 0.1767578125 0.021484375 0.021484375 
1 0.4580078125 0.3046875 0.0224609375 0.0224609375 
1 0.439453125 0.5751953125 0.0224609375 0.0224609375 
0 0.662109375 0.3095703125 0.021484375 0.021484375 
0 0.51171875 0.3916015625 0.0234375 0.0234375 
0 0.560546875 0.0625 0.021484375 0.021484375 
0 0.3916015625 0.056640625 0.021484375 0.021484375 
0 0.4990234375 0.45703125 0.021484375 0.021484375 
0 0.5908203125 0.04296875 0.0234375 0.0234375 
0 0.490234375 0.79296875 0.021484375 0.021484375 
0 0.36328125 0.1953125 0.021484375 0.021484375 
0 0.5078125 0.71484375 0.0234375 0.0234375 
0 0.6357421875 0.267578125 0.0234375 0.0234375 
1 0.5244140625 0.201171875 0.021484375 0.021484375 
1 0.5322265625 0.1171875 0.021484375 0.021484375 
1 0.4658203125 0.6884765625 0.0224609375 0.0224609375 
0 0.4697265625 0.2373046875 0.021484375 0.021484375 
0 0.552734375 0.6689453125 0.021484375 0.021484375 
0 0.30859375 0.041015625 0.0234375 0.0234375 
1 0.435546875 0.4208984375 0.021484375 0.021484375 
1 0.607421875 0.44921875 0.021484375 0.021484375 
0 0.494140625 0.7392578125 0.0234375 0.0234375 
0 0.466796875 0.1982421875 0.021484375 0.021484375 
0 0.3916015625 0.5146484375 0.021484375 0.021484375 
1 0.4736328125 0.8134765625 0.0234375 0.0234375 
0 0.45703125 0.4970703125 0.0234375 0.0234375 
0 0.69921875 0.03515625 0.021484375 0.021484375 
0 0.5244140625 0.6044921875 0.021484375 0.021484375 
1 0.5185546875 0.6357421875 0.021484375 0.021484375 
0 0.5673828125 0.3037109375 0.021484375 0.021484375 
0 0.453125 0.4248046875 0.0224609375 0.0224609375 
0 0.498046875 0.2685546875 0.0234375 0.0234375 
1 0.529296875 0.0498046875 0.0224609375 0.0224609375 
0 0.6064453125 0.130859375 0.021484375 0.021484375 
0 0.56640625 0.751953125 0.0224609375 0.0224609375 
