0 0.5322265625 0.3310546875 0.0234375 0.0234375 
0 0.4873046875 0.7978515625 0.01953125 0.01953125 
0 0.6865234375 0.0966796875 0.0234375 0.0234375 
0 0.48828125 0.146484375 0.0234375 0.0234375 
1 0.373046875 0.3798828125 0.021484375 0.021484375 
0 0.3115234375 0.2353515625 0.021484375 0.021484375 
1 0.4111328125 0.091796875 0.021484375 0.021484375 
0 0.544921875 0.4248046875 0.021484375 0.021484375 
0 0.3515625 0.14453125 0.0234375 0.0234375 
1 0.5361328125 0.51953125 0.0224609375 0.0224609375 
1 0.43359375 0.4921875 0.021484375 0.021484375 
0 0.4775390625 0.7685546875 0.0224609375 0.0224609375 
0 0.349609375 0.27734375 0.021484375 0.021484375 
0 0.486328125 0.57421875 0.0234375 0.0234375 
0 0.408203125 0.1923828125 0.021484375 0.021484375 
1 0.537109375 0.59375 0.021484375 0.021484375 
0 0.537109375 0.1416015625 0.0234375 0.0234375 
1 0.4873046875 0.3857421875 0.021484375 0.021484375 
0 0.5458984375 0.841796875 0.0234375 0.0234375 
0 0.6826171875 0.2099609375 0.021484375 0.021484375 
0 0.65234375 0.3251953125 0.021484375 0.021484375 
0 0.3330078125 0.0927734375 0.021484375 0.021484375 
1 0.4765625 0.884765625 0.0234375 0.0234375 
0 0.4833984375 0.5966796875 0.0234375 0.0234375 
0 0.546875 0.392578125 0.0224609375 0.0224609375 
0 0.6298828125 0.4228515625 0.021484375 0.021484375 
1 0.3818359375 0.107421875 0.0224609375 0.0224609375 
0 0.4609375 0.630859375 0.021484375 0.021484375 
0 0.529296875 0.720703125 0.0234375 0.0234375 
0 0.4267578125 0.603515625 0.021484375 0.021484375 
0 0.5400390625 0.2001953125 0.0234375 0.0234375 
0 0.5966796875 0.189453125 0.0224609375 0.0224609375 
0 0.5361328125 0.4482421875 0.021484375 0.021484375 
0 0.5107421875 0.0849609375 0.0234375 0.0234375 
0 0.4638671875 0.208984375 0.021484375 0.021484375 
0 0.4228515625 0.2919921875 0.021484375 0.021484375 
0 0.6875 0.1220703125 0.021484375 0.021484375 
0 0.4482421875 0.6982421875 0.021484375 0.021484375 
0 0.3505859375 0.0771484375 0.0234375 0.0234375 
1 0.5107421875 0.876953125 0.021484375 0.021484375 
0 0.5595703125 0.0458984375 0.0234375 0.0234375 
0 0.6962890625 0.0771484375 0.021484375 0.021484375 
0 0.6044921875 0.2353515625 0.021484375 0.021484375 
0 0.4169921875 0.12890625 0.0234375 0.0234375 
1 0.4462890625 0.578125 0.021484375 0.021484375 
0 0.6533203125 0.1494140625 0.0234375 0.0234375 
1 0.5166015625 0.833984375 0.021484375 0.021484375 
0 0.5283203125 0.3525390625 0.0234375 0.0234375 
0 0.44140625 0.064453125 0.021484375 0.021484375 
0 0.5205078125 0.7734375 0.021484375 0.021484375 
0 0.5234375 0.8876953125 0.0224609375 0.0224609375 
0 0.5859375 0.5087890625 0.0234375 0.0234375 
0 0.615234375 0.4208984375 0.021484375 0.021484375 
0 0.3525390625 0.181640625 0.021484375 0.021484375 
0 0.47265625 0.328125 0.0224609375 0.0224609375 
1 0.36328125 0.08984375 0.021484375 0.021484375 
0 0.5771484375 0.68359375 0.021484375 0.021484375 
0 0.5390625 0.6845703125 0.021484375 0.021484375 
0 0.578125 0.6513671875 0.0234375 0.0234375 
0 0.43359375 0.2373046875 0.021484375 0.021484375 
1 0.5126953125 0.6650390625 0.0224609375 0.0224609375 
0 0.4521484375 0.4345703125 0.0234375 0.0234375 
0 0.7119140625 0.0341796875 0.021484375 0.021484375 
0 0.33203125 0.275390625 0.021484375 0.021484375 
0 0.52734375 0.2744140625 0.0234375 0.0234375 
1 0.513671875 0.3623046875 0.0224609375 0.0224609375 
1 0.4833984375 0.302734375 0.021484375 0.021484375 
1 0.400390625 0.3203125 0.0224609375 0.0224609375 
0 0.5400390625 0.548828125 0.021484375 0.021484375 
0 0.2734375 0.046875 0.021484375 0.021484375 
0 0.556640625 0.2001953125 0.0224609375 0.0224609375 
0 0.4951171875 0.6181640625 0.021484375 0.021484375 
0 0.4970703125 0.0556640625 0.021484375 0.021484375 
1 0.564453125 0.400390625 0.0224609375 0.0224609375 
0 0.5146484375 0.06640625 0.0224609375 0.0224609375 
1 0.3837890625 0.208984375 0.021484375 0.021484375 
1 0.6630859375 0.234375 0.021484375 0.021484375 
0 0.65625 0.1171875 0.021484375 0.021484375 
0 0.6630859375 0.1318359375 0.0234375 0.0234375 
0 0.4267578125 0.4580078125 0.021484375 0.021484375 
0 0.5625 0.6728515625 0.0234375 0.0234375 
0 0.6572265625 0.27734375 0.0234375 0.0234375 
0 0.60546875 0.4033203125 0.0224609375 0.0224609375 
0 0.6298828125 0.23828125 0.021484375 0.021484375 
0 0.5390625 0.1162109375 0.021484375 0.021484375 
0 0.525390625 0.123046875 0.021484375 0.021484375 
0 0.3330078125 0.3056640625 0.0224609375 0.0224609375 
0 0.5390625 0.8583984375 0.0234375 0.0234375 
0 0.546875 0.2353515625 0.0234375 0.0234375 
0 0.4033203125 0.2333984375 0.021484375 0.021484375 
0 0.478515625 0.7255859375 0.021484375 0.021484375 
0 0.5244140625 0.853515625 0.021484375 0.021484375 
0 0.384765625 0.0458984375 0.0234375 0.0234375 
0 0.5439453125 0.8193359375 0.01953125 0.01953125 
1 0.4638671875 0.7421875 0.021484375 0.021484375 
1 0.4501953125 0.1611328125 0.021484375 0.021484375 
0 0.6025390625 0.341796875 0.0234375 0.0234375 
1 0.404296875 0.4697265625 0.021484375 0.021484375 
1 0.41796875 0.3779296875 0.021484375 0.021484375 
1 0.4453125 0.2119140625 0.0224609375 0.0224609375 
0 0.396484375 0.1826171875 0.021484375 0.021484375 
0 0.6357421875 0.07421875 0.021484375 0.021484375 
0 0.3115234375 0.146484375 0.0234375 0.0234375 
0 0.5810546875 0.396484375 0.021484375 0.021484375 
0 0.3369140625 0.138671875 0.021484375 0.021484375 
0 0.3291015625 0.2314453125 0.0234375 0.0234375 
0 0.6279296875 0.3125 0.0224609375 0.0224609375 
0 0.3974609375 0.44140625 0.021484375 0.021484375 
0 0.3515625 0.2041015625 0.0234375 0.0234375 
1 0.4609375 0.587890625 0.0224609375 0.0224609375 
0 0.6640625 0.1923828125 0.0224609375 0.0224609375 
0 0.4228515625 0.6416015625 0.021484375 0.021484375 
0 0.609375 0.1083984375 0.021484375 0.021484375 
0 0.3779296875 0.3447265625 0.021484375 0.021484375 
0 0.619140625 0.435546875 0.0234375 0.0234375 
0 0.5478515625 0.27734375 0.0234375 0.0234375 
1 0.5673828125 0.5048828125 0.021484375 0.021484375 
1 0.4716796875 0.65625 0.0224609375 0.0224609375 
0 0.3515625 0.3125 0.021484375 0.021484375 
1 0.5986328125 0.1591796875 0.021484375 0.021484375 
0 0.3837890625 0.42578125 0.021484375 0.021484375 
1 0.5859375 0.4443359375 0.021484375 0.021484375 
0 0.4365234375 0.046875 0.0224609375 0.0224609375 
0 0.44140625 0.197265625 0.0234375 0.0234375 
0 0.423828125 0.3125 0.0234375 0.0234375 
0 0.34765625 0.099609375 0.0224609375 0.0224609375 
0 0.375 0.2666015625 0.0234375 0.0234375 
1 0.4560546875 0.5419921875 0.021484375 0.021484375 
0 0.4306640625 0.4013671875 0.0234375 0.0234375 
0 0.4716796875 0.8681640625 0.0234375 0.0234375 
1 0.515625 0.689453125 0.0224609375 0.0224609375 
0 0.5712890625 0.2109375 0.0234375 0.0234375 
0 0.490234375 0.3291015625 0.021484375 0.021484375 
1 0.470703125 0.8349609375 0.021484375 0.021484375 
1 0.693359375 0.1494140625 0.0224609375 0.0224609375 
0 0.49609375 0.6865234375 0.0234375 0.0234375 
1 0.4931640625 0.22265625 0.021484375 0.021484375 
1 0.4765625 0.087890625 0.021484375 0.021484375 
0 0.30859375 0.1884765625 0.0234375 0.0234375 
1 0.4755859375 0.5576171875 0.021484375 0.021484375 
0 0.5517578125 0.5869140625 0.021484375 0.021484375 
0 0.6240234375 0.0859375 0.0234375 0.0234375 
0 0.4365234375 0.0869140625 0.021484375 0.021484375 
0 0.5322265625 0.2236328125 0.021484375 0.021484375 
0 0.5751953125 0.06640625 0.0224609375 0.0224609375 
0 0.5771484375 0.578125 0.021484375 0.021484375 
0 0.3408203125 0.1220703125 0.0224609375 0.0224609375 
0 0.4150390625 0.2158203125 0.0234375 0.0234375 
0 0.5146484375 0.2548828125 0.0234375 0.0234375 
0 0.486328125 0.189453125 0.021484375 0.021484375 
0 0.564453125 0.107421875 0.0224609375 0.0224609375 
0 0.431640625 0.3359375 0.0234375 0.0234375 
0 0.6591796875 0.0380859375 0.021484375 0.021484375 
0 0.3583984375 0.041015625 0.021484375 0.021484375 
0 0.474609375 0.6767578125 0.021484375 0.021484375 
0 0.513671875 0.5751953125 0.021484375 0.021484375 
0 0.423828125 0.5322265625 0.021484375 0.021484375 
0 0.4052734375 0.3525390625 0.021484375 0.021484375 
0 0.4013671875 0.1640625 0.0234375 0.0234375 
1 0.4443359375 0.728515625 0.021484375 0.021484375 
1 0.6064453125 0.5322265625 0.021484375 0.021484375 
1 0.4716796875 0.2626953125 0.021484375 0.021484375 
0 0.564453125 0.130859375 0.021484375 0.021484375 
0 0.451171875 0.287109375 0.021484375 0.021484375 
1 0.623046875 0.2822265625 0.021484375 0.021484375 
0 0.67578125 0.0439453125 0.021484375 0.021484375 
1 0.4375 0.46875 0.021484375 0.021484375 
0 0.4140625 0.4228515625 0.021484375 0.021484375 
1 0.4189453125 0.041015625 0.021484375 0.021484375 
