0 0.6591796875 0.1650390625 0.0234375 0.0234375 
1 0.5712890625 0.5849609375 0.021484375 0.021484375 
0 0.525390625 0.4794921875 0.021484375 0.021484375 
1 0.6630859375 0.2548828125 0.021484375 0.021484375 
0 0.4052734375 0.111328125 0.0234375 0.0234375 
0 0.4111328125 0.1630859375 0.021484375 0.021484375 
0 0.4140625 0.53515625 0.021484375 0.021484375 
0 0.4453125 0.7412109375 0.0234375 0.0234375 
1 0.431640625 0.443359375 0.0224609375 0.0224609375 
0 0.5322265625 0.59765625 0.0224609375 0.0224609375 
0 0.4716796875 0.1943359375 0.021484375 0.021484375 
0 0.431640625 0.3115234375 0.0234375 0.0234375 
1 0.3779296875 0.1162109375 0.021484375 0.021484375 
0 0.287109375 0.0849609375 0.021484375 0.021484375 
0 0.501953125 0.533203125 0.0234375 0.0234375 
0 0.435546875 0.5400390625 0.021484375 0.021484375 
0 0.4296875 0.3603515625 0.021484375 0.021484375 
1 0.525390625 0.41796875 0.0224609375 0.0224609375 
0 0.5341796875 0.158203125 0.0224609375 0.0224609375 
1 0.5205078125 0.8349609375 0.0234375 0.0234375 
0 0.6162109375 0.51171875 0.0234375 0.0234375 
1 0.6025390625 0.572265625 0.021484375 0.021484375 
0 0.4765625 0.6630859375 0.021484375 0.021484375 
0 0.6083984375 0.15234375 0.021484375 0.021484375 
0 0.603515625 0.412109375 0.021484375 0.021484375 
1 0.5419921875 0.810546875 0.0234375 0.0234375 
0 0.4228515625 0.119140625 0.021484375 0.021484375 
0 0.5556640625 0.380859375 0.021484375 0.021484375 
0 0.341796875 0.0927734375 0.021484375 0.021484375 
0 0.564453125 0.4150390625 0.021484375 0.021484375 
0 0.4716796875 0.1396484375 0.021484375 0.021484375 
1 0.3095703125 0.2119140625 0.021484375 0.021484375 
0 0.537109375 0.724609375 0.021484375 0.021484375 
0 0.6103515625 0.08203125 0.021484375 0.021484375 
1 0.357421875 0.3779296875 0.0224609375 0.0224609375 
0 0.6689453125 0.201171875 0.0224609375 0.0224609375 
0 0.515625 0.439453125 0.021484375 0.021484375 
1 0.431640625 0.076171875 0.021484375 0.021484375 
1 0.4755859375 0.8486328125 0.021484375 0.021484375 
0 0.6953125 0.103515625 0.021484375 0.021484375 
0 0.505859375 0.03125 0.021484375 0.021484375 
1 0.3251953125 0.0439453125 0.0224609375 0.0224609375 
0 0.3759765625 0.0888671875 0.0224609375 0.0224609375 
0 0.4111328125 0.298828125 0.021484375 0.021484375 
0 0.36328125 0.1923828125 0.0234375 0.0234375 
0 0.4365234375 0.0302734375 0.0224609375 0.0224609375 
1 0.5009765625 0.3115234375 0.021484375 0.021484375 
0 0.4033203125 0.3349609375 0.021484375 0.021484375 
0 0.57421875 0.23046875 0.021484375 0.021484375 
0 0.4755859375 0.828125 0.0224609375 0.0224609375 
1 0.38671875 0.068359375 0.0224609375 0.0224609375 
0 0.505859375 0.056640625 0.021484375 0.021484375 
1 0.560546875 0.4453125 0.021484375 0.021484375 
0 0.35546875 0.171875 0.0234375 0.0234375 
1 0.3359375 0.203125 0.021484375 0.021484375 
1 0.5087890625 0.5732421875 0.021484375 0.021484375 
1 0.453125 0.5380859375 0.0224609375 0.0224609375 
0 0.4140625 0.3642578125 0.0224609375 0.0224609375 
1 0.611328125 0.2890625 0.021484375 0.021484375 
0 0.4765625 0.7978515625 0.021484375 0.021484375 
1 0.3173828125 0.0732421875 0.0224609375 0.0224609375 
0 0.501953125 0.703125 0.021484375 0.021484375 
0 0.5078125 0.2216796875 0.0234375 0.0234375 
1 0.5390625 0.42578125 0.021484375 0.021484375 
0 0.5068359375 0.0712890625 0.021484375 0.021484375 
0 0.3720703125 0.2431640625 0.021484375 0.021484375 
0 0.6650390625 0.14453125 0.0234375 0.0234375 
0 0.4404296875 0.1904296875 0.0234375 0.0234375 
0 0.3916015625 0.3251953125 0.0224609375 0.0224609375 
0 0.4921875 0.6201171875 0.021484375 0.021484375 
0 0.4443359375 0.2724609375 0.0234375 0.0234375 
0 0.689453125 0.1259765625 0.0234375 0.0234375 
1 0.390625 0.140625 0.0224609375 0.0224609375 
0 0.5654296875 0.6396484375 0.021484375 0.021484375 
0 0.396484375 0.4111328125 0.021484375 0.021484375 
0 0.650390625 0.2900390625 0.0234375 0.0234375 
0 0.6083984375 0.5390625 0.0234375 0.0234375 
0 0.4599609375 0.150390625 0.021484375 0.021484375 
0 0.505859375 0.853515625 0.0224609375 0.0224609375 
0 0.4287109375 0.5966796875 0.0234375 0.0234375 
0 0.6279296875 0.1875 0.021484375 0.021484375 
0 0.5234375 0.09765625 0.021484375 0.021484375 
0 0.5146484375 0.8193359375 0.0234375 0.0234375 
0 0.419921875 0.2265625 0.0234375 0.0234375 
0 0.564453125 0.6787109375 0.0224609375 0.0224609375 
0 0.4423828125 0.724609375 0.021484375 0.021484375 
0 0.4169921875 0.501953125 0.0224609375 0.0224609375 
0 0.4384765625 0.45703125 0.021484375 0.021484375 
1 0.423828125 0.630859375 0.0224609375 0.0224609375 
0 0.529296875 0.0751953125 0.0234375 0.0234375 
0 0.478515625 0.3173828125 0.021484375 0.021484375 
0 0.31640625 0.1015625 0.021484375 0.021484375 
0 0.4921875 0.84765625 0.0224609375 0.0224609375 
1 0.541015625 0.861328125 0.0234375 0.0234375 
1 0.6826171875 0.07421875 0.021484375 0.021484375 
0 0.5693359375 0.7158203125 0.0234375 0.0234375 
0 0.4873046875 0.291015625 0.0234375 0.0234375 
0 0.5068359375 0.2490234375 0.021484375 0.021484375 
0 0.3564453125 0.10546875 0.021484375 0.021484375 
0 0.421875 0.26171875 0.021484375 0.021484375 
1 0.408203125 0.06640625 0.021484375 0.021484375 
0 0.3779296875 0.150390625 0.0234375 0.0234375 
0 0.3134765625 0.1640625 0.021484375 0.021484375 
0 0.5791015625 0.412109375 0.021484375 0.021484375 
0 0.6083984375 0.255859375 0.021484375 0.021484375 
0 0.50390625 0.416015625 0.021484375 0.021484375 
0 0.498046875 0.71875 0.021484375 0.021484375 
