0 0.57421875 0.548828125 0.021484375 0.021484375 
1 0.5302734375 0.5146484375 0.0224609375 0.0224609375 
0 0.49609375 0.7001953125 0.0234375 0.0234375 
0 0.5517578125 0.068359375 0.021484375 0.021484375 
0 0.5830078125 0.4951171875 0.021484375 0.021484375 
0 0.4208984375 0.4248046875 0.0224609375 0.0224609375 
0 0.4482421875 0.0537109375 0.021484375 0.021484375 
1 0.4599609375 0.12890625 0.0224609375 0.0224609375 
1 0.37890625 0.525390625 0.021484375 0.021484375 
0 0.443359375 0.671875 0.021484375 0.021484375 
0 0.529296875 0.3466796875 0.0234375 0.0234375 
1 0.6162109375 0.3271484375 0.0224609375 0.0224609375 
0 0.671875 0.1083984375 0.0234375 0.0234375 
1 0.6572265625 0.2939453125 0.021484375 0.021484375 
0 0.6875 0.1337890625 0.021484375 0.021484375 
0 0.3544921875 0.369140625 0.021484375 0.021484375 
0 0.33203125 0.107421875 0.021484375 0.021484375 
1 0.5341796875 0.75 0.021484375 0.021484375 
0 0.5732421875 0.4091796875 0.021484375 0.021484375 
0 0.669921875 0.1826171875 0.0224609375 0.0224609375 
0 0.3046875 0.1298828125 0.021484375 0.021484375 
1 0.5244140625 0.0361328125 0.021484375 0.021484375 
1 0.4345703125 0.443359375 0.021484375 0.021484375 
0 0.4658203125 0.21875 0.021484375 0.021484375 
0 0.5068359375 0.4013671875 0.021484375 0.021484375 
1 0.642578125 0.255859375 0.0224609375 0.0224609375 
0 0.5498046875 0.41796875 0.021484375 0.021484375 
0 0.5244140625 0.7958984375 0.0234375 0.0234375 
1 0.4775390625 0.802734375 0.021484375 0.021484375 
1 0.501953125 0.0791015625 0.021484375 0.021484375 
0 0.59375 0.34765625 0.021484375 0.021484375 
0 0.5302734375 0.3154296875 0.0234375 0.0234375 
0 0.638671875 0.3369140625 0.0234375 0.0234375 
0 0.5380859375 0.458984375 0.0234375 0.0234375 
0 0.3544921875 0.2841796875 0.021484375 0.021484375 
0 0.3583984375 0.1962890625 0.021484375 0.021484375 
0 0.5380859375 0.865234375 0.0224609375 0.0224609375 
1 0.4697265625 0.5986328125 0.0224609375 0.0224609375 
0 0.5224609375 0.5703125 0.021484375 0.021484375 
0 0.56640625 0.720703125 0.021484375 0.021484375 
0 0.3896484375 0.1796875 0.0234375 0.0234375 
1 0.451171875 0.5537109375 0.021484375 0.021484375 
1 0.5263671875 0.703125 0.021484375 0.021484375 
0 0.3515625 0.3505859375 0.0234375 0.0234375 
0 0.404296875 0.35546875 0.021484375 0.021484375 
0 0.630859375 0.146484375 0.021484375 0.021484375 
0 0.5654296875 0.1806640625 0.021484375 0.021484375 
0 0.49609375 0.8330078125 0.01953125 0.01953125 
0 0.5498046875 0.693359375 0.0234375 0.0234375 
1 0.3359375 0.236328125 0.021484375 0.021484375 
0 0.4892578125 0.2060546875 0.021484375 0.021484375 
0 0.6259765625 0.3984375 0.0234375 0.0234375 
0 0.5859375 0.3916015625 0.021484375 0.021484375 
0 0.5546875 0.13671875 0.0234375 0.0234375 
0 0.3486328125 0.267578125 0.021484375 0.021484375 
0 0.3525390625 0.32421875 0.021484375 0.021484375 
1 0.5283203125 0.0615234375 0.0224609375 0.0224609375 
0 0.5126953125 0.8369140625 0.01953125 0.01953125 
0 0.5546875 0.529296875 0.021484375 0.021484375 
0 0.4287109375 0.22265625 0.0234375 0.0234375 
0 0.4765625 0.3955078125 0.0234375 0.0234375 
0 0.58203125 0.0341796875 0.021484375 0.021484375 
1 0.458984375 0.7314453125 0.0224609375 0.0224609375 
1 0.435546875 0.3408203125 0.021484375 0.021484375 
0 0.6044921875 0.2421875 0.021484375 0.021484375 
0 0.66015625 0.1318359375 0.0224609375 0.0224609375 
0 0.59765625 0.12109375 0.0224609375 0.0224609375 
0 0.576171875 0.048828125 0.0234375 0.0234375 
1 0.48046875 0.0634765625 0.021484375 0.021484375 
0 0.3046875 0.150390625 0.021484375 0.021484375 
0 0.443359375 0.77734375 0.0224609375 0.0224609375 
1 0.6103515625 0.4072265625 0.021484375 0.021484375 
1 0.6298828125 0.2041015625 0.0224609375 0.0224609375 
0 0.4921875 0.2958984375 0.021484375 0.021484375 
1 0.373046875 0.255859375 0.021484375 0.021484375 
0 0.6259765625 0.41796875 0.021484375 0.021484375 
0 0.4091796875 0.4580078125 0.021484375 0.021484375 
1 0.30859375 0.052734375 0.0224609375 0.0224609375 
1 0.6259765625 0.1083984375 0.021484375 0.021484375 
0 0.453125 0.513671875 0.0234375 0.0234375 
0 0.470703125 0.0947265625 0.0234375 0.0234375 
1 0.4912109375 0.6767578125 0.0224609375 0.0224609375 
0 0.33203125 0.0517578125 0.0234375 0.0234375 
1 0.4296875 0.126953125 0.021484375 0.021484375 
0 0.6533203125 0.337890625 0.021484375 0.021484375 
0 0.43359375 0.0859375 0.021484375 0.021484375 
0 0.404296875 0.546875 0.0234375 0.0234375 
0 0.43359375 0.578125 0.021484375 0.021484375 
0 0.6826171875 0.1962890625 0.021484375 0.021484375 
1 0.380859375 0.1201171875 0.021484375 0.021484375 
0 0.5625 0.3720703125 0.0234375 0.0234375 
0 0.4052734375 0.0693359375 0.0234375 0.0234375 
0 0.4599609375 0.638671875 0.021484375 0.021484375 
0 0.5400390625 0.4892578125 0.0234375 0.0234375 
0 0.572265625 0.6103515625 0.021484375 0.021484375 
1 0.4365234375 0.423828125 0.021484375 0.021484375 
0 0.3466796875 0.2470703125 0.021484375 0.021484375 
0 0.59375 0.0849609375 0.0234375 0.0234375 
1 0.578125 0.4521484375 0.021484375 0.021484375 
0 0.5263671875 0.2578125 0.0224609375 0.0224609375 
0 0.5068359375 0.806640625 0.021484375 0.021484375 
0 0.5244140625 0.41015625 0.021484375 0.021484375 
1 0.64453125 0.1572265625 0.021484375 0.021484375 
0 0.5126953125 0.6640625 0.0224609375 0.0224609375 
1 0.3583984375 0.396484375 0.021484375 0.021484375 
0 0.4453125 0.19140625 0.0234375 0.0234375 
1 0.6279296875 0.4619140625 0.021484375 0.021484375 
1 0.552734375 0.615234375 0.021484375 0.021484375 
0 0.302734375 0.08984375 0.0234375 0.0234375 
0 0.353515625 0.142578125 0.021484375 0.021484375 
1 0.470703125 0.615234375 0.021484375 0.021484375 
1 0.591796875 0.4775390625 0.0224609375 0.0224609375 
0 0.5361328125 0.6591796875 0.021484375 0.021484375 
0 0.5048828125 0.2744140625 0.0234375 0.0234375 
1 0.5078125 0.5322265625 0.021484375 0.021484375 
1 0.599609375 0.32421875 0.021484375 0.021484375 
0 0.37109375 0.1025390625 0.0234375 0.0234375 
1 0.3759765625 0.291015625 0.021484375 0.021484375 
1 0.3857421875 0.416015625 0.021484375 0.021484375 
0 0.2958984375 0.0751953125 0.021484375 0.021484375 
0 0.65625 0.09375 0.0234375 0.0234375 
1 0.470703125 0.3701171875 0.021484375 0.021484375 
0 0.4912109375 0.4658203125 0.0234375 0.0234375 
0 0.349609375 0.2294921875 0.0234375 0.0234375 
1 0.443359375 0.53125 0.021484375 0.021484375 
0 0.49609375 0.09765625 0.0234375 0.0234375 
0 0.51171875 0.548828125 0.021484375 0.021484375 
0 0.599609375 0.421875 0.0234375 0.0234375 
