0 0.6357421875 0.2373046875 0.021484375 0.021484375 
0 0.498046875 0.0537109375 0.0234375 0.0234375 
0 0.3291015625 0.095703125 0.0234375 0.0234375 
0 0.3837890625 0.3642578125 0.0234375 0.0234375 
1 0.392578125 0.349609375 0.0224609375 0.0224609375 
1 0.4921875 0.2333984375 0.0224609375 0.0224609375 
0 0.556640625 0.7412109375 0.021484375 0.021484375 
0 0.5498046875 0.6455078125 0.021484375 0.021484375 
0 0.4052734375 0.3115234375 0.0224609375 0.0224609375 
0 0.541015625 0.671875 0.021484375 0.021484375 
0 0.3271484375 0.125 0.0224609375 0.0224609375 
0 0.48828125 0.6943359375 0.0234375 0.0234375 
0 0.6025390625 0.0703125 0.0224609375 0.0224609375 
0 0.6572265625 0.3095703125 0.021484375 0.021484375 
0 0.486328125 0.392578125 0.0234375 0.0234375 
0 0.560546875 0.1015625 0.0234375 0.0234375 
1 0.4462890625 0.7861328125 0.021484375 0.021484375 
1 0.44140625 0.5615234375 0.0224609375 0.0224609375 
0 0.412109375 0.2451171875 0.021484375 0.021484375 
1 0.3876953125 0.4228515625 0.021484375 0.021484375 
0 0.611328125 0.2392578125 0.021484375 0.021484375 
0 0.5078125 0.3740234375 0.0234375 0.0234375 
0 0.625 0.14453125 0.021484375 0.021484375 
1 0.638671875 0.2763671875 0.021484375 0.021484375 
0 0.34375 0.32421875 0.021484375 0.021484375 
0 0.4208984375 0.580078125 0.021484375 0.021484375 
0 0.537109375 0.771484375 0.025390625 0.025390625 
0 0.458984375 0.2236328125 0.021484375 0.021484375 
0 0.4306640625 0.076171875 0.0234375 0.0234375 
0 0.3017578125 0.15625 0.021484375 0.021484375 
0 0.4970703125 0.54296875 0.021484375 0.021484375 
0 0.4775390625 0.197265625 0.021484375 0.021484375 
0 0.5400390625 0.5927734375 0.0234375 0.0234375 
0 0.5615234375 0.6845703125 0.021484375 0.021484375 
0 0.4150390625 0.326171875 0.0234375 0.0234375 
0 0.5390625 0.115234375 0.021484375 0.021484375 
1 0.4111328125 0.126953125 0.0224609375 0.0224609375 
0 0.53515625 0.1767578125 0.0224609375 0.0224609375 
1 0.458984375 0.7705078125 0.021484375 0.021484375 
1 0.5361328125 0.4521484375 0.021484375 0.021484375 
1 0.310546875 0.0556640625 0.0224609375 0.0224609375 
1 0.4306640625 0.4208984375 0.021484375 0.021484375 
0 0.68359375 0.140625 0.021484375 0.021484375 
0 0.625 0.0771484375 0.0224609375 0.0224609375 
0 0.3857421875 0.0703125 0.0224609375 0.0224609375 
0 0.34765625 0.1923828125 0.021484375 0.021484375 
0 0.58984375 0.2783203125 0.021484375 0.021484375 
1 0.5224609375 0.697265625 0.021484375 0.021484375 
0 0.5810546875 0.41015625 0.0234375 0.0234375 
1 0.3310546875 0.0546875 0.0224609375 0.0224609375 
0 0.56640625 0.4365234375 0.0234375 0.0234375 
0 0.435546875 0.7216796875 0.021484375 0.021484375 
0 0.40625 0.5771484375 0.0224609375 0.0224609375 
0 0.576171875 0.5107421875 0.021484375 0.021484375 
1 0.453125 0.2392578125 0.021484375 0.021484375 
1 0.375 0.0986328125 0.021484375 0.021484375 
0 0.3212890625 0.072265625 0.021484375 0.021484375 
0 0.4423828125 0.52734375 0.0234375 0.0234375 
0 0.5439453125 0.25390625 0.021484375 0.021484375 
0 0.4697265625 0.484375 0.0234375 0.0234375 
0 0.4921875 0.7490234375 0.021484375 0.021484375 
0 0.5859375 0.06640625 0.021484375 0.021484375 
0 0.5703125 0.181640625 0.021484375 0.021484375 
0 0.3671875 0.1298828125 0.021484375 0.021484375 
1 0.556640625 0.4228515625 0.021484375 0.021484375 
0 0.572265625 0.6494140625 0.021484375 0.021484375 
0 0.353515625 0.05078125 0.0234375 0.0234375 
0 0.5263671875 0.880859375 0.01953125 0.01953125 
0 0.3916015625 0.142578125 0.0234375 0.0234375 
1 0.4365234375 0.291015625 0.0224609375 0.0224609375 
0 0.2802734375 0.0390625 0.021484375 0.021484375 
0 0.6416015625 0.3603515625 0.0234375 0.0234375 
0 0.4765625 0.837890625 0.01953125 0.01953125 
0 0.478515625 0.783203125 0.021484375 0.021484375 
1 0.5283203125 0.271484375 0.021484375 0.021484375 
0 0.3291015625 0.140625 0.0224609375 0.0224609375 
1 0.4853515625 0.767578125 0.0234375 0.0234375 
0 0.603515625 0.4130859375 0.0224609375 0.0224609375 
0 0.5888671875 0.1689453125 0.0224609375 0.0224609375 
0 0.50390625 0.2734375 0.021484375 0.021484375 
1 0.478515625 0.1650390625 0.0224609375 0.0224609375 
1 0.5263671875 0.7861328125 0.0234375 0.0234375 
1 0.5908203125 0.3203125 0.021484375 0.021484375 
0 0.3427734375 0.0771484375 0.0234375 0.0234375 
0 0.5458984375 0.7919921875 0.025390625 0.025390625 
1 0.353515625 0.10546875 0.021484375 0.021484375 
0 0.4599609375 0.1015625 0.021484375 0.021484375 
0 0.3828125 0.302734375 0.021484375 0.021484375 
1 0.41015625 0.4501953125 0.0224609375 0.0224609375 
0 0.5302734375 0.8662109375 0.0224609375 0.0224609375 
0 0.3779296875 0.162109375 0.021484375 0.021484375 
0 0.6005859375 0.341796875 0.021484375 0.021484375 
0 0.412109375 0.51171875 0.0224609375 0.0224609375 
0 0.529296875 0.0341796875 0.0234375 0.0234375 
0 0.4375 0.119140625 0.0234375 0.0234375 
0 0.283203125 0.0849609375 0.0234375 0.0234375 
0 0.5380859375 0.4306640625 0.021484375 0.021484375 
0 0.671875 0.083984375 0.021484375 0.021484375 
1 0.5107421875 0.220703125 0.021484375 0.021484375 
0 0.6201171875 0.1787109375 0.021484375 0.021484375 
0 0.3330078125 0.234375 0.021484375 0.021484375 
0 0.5380859375 0.548828125 0.0224609375 0.0224609375 
0 0.4423828125 0.0546875 0.021484375 0.021484375 
0 0.34765625 0.232421875 0.0234375 0.0234375 
0 0.36328125 0.4189453125 0.021484375 0.021484375 
0 0.521484375 0.6142578125 0.0234375 0.0234375 
0 0.5546875 0.7138671875 0.021484375 0.021484375 
0 0.462890625 0.26953125 0.021484375 0.021484375 
0 0.484375 0.2119140625 0.0234375 0.0234375 
0 0.369140625 0.078125 0.021484375 0.021484375 
0 0.375 0.1904296875 0.021484375 0.021484375 
0 0.4091796875 0.609375 0.0234375 0.0234375 
0 0.6474609375 0.2099609375 0.0224609375 0.0224609375 
0 0.5126953125 0.490234375 0.0234375 0.0234375 
0 0.4619140625 0.609375 0.021484375 0.021484375 
0 0.5595703125 0.21875 0.021484375 0.021484375 
0 0.634765625 0.1279296875 0.021484375 0.021484375 
0 0.5810546875 0.349609375 0.0234375 0.0234375 
0 0.443359375 0.33203125 0.0224609375 0.0224609375 
0 0.474609375 0.3779296875 0.021484375 0.021484375 
1 0.41015625 0.044921875 0.0224609375 0.0224609375 
0 0.568359375 0.5703125 0.0234375 0.0234375 
0 0.4296875 0.5126953125 0.021484375 0.021484375 
0 0.3974609375 0.2060546875 0.021484375 0.021484375 
0 0.44921875 0.1943359375 0.0234375 0.0234375 
0 0.4931640625 0.7119140625 0.021484375 0.021484375 
1 0.462890625 0.8310546875 0.021484375 0.021484375 
0 0.4150390625 0.6591796875 0.021484375 0.021484375 
0 0.4833984375 0.1455078125 0.0234375 0.0234375 
0 0.607421875 0.306640625 0.0234375 0.0234375 
0 0.455078125 0.7333984375 0.0234375 0.0234375 
