0 0.6455078125 0.109375 0.0234375 0.0234375 
0 0.515625 0.5322265625 0.021484375 0.021484375 
1 0.4345703125 0.6201171875 0.021484375 0.021484375 
0 0.4365234375 0.32421875 0.0234375 0.0234375 
0 0.5771484375 0.3662109375 0.021484375 0.021484375 
0 0.3798828125 0.48046875 0.021484375 0.021484375 
1 0.54296875 0.529296875 0.021484375 0.021484375 
0 0.384765625 0.10546875 0.0224609375 0.0224609375 
0 0.5068359375 0.263671875 0.0224609375 0.0224609375 
0 0.603515625 0.4248046875 0.0224609375 0.0224609375 
0 0.38671875 0.3291015625 0.021484375 0.021484375 
0 0.35546875 0.416015625 0.021484375 0.021484375 
1 0.4296875 0.546875 0.021484375 0.021484375 
0 0.3828125 0.498046875 0.0224609375 0.0224609375 
0 0.34375 0.19140625 0.021484375 0.021484375 
1 0.5087890625 0.16015625 0.021484375 0.021484375 
0 0.45703125 0.298828125 0.0234375 0.0234375 
0 0.521484375 0.318359375 0.0224609375 0.0224609375 
0 0.3701171875 0.384765625 0.021484375 0.021484375 
0 0.5224609375 0.1279296875 0.021484375 0.021484375 
0 0.3193359375 0.2412109375 0.0234375 0.0234375 
0 0.515625 0.87109375 0.01953125 0.01953125 
0 0.556640625 0.765625 0.025390625 0.025390625 
0 0.39453125 0.0712890625 0.021484375 0.021484375 
0 0.40625 0.052734375 0.0234375 0.0234375 
1 0.6025390625 0.251953125 0.021484375 0.021484375 
0 0.576171875 0.5888671875 0.021484375 0.021484375 
0 0.6728515625 0.0732421875 0.0234375 0.0234375 
1 0.4794921875 0.5908203125 0.0224609375 0.0224609375 
0 0.5830078125 0.234375 0.021484375 0.021484375 
1 0.701171875 0.0966796875 0.0224609375 0.0224609375 
1 0.4990234375 0.1923828125 0.021484375 0.021484375 
1 0.44140625 0.75390625 0.0234375 0.0234375 
0 0.4658203125 0.50390625 0.0224609375 0.0224609375 
0 0.4013671875 0.208984375 0.021484375 0.021484375 
0 0.4228515625 0.205078125 0.0224609375 0.0224609375 
0 0.4052734375 0.177734375 0.021484375 0.021484375 
0 0.3173828125 0.259765625 0.021484375 0.021484375 
0 0.5615234375 0.060546875 0.021484375 0.021484375 
0 0.5185546875 0.40625 0.0234375 0.0234375 
0 0.59765625 0.3701171875 0.0224609375 0.0224609375 
0 0.55078125 0.4326171875 0.0224609375 0.0224609375 
1 0.4267578125 0.044921875 0.021484375 0.021484375 
0 0.6015625 0.529296875 0.021484375 0.021484375 
1 0.3271484375 0.2275390625 0.021484375 0.021484375 
0 0.5107421875 0.8046875 0.01953125 0.01953125 
0 0.2724609375 0.05078125 0.021484375 0.021484375 
0 0.3125 0.1044921875 0.021484375 0.021484375 
0 0.376953125 0.2490234375 0.021484375 0.021484375 
1 0.5087890625 0.515625 0.0224609375 0.0224609375 
0 0.5478515625 0.8203125 0.025390625 0.025390625 
0 0.5244140625 0.5703125 0.0234375 0.0234375 
0 0.3935546875 0.4638671875 0.021484375 0.021484375 
0 0.392578125 0.234375 0.0224609375 0.0224609375 
0 0.515625 0.6845703125 0.021484375 0.021484375 
0 0.638671875 0.3193359375 0.0234375 0.0234375 
0 0.3662109375 0.2744140625 0.021484375 0.021484375 
0 0.4716796875 0.521484375 0.021484375 0.021484375 
1 0.59375 0.28515625 0.021484375 0.021484375 
0 0.3759765625 0.34765625 0.0234375 0.0234375 
0 0.568359375 0.4375 0.0234375 0.0234375 
0 0.4697265625 0.2255859375 0.0234375 0.0234375 
0 0.421875 0.18359375 0.021484375 0.021484375 
0 0.4521484375 0.62109375 0.021484375 0.021484375 
0 0.4814453125 0.4814453125 0.0234375 0.0234375 
0 0.4169921875 0.126953125 0.021484375 0.021484375 
0 0.66015625 0.2919921875 0.0234375 0.0234375 
0 0.6201171875 0.4990234375 0.021484375 0.021484375 
1 0.525390625 0.599609375 0.021484375 0.021484375 
0 0.642578125 0.2890625 0.021484375 0.021484375 
0 0.54296875 0.0625 0.0224609375 0.0224609375 
1 0.642578125 0.181640625 0.021484375 0.021484375 
0 0.55859375 0.626953125 0.021484375 0.021484375 
0 0.3798828125 0.0849609375 0.021484375 0.021484375 
0 0.4599609375 0.474609375 0.0224609375 0.0224609375 
0 0.462890625 0.1591796875 0.0234375 0.0234375 
0 0.6376953125 0.2421875 0.0234375 0.0234375 
0 0.4736328125 0.392578125 0.021484375 0.021484375 
1 0.5712890625 0.30859375 0.021484375 0.021484375 
0 0.4658203125 0.431640625 0.021484375 0.021484375 
1 0.4287109375 0.384765625 0.0224609375 0.0224609375 
0 0.591796875 0.267578125 0.021484375 0.021484375 
1 0.37890625 0.0400390625 0.021484375 0.021484375 
1 0.5361328125 0.390625 0.021484375 0.021484375 
0 0.3251953125 0.27734375 0.0234375 0.0234375 
1 0.5595703125 0.248046875 0.0224609375 0.0224609375 
1 0.537109375 0.6318359375 0.021484375 0.021484375 
0 0.349609375 0.166015625 0.021484375 0.021484375 
0 0.5185546875 0.638671875 0.0224609375 0.0224609375 
1 0.494140625 0.5341796875 0.021484375 0.021484375 
0 0.4873046875 0.423828125 0.0234375 0.0234375 
0 0.421875 0.6630859375 0.021484375 0.021484375 
0 0.447265625 0.396484375 0.021484375 0.021484375 
0 0.4287109375 0.4619140625 0.021484375 0.021484375 
0 0.4482421875 0.1240234375 0.0234375 0.0234375 
0 0.6826171875 0.04296875 0.021484375 0.021484375 
0 0.4453125 0.0576171875 0.021484375 0.021484375 
0 0.6005859375 0.3154296875 0.021484375 0.021484375 
0 0.451171875 0.8310546875 0.021484375 0.021484375 
0 0.4736328125 0.62109375 0.021484375 0.021484375 
0 0.4931640625 0.8349609375 0.01953125 0.01953125 
1 0.611328125 0.396484375 0.021484375 0.021484375 
0 0.5947265625 0.06640625 0.021484375 0.021484375 
0 0.5400390625 0.59765625 0.021484375 0.021484375 
1 0.4814453125 0.576171875 0.021484375 0.021484375 
1 0.654296875 0.248046875 0.0224609375 0.0224609375 
1 0.40234375 0.1005859375 0.0224609375 0.0224609375 
0 0.306640625 0.1240234375 0.021484375 0.021484375 
0 0.47265625 0.4609375 0.0224609375 0.0224609375 
1 0.5888671875 0.095703125 0.0224609375 0.0224609375 
0 0.5146484375 0.4921875 0.0234375 0.0234375 
0 0.6103515625 0.4755859375 0.0234375 0.0234375 
0 0.517578125 0.1005859375 0.021484375 0.021484375 
0 0.5751953125 0.41796875 0.021484375 0.021484375 
0 0.494140625 0.73828125 0.021484375 0.021484375 
0 0.5810546875 0.6669921875 0.0234375 0.0234375 
0 0.5546875 0.6962890625 0.021484375 0.021484375 
1 0.3154296875 0.1474609375 0.0224609375 0.0224609375 
0 0.4931640625 0.46875 0.021484375 0.021484375 
1 0.5693359375 0.6123046875 0.021484375 0.021484375 
0 0.3232421875 0.0810546875 0.0234375 0.0234375 
0 0.556640625 0.3583984375 0.0224609375 0.0224609375 
0 0.5146484375 0.33984375 0.021484375 0.021484375 
0 0.5029296875 0.7001953125 0.021484375 0.021484375 
0 0.341796875 0.279296875 0.0234375 0.0234375 
0 0.67578125 0.103515625 0.021484375 0.021484375 
0 0.68359375 0.2109375 0.021484375 0.021484375 
