0 0.625 0.3388671875 0.0234375 0.0234375 
0 0.5126953125 0.1064453125 0.021484375 0.021484375 
0 0.443359375 0.7529296875 0.021484375 0.021484375 
0 0.56640625 0.09375 0.021484375 0.021484375 
0 0.5107421875 0.330078125 0.0234375 0.0234375 
1 0.5341796875 0.5263671875 0.021484375 0.021484375 
0 0.4296875 0.4599609375 0.021484375 0.021484375 
0 0.6357421875 0.193359375 0.021484375 0.021484375 
0 0.40625 0.6298828125 0.021484375 0.021484375 
0 0.474609375 0.3115234375 0.0234375 0.0234375 
0 0.5166015625 0.5380859375 0.0234375 0.0234375 
1 0.4892578125 0.568359375 0.0224609375 0.0224609375 
0 0.587890625 0.044921875 0.0234375 0.0234375 
1 0.4208984375 0.70703125 0.0224609375 0.0224609375 
0 0.291015625 0.07421875 0.021484375 0.021484375 
0 0.3974609375 0.12109375 0.021484375 0.021484375 
0 0.3525390625 0.2578125 0.0234375 0.0234375 
0 0.3330078125 0.1708984375 0.021484375 0.021484375 
0 0.3349609375 0.2529296875 0.0224609375 0.0224609375 
0 0.4052734375 0.4052734375 0.021484375 0.021484375 
0 0.4638671875 0.6025390625 0.0234375 0.0234375 
0 0.4638671875 0.22265625 0.021484375 0.021484375 
1 0.5546875 0.2421875 0.021484375 0.021484375 
0 0.5791015625 0.2275390625 0.0234375 0.0234375 
0 0.5625 0.296875 0.021484375 0.021484375 
0 0.6416015625 0.2099609375 0.021484375 0.021484375 
0 0.5498046875 0.6650390625 0.0224609375 0.0224609375 
0 0.3759765625 0.2724609375 0.021484375 0.021484375 
0 0.328125 0.0703125 0.021484375 0.021484375 
0 0.3876953125 0.5 0.0224609375 0.0224609375 
0 0.541015625 0.87890625 0.0234375 0.0234375 
1 0.4384765625 0.19921875 0.0224609375 0.0224609375 
0 0.51953125 0.23046875 0.021484375 0.021484375 
0 0.572265625 0.6064453125 0.0234375 0.0234375 
0 0.5244140625 0.443359375 0.0224609375 0.0224609375 
1 0.47265625 0.068359375 0.021484375 0.021484375 
0 0.568359375 0.373046875 0.0234375 0.0234375 
0 0.607421875 0.3046875 0.0224609375 0.0224609375 
0 0.66796875 0.162109375 0.021484375 0.021484375 
0 0.5400390625 0.1796875 0.021484375 0.021484375 
0 0.51953125 0.69140625 0.021484375 0.021484375 
1 0.66796875 0.1796875 0.0224609375 0.0224609375 
0 0.494140625 0.4560546875 0.021484375 0.021484375 
0 0.44921875 0.42578125 0.021484375 0.021484375 
0 0.375 0.3720703125 0.021484375 0.021484375 
0 0.568359375 0.31640625 0.0234375 0.0234375 
0 0.4765625 0.81640625 0.025390625 0.025390625 
1 0.48046875 0.6572265625 0.021484375 0.021484375 
0 0.4765625 0.5009765625 0.0234375 0.0234375 
1 0.4248046875 0.2080078125 0.021484375 0.021484375 
1 0.4755859375 0.3876953125 0.021484375 0.021484375 
0 0.392578125 0.5400390625 0.0234375 0.0234375 
0 0.478515625 0.6240234375 0.021484375 0.021484375 
1 0.451171875 0.5927734375 0.021484375 0.021484375 
0 0.365234375 0.13671875 0.021484375 0.021484375 
0 0.6337890625 0.1640625 0.021484375 0.021484375 
0 0.6298828125 0.1376953125 0.0234375 0.0234375 
0 0.5498046875 0.5556640625 0.0234375 0.0234375 
0 0.4541015625 0.619140625 0.021484375 0.021484375 
1 0.6064453125 0.33984375 0.021484375 0.021484375 
0 0.3759765625 0.193359375 0.0224609375 0.0224609375 
0 0.5888671875 0.3837890625 0.0234375 0.0234375 
0 0.6103515625 0.3203125 0.021484375 0.021484375 
0 0.478515625 0.330078125 0.021484375 0.021484375 
0 0.439453125 0.279296875 0.0224609375 0.0224609375 
0 0.359375 0.361328125 0.021484375 0.021484375 
0 0.6474609375 0.35546875 0.021484375 0.021484375 
0 0.5341796875 0.634765625 0.021484375 0.021484375 
0 0.548828125 0.072265625 0.0234375 0.0234375 
0 0.4853515625 0.1025390625 0.021484375 0.021484375 
1 0.4775390625 0.28515625 0.021484375 0.021484375 
0 0.3134765625 0.1298828125 0.021484375 0.021484375 
0 0.5185546875 0.5234375 0.021484375 0.021484375 
0 0.458984375 0.3583984375 0.021484375 0.021484375 
0 0.486328125 0.8408203125 0.0224609375 0.0224609375 
0 0.3486328125 0.16015625 0.021484375 0.021484375 
0 0.5029296875 0.2314453125 0.0224609375 0.0224609375 
0 0.38671875 0.248046875 0.0234375 0.0234375 
0 0.6044921875 0.4140625 0.021484375 0.021484375 
1 0.3447265625 0.2255859375 0.021484375 0.021484375 
0 0.5830078125 0.3046875 0.0224609375 0.0224609375 
0 0.6025390625 0.140625 0.0234375 0.0234375 
0 0.494140625 0.27734375 0.0234375 0.0234375 
0 0.3857421875 0.421875 0.0234375 0.0234375 
0 0.66015625 0.09765625 0.0234375 0.0234375 
0 0.296875 0.0361328125 0.0234375 0.0234375 
0 0.580078125 0.0595703125 0.021484375 0.021484375 
0 0.3876953125 0.4775390625 0.0234375 0.0234375 
1 0.4228515625 0.0810546875 0.0224609375 0.0224609375 
0 0.427734375 0.2607421875 0.0234375 0.0234375 
0 0.5087890625 0.87109375 0.0224609375 0.0224609375 
0 0.537109375 0.275390625 0.021484375 0.021484375 
0 0.3662109375 0.0546875 0.021484375 0.021484375 
0 0.541015625 0.1640625 0.0224609375 0.0224609375 
1 0.486328125 0.529296875 0.0224609375 0.0224609375 
0 0.58203125 0.287109375 0.021484375 0.021484375 
0 0.4833984375 0.4306640625 0.021484375 0.021484375 
0 0.42578125 0.6337890625 0.021484375 0.021484375 
0 0.4580078125 0.8515625 0.0234375 0.0234375 
0 0.5703125 0.7138671875 0.021484375 0.021484375 
1 0.2919921875 0.052734375 0.021484375 0.021484375 
0 0.345703125 0.03515625 0.021484375 0.021484375 
1 0.35546875 0.1982421875 0.021484375 0.021484375 
1 0.443359375 0.50390625 0.0224609375 0.0224609375 
0 0.4296875 0.033203125 0.021484375 0.021484375 
0 0.4931640625 0.8662109375 0.01953125 0.01953125 
1 0.4765625 0.4150390625 0.021484375 0.021484375 
0 0.4072265625 0.4677734375 0.021484375 0.021484375 
0 0.697265625 0.064453125 0.021484375 0.021484375 
0 0.640625 0.2705078125 0.021484375 0.021484375 
0 0.552734375 0.125 0.021484375 0.021484375 
0 0.50390625 0.291015625 0.021484375 0.021484375 
1 0.5390625 0.326171875 0.021484375 0.021484375 
1 0.4189453125 0.6865234375 0.0224609375 0.0224609375 
1 0.5419921875 0.2236328125 0.0224609375 0.0224609375 
0 0.44921875 0.69921875 0.021484375 0.021484375 
0 0.5224609375 0.71484375 0.0234375 0.0234375 
1 0.3095703125 0.1015625 0.021484375 0.021484375 
0 0.408203125 0.216796875 0.0234375 0.0234375 
0 0.4951171875 0.3779296875 0.021484375 0.021484375 
0 0.44921875 0.1357421875 0.0234375 0.0234375 
1 0.583984375 0.3271484375 0.021484375 0.021484375 
0 0.4453125 0.4423828125 0.0234375 0.0234375 
0 0.4482421875 0.083984375 0.021484375 0.021484375 
0 0.4541015625 0.8154296875 0.01953125 0.01953125 
0 0.67578125 0.091796875 0.021484375 0.021484375 
1 0.47265625 0.2587890625 0.021484375 0.021484375 
1 0.384765625 0.33203125 0.0224609375 0.0224609375 
0 0.447265625 0.33984375 0.021484375 0.021484375 
0 0.6962890625 0.0810546875 0.021484375 0.021484375 
0 0.5556640625 0.3447265625 0.0234375 0.0234375 
0 0.5400390625 0.607421875 0.021484375 0.021484375 
0 0.5546875 0.76953125 0.0224609375 0.0224609375 
0 0.349609375 0.3896484375 0.0234375 0.0234375 
0 0.4892578125 0.724609375 0.021484375 0.021484375 
0 0.490234375 0.5478515625 0.0234375 0.0234375 
0 0.5166015625 0.1533203125 0.021484375 0.021484375 
0 0.49609375 0.8291015625 0.0234375 0.0234375 
0 0.3408203125 0.1884765625 0.0224609375 0.0224609375 
