0 0.5595703125 0.568359375 0.0234375 0.0234375 
1 0.4951171875 0.19140625 0.021484375 0.021484375 
0 0.3681640625 0.3994140625 0.021484375 0.021484375 
0 0.5986328125 0.287109375 0.0234375 0.0234375 
0 0.46484375 0.75390625 0.025390625 0.025390625 
0 0.58984375 0.208984375 0.021484375 0.021484375 
0 0.56640625 0.544921875 0.021484375 0.021484375 
0 0.4990234375 0.03125 0.021484375 0.021484375 
0 0.4970703125 0.2490234375 0.0224609375 0.0224609375 
0 0.619140625 0.3291015625 0.021484375 0.021484375 
0 0.5751953125 0.44921875 0.021484375 0.021484375 
0 0.4775390625 0.5732421875 0.021484375 0.021484375 
0 0.4404296875 0.5849609375 0.0224609375 0.0224609375 
0 0.5009765625 0.3466796875 0.021484375 0.021484375 
0 0.5888671875 0.142578125 0.0234375 0.0234375 
0 0.4814453125 0.88671875 0.01953125 0.01953125 
0 0.53125 0.49609375 0.0234375 0.0234375 
0 0.4365234375 0.7265625 0.021484375 0.021484375 
0 0.5791015625 0.2421875 0.021484375 0.021484375 
1 0.4189453125 0.2412109375 0.021484375 0.021484375 
0 0.421875 0.33203125 0.021484375 0.021484375 
0 0.4736328125 0.849609375 0.0224609375 0.0224609375 
1 0.3662109375 0.1796875 0.021484375 0.021484375 
0 0.548828125 0.7822265625 0.021484375 0.021484375 
1 0.33984375 0.1923828125 0.021484375 0.021484375 
0 0.59765625 0.3701171875 0.021484375 0.021484375 
0 0.55859375 0.236328125 0.0234375 0.0234375 
0 0.427734375 0.4716796875 0.021484375 0.021484375 
0 0.5478515625 0.6015625 0.0224609375 0.0224609375 
1 0.5478515625 0.2587890625 0.021484375 0.021484375 
0 0.466796875 0.673828125 0.0234375 0.0234375 
0 0.421875 0.2890625 0.0234375 0.0234375 
0 0.484375 0.7041015625 0.0234375 0.0234375 
0 0.46875 0.4033203125 0.021484375 0.021484375 
0 0.5576171875 0.4296875 0.021484375 0.021484375 
1 0.6318359375 0.18359375 0.0224609375 0.0224609375 
0 0.5185546875 0.685546875 0.021484375 0.021484375 
1 0.634765625 0.03125 0.021484375 0.021484375 
0 0.4521484375 0.044921875 0.0234375 0.0234375 
1 0.359375 0.2900390625 0.021484375 0.021484375 
1 0.3818359375 0.236328125 0.0224609375 0.0224609375 
0 0.5419921875 0.7509765625 0.021484375 0.021484375 
1 0.59765625 0.068359375 0.021484375 0.021484375 
0 0.4423828125 0.1396484375 0.0234375 0.0234375 
0 0.3779296875 0.2900390625 0.0234375 0.0234375 
0 0.435546875 0.6083984375 0.0224609375 0.0224609375 
0 0.443359375 0.330078125 0.0234375 0.0234375 
1 0.4306640625 0.1787109375 0.021484375 0.021484375 
0 0.47265625 0.3349609375 0.0234375 0.0234375 
0 0.5283203125 0.5615234375 0.0234375 0.0234375 
0 0.572265625 0.732421875 0.021484375 0.021484375 
0 0.6337890625 0.2548828125 0.021484375 0.021484375 
0 0.5 0.8857421875 0.021484375 0.021484375 
0 0.3154296875 0.2529296875 0.021484375 0.021484375 
0 0.6142578125 0.0576171875 0.0234375 0.0234375 
0 0.5751953125 0.26953125 0.021484375 0.021484375 
1 0.5888671875 0.0947265625 0.021484375 0.021484375 
0 0.37109375 0.08203125 0.0224609375 0.0224609375 
0 0.375 0.373046875 0.021484375 0.021484375 
0 0.513671875 0.056640625 0.021484375 0.021484375 
1 0.4248046875 0.2724609375 0.021484375 0.021484375 
0 0.462890625 0.703125 0.0224609375 0.0224609375 
0 0.560546875 0.650390625 0.021484375 0.021484375 
0 0.6591796875 0.2958984375 0.021484375 0.021484375 
0 0.5283203125 0.3154296875 0.021484375 0.021484375 
1 0.5322265625 0.388671875 0.0224609375 0.0224609375 
0 0.5205078125 0.81640625 0.0224609375 0.0224609375 
0 0.482421875 0.12109375 0.021484375 0.021484375 
1 0.3251953125 0.189453125 0.0224609375 0.0224609375 
0 0.3828125 0.1513671875 0.021484375 0.021484375 
0 0.6689453125 0.0625 0.0234375 0.0234375 
0 0.3408203125 0.2607421875 0.0224609375 0.0224609375 
0 0.5634765625 0.162109375 0.0234375 0.0234375 
1 0.3232421875 0.064453125 0.0224609375 0.0224609375 
1 0.365234375 0.2412109375 0.021484375 0.021484375 
0 0.5322265625 0.6787109375 0.0234375 0.0234375 
0 0.6064453125 0.2568359375 0.021484375 0.021484375 
0 0.5927734375 0.3232421875 0.021484375 0.021484375 
0 0.6240234375 0.3916015625 0.021484375 0.021484375 
0 0.5302734375 0.20703125 0.021484375 0.021484375 
1 0.427734375 0.712890625 0.021484375 0.021484375 
0 0.365234375 0.0546875 0.021484375 0.021484375 
1 0.63671875 0.0888671875 0.021484375 0.021484375 
0 0.634765625 0.36328125 0.021484375 0.021484375 
1 0.548828125 0.328125 0.021484375 0.021484375 
0 0.3525390625 0.11328125 0.0224609375 0.0224609375 
1 0.3974609375 0.234375 0.021484375 0.021484375 
0 0.509765625 0.1708984375 0.021484375 0.021484375 
1 0.5869140625 0.423828125 0.0224609375 0.0224609375 
1 0.443359375 0.2333984375 0.021484375 0.021484375 
0 0.373046875 0.322265625 0.021484375 0.021484375 
1 0.666015625 0.1103515625 0.021484375 0.021484375 
0 0.458984375 0.349609375 0.021484375 0.021484375 
0 0.5703125 0.2099609375 0.0234375 0.0234375 
0 0.4990234375 0.630859375 0.0224609375 0.0224609375 
0 0.671875 0.03515625 0.021484375 0.021484375 
0 0.5634765625 0.2978515625 0.0224609375 0.0224609375 
0 0.5224609375 0.5283203125 0.021484375 0.021484375 
0 0.560546875 0.521484375 0.021484375 0.021484375 
1 0.4775390625 0.5029296875 0.021484375 0.021484375 
1 0.6064453125 0.3427734375 0.021484375 0.021484375 
0 0.2890625 0.12109375 0.021484375 0.021484375 
0 0.529296875 0.6416015625 0.021484375 0.021484375 
1 0.5048828125 0.826171875 0.0234375 0.0234375 
1 0.5234375 0.2451171875 0.021484375 0.021484375 
0 0.4638671875 0.6494140625 0.0234375 0.0234375 
0 0.560546875 0.1123046875 0.0234375 0.0234375 
0 0.66796875 0.251953125 0.0234375 0.0234375 
1 0.5126953125 0.48046875 0.0224609375 0.0224609375 
0 0.41796875 0.6923828125 0.021484375 0.021484375 
0 0.4443359375 0.416015625 0.021484375 0.021484375 
0 0.4482421875 0.11328125 0.021484375 0.021484375 
1 0.5302734375 0.73046875 0.021484375 0.021484375 
1 0.3984375 0.1142578125 0.0224609375 0.0224609375 
0 0.40234375 0.0634765625 0.021484375 0.021484375 
0 0.41015625 0.5869140625 0.0224609375 0.0224609375 
1 0.51171875 0.7568359375 0.0234375 0.0234375 
0 0.5341796875 0.2919921875 0.021484375 0.021484375 
1 0.68359375 0.10546875 0.021484375 0.021484375 
0 0.552734375 0.3896484375 0.021484375 0.021484375 
0 0.3525390625 0.0322265625 0.0224609375 0.0224609375 
1 0.5048828125 0.7783203125 0.0234375 0.0234375 
0 0.5791015625 0.36328125 0.021484375 0.021484375 
0 0.357421875 0.1591796875 0.021484375 0.021484375 
0 0.5 0.5400390625 0.0234375 0.0234375 
1 0.5048828125 0.384765625 0.0224609375 0.0224609375 
0 0.3369140625 0.1513671875 0.021484375 0.021484375 
0 0.5830078125 0.615234375 0.0234375 0.0234375 
0 0.70703125 0.087890625 0.021484375 0.021484375 
0 0.3935546875 0.26953125 0.021484375 0.021484375 
0 0.4794921875 0.6123046875 0.0224609375 0.0224609375 
0 0.4033203125 0.51171875 0.0234375 0.0234375 
0 0.5654296875 0.314453125 0.021484375 0.021484375 
0 0.505859375 0.271484375 0.021484375 0.021484375 
0 0.576171875 0.048828125 0.021484375 0.021484375 
0 0.556640625 0.4130859375 0.0234375 0.0234375 
0 0.421875 0.513671875 0.0234375 0.0234375 
1 0.28515625 0.037109375 0.0224609375 0.0224609375 
0 0.4140625 0.5322265625 0.0234375 0.0234375 
0 0.37890625 0.10546875 0.021484375 0.021484375 
1 0.41015625 0.3681640625 0.021484375 0.021484375 
0 0.3427734375 0.1259765625 0.021484375 0.021484375 
0 0.7001953125 0.046875 0.0234375 0.0234375 
0 0.4375 0.689453125 0.0234375 0.0234375 
0 0.525390625 0.771484375 0.0224609375 0.0224609375 
