0 0.41015625 0.212890625 0.021484375 0.021484375 
0 0.2880859375 0.095703125 0.021484375 0.021484375 
0 0.4296875 0.654296875 0.021484375 0.021484375 
0 0.5556640625 0.7734375 0.025390625 0.025390625 
0 0.5546875 0.05859375 0.0234375 0.0234375 
0 0.5419921875 0.6318359375 0.0234375 0.0234375 
0 0.4228515625 0.314453125 0.0234375 0.0234375 
0 0.49609375 0.466796875 0.0234375 0.0234375 
0 0.388671875 0.3359375 0.0224609375 0.0224609375 
0 0.3251953125 0.0810546875 0.021484375 0.021484375 
0 0.4462890625 0.583984375 0.0224609375 0.0224609375 
1 0.6005859375 0.1591796875 0.021484375 0.021484375 
1 0.447265625 0.251953125 0.021484375 0.021484375 
0 0.4208984375 0.1982421875 0.0224609375 0.0224609375 
0 0.490234375 0.712890625 0.0224609375 0.0224609375 
1 0.3271484375 0.05859375 0.0224609375 0.0224609375 
0 0.560546875 0.1728515625 0.0224609375 0.0224609375 
1 0.560546875 0.515625 0.0224609375 0.0224609375 
0 0.615234375 0.4833984375 0.0224609375 0.0224609375 
0 0.6220703125 0.142578125 0.0224609375 0.0224609375 
0 0.5751953125 0.64453125 0.021484375 0.021484375 
1 0.5244140625 0.474609375 0.021484375 0.021484375 
0 0.486328125 0.5712890625 0.0234375 0.0234375 
0 0.673828125 0.1953125 0.0224609375 0.0224609375 
0 0.51953125 0.1650390625 0.021484375 0.021484375 
0 0.5458984375 0.7333984375 0.0234375 0.0234375 
0 0.5 0.7314453125 0.021484375 0.021484375 
1 0.5732421875 0.576171875 0.0224609375 0.0224609375 
0 0.5625 0.228515625 0.021484375 0.021484375 
0 0.3193359375 0.0302734375 0.0224609375 0.0224609375 
0 0.41015625 0.185546875 0.021484375 0.021484375 
1 0.5283203125 0.705078125 0.021484375 0.021484375 
1 0.537109375 0.4482421875 0.021484375 0.021484375 
1 0.6181640625 0.2158203125 0.0224609375 0.0224609375 
0 0.333984375 0.1826171875 0.021484375 0.021484375 
0 0.4072265625 0.2373046875 0.021484375 0.021484375 
1 0.5166015625 0.7685546875 0.021484375 0.021484375 
1 0.4794921875 0.490234375 0.021484375 0.021484375 
1 0.4384765625 0.5556640625 0.021484375 0.021484375 
0 0.58203125 0.2431640625 0.0224609375 0.0224609375 
0 0.4306640625 0.630859375 0.021484375 0.021484375 
0 0.515625 0.6904296875 0.021484375 0.021484375 
0 0.45703125 0.107421875 0.021484375 0.021484375 
0 0.67578125 0.1650390625 0.021484375 0.021484375 
0 0.43359375 0.23828125 0.021484375 0.021484375 
0 0.5625 0.546875 0.0234375 0.0234375 
0 0.48828125 0.3291015625 0.0234375 0.0234375 
0 0.5087890625 0.4140625 0.0234375 0.0234375 
0 0.509765625 0.8857421875 0.025390625 0.025390625 
0 0.3525390625 0.2939453125 0.021484375 0.021484375 
1 0.5244140625 0.109375 0.021484375 0.021484375 
1 0.587890625 0.3896484375 0.021484375 0.021484375 
0 0.4853515625 0.12890625 0.0224609375 0.0224609375 
1 0.5888671875 0.19921875 0.021484375 0.021484375 
0 0.548828125 0.2919921875 0.021484375 0.021484375 
0 0.4248046875 0.2958984375 0.021484375 0.021484375 
1 0.64453125 0.1787109375 0.0224609375 0.0224609375 
1 0.5703125 0.2041015625 0.021484375 0.021484375 
0 0.3251953125 0.1171875 0.021484375 0.021484375 
0 0.4033203125 0.5166015625 0.021484375 0.021484375 
0 0.4931640625 0.142578125 0.0224609375 0.0224609375 
0 0.4697265625 0.8369140625 0.0234375 0.0234375 
0 0.5107421875 0.103515625 0.021484375 0.021484375 
1 0.62109375 0.42578125 0.0224609375 0.0224609375 
0 0.3955078125 0.4560546875 0.021484375 0.021484375 
0 0.5654296875 0.4189453125 0.021484375 0.021484375 
0 0.587890625 0.3232421875 0.0234375 0.0234375 
1 0.5751953125 0.5 0.0224609375 0.0224609375 
0 0.466796875 0.3115234375 0.021484375 0.021484375 
0 0.4345703125 0.07421875 0.021484375 0.021484375 
0 0.58984375 0.037109375 0.021484375 0.021484375 
0 0.466796875 0.3798828125 0.021484375 0.021484375 
0 0.4443359375 0.3232421875 0.021484375 0.021484375 
1 0.517578125 0.0576171875 0.021484375 0.021484375 
1 0.546875 0.4970703125 0.021484375 0.021484375 
1 0.4580078125 0.4482421875 0.0224609375 0.0224609375 
0 0.4267578125 0.09765625 0.021484375 0.021484375 
0 0.384765625 0.173828125 0.0234375 0.0234375 
0 0.44140625 0.119140625 0.021484375 0.021484375 
1 0.5654296875 0.291015625 0.021484375 0.021484375 
0 0.48828125 0.744140625 0.021484375 0.021484375 
0 0.5009765625 0.5927734375 0.021484375 0.021484375 
0 0.51171875 0.7998046875 0.0224609375 0.0224609375 
0 0.513671875 0.2265625 0.0224609375 0.0224609375 
0 0.361328125 0.046875 0.0234375 0.0234375 
0 0.6455078125 0.0654296875 0.0224609375 0.0224609375 
0 0.4482421875 0.369140625 0.021484375 0.021484375 
0 0.474609375 0.2109375 0.0234375 0.0234375 
0 0.3916015625 0.1943359375 0.021484375 0.021484375 
0 0.55078125 0.27734375 0.021484375 0.021484375 
0 0.43359375 0.423828125 0.021484375 0.021484375 
0 0.5732421875 0.6181640625 0.021484375 0.021484375 
1 0.44921875 0.1982421875 0.021484375 0.021484375 
0 0.552734375 0.4833984375 0.021484375 0.021484375 
0 0.5205078125 0.5400390625 0.021484375 0.021484375 
0 0.60546875 0.1240234375 0.0234375 0.0234375 
0 0.451171875 0.728515625 0.021484375 0.021484375 
0 0.5380859375 0.5654296875 0.0234375 0.0234375 
0 0.6591796875 0.203125 0.021484375 0.021484375 
0 0.5283203125 0.875 0.025390625 0.025390625 
0 0.6298828125 0.0537109375 0.021484375 0.021484375 
0 0.408203125 0.291015625 0.0234375 0.0234375 
0 0.6650390625 0.1787109375 0.021484375 0.021484375 
0 0.287109375 0.0419921875 0.021484375 0.021484375 
0 0.5771484375 0.6708984375 0.0234375 0.0234375 
0 0.3798828125 0.15625 0.021484375 0.021484375 
0 0.5166015625 0.1337890625 0.021484375 0.021484375 
0 0.6083984375 0.451171875 0.021484375 0.021484375 
0 0.4462890625 0.759765625 0.0234375 0.0234375 
0 0.3505859375 0.392578125 0.021484375 0.021484375 
0 0.5869140625 0.5498046875 0.021484375 0.021484375 
0 0.447265625 0.484375 0.021484375 0.021484375 
0 0.591796875 0.4755859375 0.021484375 0.021484375 
0 0.4482421875 0.3876953125 0.0234375 0.0234375 
1 0.541015625 0.10546875 0.021484375 0.021484375 
0 0.5791015625 0.3095703125 0.021484375 0.021484375 
0 0.5107421875 0.25390625 0.021484375 0.021484375 
0 0.2978515625 0.0654296875 0.0224609375 0.0224609375 
0 0.552734375 0.2490234375 0.021484375 0.021484375 
0 0.5185546875 0.72265625 0.0234375 0.0234375 
0 0.4150390625 0.3486328125 0.021484375 0.021484375 
0 0.345703125 0.21875 0.021484375 0.021484375 
1 0.5283203125 0.8134765625 0.0234375 0.0234375 
0 0.44921875 0.6689453125 0.0224609375 0.0224609375 
0 0.5029296875 0.826171875 0.01953125 0.01953125 
0 0.486328125 0.8623046875 0.0224609375 0.0224609375 
1 0.4443359375 0.048828125 0.021484375 0.021484375 
1 0.44921875 0.0322265625 0.021484375 0.021484375 
0 0.505859375 0.7822265625 0.025390625 0.025390625 
0 0.587890625 0.103515625 0.0234375 0.0234375 
0 0.3955078125 0.4326171875 0.0234375 0.0234375 
0 0.63671875 0.2158203125 0.021484375 0.021484375 
0 0.3330078125 0.3203125 0.021484375 0.021484375 
0 0.39453125 0.1474609375 0.021484375 0.021484375 
0 0.4736328125 0.8896484375 0.025390625 0.025390625 
0 0.3447265625 0.134765625 0.021484375 0.021484375 
0 0.5390625 0.7744140625 0.01953125 0.01953125 
0 0.6982421875 0.0673828125 0.021484375 0.021484375 
0 0.439453125 0.5341796875 0.021484375 0.021484375 
0 0.7041015625 0.04296875 0.021484375 0.021484375 
0 0.5087890625 0.2744140625 0.0234375 0.0234375 
0 0.345703125 0.0439453125 0.021484375 0.021484375 
1 0.2939453125 0.1484375 0.021484375 0.021484375 
0 0.3701171875 0.41796875 0.021484375 0.021484375 
0 0.6044921875 0.572265625 0.0234375 0.0234375 
0 0.5927734375 0.361328125 0.021484375 0.021484375 
1 0.52734375 0.5810546875 0.0224609375 0.0224609375 
1 0.3681640625 0.19921875 0.021484375 0.021484375 
0 0.509765625 0.318359375 0.021484375 0.021484375 
0 0.5498046875 0.6845703125 0.0234375 0.0234375 
0 0.4130859375 0.5673828125 0.0234375 0.0234375 
0 0.5048828125 0.16796875 0.0224609375 0.0224609375 
0 0.4501953125 0.6298828125 0.0224609375 0.0224609375 
0 0.458984375 0.8583984375 0.025390625 0.025390625 
0 0.439453125 0.4970703125 0.021484375 0.021484375 
0 0.53125 0.2412109375 0.0234375 0.0234375 
0 0.6123046875 0.2939453125 0.021484375 0.021484375 
1 0.4228515625 0.1708984375 0.0224609375 0.0224609375 
1 0.52734375 0.2685546875 0.021484375 0.021484375 
0 0.3798828125 0.5068359375 0.021484375 0.021484375 
0 0.3837890625 0.275390625 0.021484375 0.021484375 
0 0.470703125 0.23828125 0.021484375 0.021484375 
1 0.5419921875 0.4287109375 0.021484375 0.021484375 
0 0.54296875 0.8251953125 0.0224609375 0.0224609375 
1 0.6103515625 0.50390625 0.0224609375 0.0224609375 
1 0.46875 0.072265625 0.021484375 0.021484375 
0 0.42578125 0.541015625 0.021484375 0.021484375 
0 0.4580078125 0.796875 0.0224609375 0.0224609375 
1 0.34375 0.2490234375 0.021484375 0.021484375 
0 0.6533203125 0.294921875 0.0234375 0.0234375 
0 0.3837890625 0.5439453125 0.0234375 0.0234375 
0 0.5048828125 0.6552734375 0.021484375 0.021484375 
0 0.451171875 0.181640625 0.021484375 0.021484375 
0 0.427734375 0.1494140625 0.021484375 0.021484375 
0 0.6669921875 0.275390625 0.021484375 0.021484375 
1 0.3876953125 0.095703125 0.021484375 0.021484375 
1 0.416015625 0.263671875 0.0224609375 0.0224609375 
0 0.421875 0.6123046875 0.0224609375 0.0224609375 
1 0.486328125 0.2744140625 0.0224609375 0.0224609375 
0 0.5244140625 0.5205078125 0.0224609375 0.0224609375 
0 0.51953125 0.841796875 0.025390625 0.025390625 
0 0.4794921875 0.4140625 0.0234375 0.0234375 
1 0.6220703125 0.333984375 0.021484375 0.021484375 
1 0.6298828125 0.26953125 0.021484375 0.021484375 
0 0.5673828125 0.7314453125 0.0234375 0.0234375 
1 0.5595703125 0.6650390625 0.021484375 0.021484375 
0 0.591796875 0.6162109375 0.0224609375 0.0224609375 
0 0.4765625 0.0908203125 0.021484375 0.021484375 
1 0.6318359375 0.359375 0.021484375 0.021484375 
0 0.623046875 0.2392578125 0.021484375 0.021484375 
0 0.4150390625 0.1240234375 0.021484375 0.021484375 
0 0.6650390625 0.216796875 0.0234375 0.0234375 
0 0.4990234375 0.6376953125 0.0224609375 0.0224609375 
0 0.6025390625 0.5576171875 0.0234375 0.0234375 
