0 0.5107421875 0.2177734375 0.0234375 0.0234375 
0 0.4296875 0.0693359375 0.021484375 0.021484375 
0 0.6103515625 0.0625 0.0234375 0.0234375 
1 0.400390625 0.5771484375 0.021484375 0.021484375 
1 0.58984375 0.455078125 0.0224609375 0.0224609375 
0 0.390625 0.1689453125 0.021484375 0.021484375 
1 0.466796875 0.8779296875 0.0234375 0.0234375 
1 0.349609375 0.2451171875 0.021484375 0.021484375 
1 0.4765625 0.53125 0.0224609375 0.0224609375 
0 0.5908203125 0.3740234375 0.021484375 0.021484375 
0 0.37109375 0.046875 0.021484375 0.021484375 
1 0.6240234375 0.1025390625 0.021484375 0.021484375 
1 0.6298828125 0.4091796875 0.021484375 0.021484375 
0 0.5810546875 0.4169921875 0.0234375 0.0234375 
1 0.5458984375 0.3173828125 0.021484375 0.021484375 
0 0.5302734375 0.439453125 0.0234375 0.0234375 
0 0.3525390625 0.0673828125 0.0234375 0.0234375 
0 0.6357421875 0.20703125 0.021484375 0.021484375 
1 0.4658203125 0.2744140625 0.021484375 0.021484375 
1 0.525390625 0.521484375 0.021484375 0.021484375 
1 0.486328125 0.0302734375 0.021484375 0.021484375 
1 0.607421875 0.1591796875 0.021484375 0.021484375 
0 0.3876953125 0.513671875 0.021484375 0.021484375 
1 0.52734375 0.734375 0.021484375 0.021484375 
0 0.478515625 0.8486328125 0.01953125 0.01953125 
0 0.3486328125 0.2021484375 0.021484375 0.021484375 
0 0.6474609375 0.2421875 0.021484375 0.021484375 
0 0.45703125 0.15234375 0.021484375 0.021484375 
1 0.5166015625 0.5810546875 0.021484375 0.021484375 
0 0.4482421875 0.5087890625 0.021484375 0.021484375 
0 0.3857421875 0.4912109375 0.021484375 0.021484375 
0 0.583984375 0.517578125 0.0234375 0.0234375 
0 0.4541015625 0.2607421875 0.021484375 0.021484375 
0 0.3662109375 0.4716796875 0.021484375 0.021484375 
0 0.677734375 0.1875 0.0234375 0.0234375 
0 0.435546875 0.697265625 0.0234375 0.0234375 
1 0.546875 0.076171875 0.021484375 0.021484375 
0 0.4853515625 0.80859375 0.0224609375 0.0224609375 
1 0.5439453125 0.287109375 0.0224609375 0.0224609375 
0 0.5673828125 0.572265625 0.0234375 0.0234375 
1 0.4775390625 0.615234375 0.021484375 0.021484375 
0 0.455078125 0.4208984375 0.021484375 0.021484375 
0 0.599609375 0.212890625 0.0234375 0.0234375 
1 0.3935546875 0.388671875 0.021484375 0.021484375 
0 0.59375 0.0693359375 0.021484375 0.021484375 
0 0.5517578125 0.7900390625 0.01953125 0.01953125 
1 0.5595703125 0.7041015625 0.021484375 0.021484375 
0 0.388671875 0.0791015625 0.0234375 0.0234375 
1 0.3515625 0.2744140625 0.021484375 0.021484375 
0 0.36328125 0.41015625 0.0224609375 0.0224609375 
0 0.609375 0.546875 0.021484375 0.021484375 
0 0.5087890625 0.8837890625 0.0224609375 0.0224609375 
0 0.54296875 0.1630859375 0.0234375 0.0234375 
1 0.546875 0.4580078125 0.021484375 0.021484375 
0 0.400390625 0.3525390625 0.021484375 0.021484375 
0 0.4853515625 0.3974609375 0.0234375 0.0234375 
1 0.5615234375 0.478515625 0.021484375 0.021484375 
1 0.5009765625 0.2861328125 0.021484375 0.021484375 
0 0.4345703125 0.564453125 0.0234375 0.0234375 
0 0.3955078125 0.447265625 0.0234375 0.0234375 
1 0.4794921875 0.298828125 0.0224609375 0.0224609375 
0 0.642578125 0.0908203125 0.021484375 0.021484375 
0 0.5244140625 0.6298828125 0.021484375 0.021484375 
0 0.59765625 0.275390625 0.0224609375 0.0224609375 
0 0.537109375 0.6953125 0.0234375 0.0234375 
0 0.5634765625 0.201171875 0.021484375 0.021484375 
0 0.5537109375 0.5947265625 0.021484375 0.021484375 
0 0.3984375 0.3193359375 0.0224609375 0.0224609375 
0 0.458984375 0.13671875 0.021484375 0.021484375 
1 0.6044921875 0.294921875 0.0224609375 0.0224609375 
0 0.3720703125 0.392578125 0.021484375 0.021484375 
0 0.32421875 0.2919921875 0.0234375 0.0234375 
0 0.5048828125 0.4453125 0.021484375 0.021484375 
0 0.4716796875 0.224609375 0.021484375 0.021484375 
0 0.4990234375 0.40625 0.021484375 0.021484375 
0 0.4150390625 0.3388671875 0.0234375 0.0234375 
0 0.5205078125 0.05859375 0.0234375 0.0234375 
0 0.498046875 0.5341796875 0.0234375 0.0234375 
0 0.4443359375 0.1611328125 0.0234375 0.0234375 
0 0.44921875 0.7177734375 0.021484375 0.021484375 
0 0.7080078125 0.0341796875 0.0224609375 0.0224609375 
1 0.5400390625 0.779296875 0.0234375 0.0234375 
1 0.3212890625 0.064453125 0.021484375 0.021484375 
1 0.5458984375 0.0322265625 0.021484375 0.021484375 
0 0.4248046875 0.2724609375 0.0234375 0.0234375 
0 0.3427734375 0.333984375 0.021484375 0.021484375 
0 0.4609375 0.5712890625 0.021484375 0.021484375 
0 0.33984375 0.1513671875 0.0234375 0.0234375 
0 0.447265625 0.3427734375 0.021484375 0.021484375 
0 0.595703125 0.6220703125 0.021484375 0.021484375 
1 0.5673828125 0.611328125 0.0224609375 0.0224609375 
0 0.4765625 0.75390625 0.0224609375 0.0224609375 
1 0.4033203125 0.0302734375 0.021484375 0.021484375 
1 0.4375 0.49609375 0.021484375 0.021484375 
0 0.4326171875 0.7626953125 0.0234375 0.0234375 
0 0.3369140625 0.2353515625 0.0234375 0.0234375 
0 0.640625 0.345703125 0.0234375 0.0234375 
0 0.6884765625 0.1162109375 0.0234375 0.0234375 
0 0.427734375 0.6455078125 0.0234375 0.0234375 
0 0.5341796875 0.8173828125 0.0234375 0.0234375 
0 0.310546875 0.1806640625 0.021484375 0.021484375 
1 0.3720703125 0.2138671875 0.021484375 0.021484375 
0 0.4873046875 0.556640625 0.0234375 0.0234375 
0 0.49609375 0.2119140625 0.0234375 0.0234375 
1 0.4736328125 0.140625 0.021484375 0.021484375 
0 0.61328125 0.361328125 0.021484375 0.021484375 
0 0.435546875 0.3818359375 0.021484375 0.021484375 
0 0.5693359375 0.369140625 0.0224609375 0.0224609375 
0 0.5126953125 0.357421875 0.021484375 0.021484375 
0 0.4599609375 0.212890625 0.0224609375 0.0224609375 
0 0.4853515625 0.7041015625 0.0224609375 0.0224609375 
1 0.4013671875 0.21875 0.021484375 0.021484375 
0 0.5048828125 0.2587890625 0.021484375 0.021484375 
0 0.4580078125 0.0419921875 0.021484375 0.021484375 
1 0.5869140625 0.0390625 0.0224609375 0.0224609375 
0 0.478515625 0.6728515625 0.021484375 0.021484375 
1 0.5390625 0.0546875 0.021484375 0.021484375 
1 0.4833984375 0.26953125 0.021484375 0.021484375 
0 0.6015625 0.1005859375 0.021484375 0.021484375 
0 0.53125 0.2529296875 0.021484375 0.021484375 
0 0.6513671875 0.115234375 0.021484375 0.021484375 
0 0.4853515625 0.1748046875 0.021484375 0.021484375 
0 0.625 0.38671875 0.0234375 0.0234375 
1 0.5712890625 0.49609375 0.021484375 0.021484375 
0 0.3525390625 0.177734375 0.021484375 0.021484375 
0 0.6298828125 0.0390625 0.0234375 0.0234375 
0 0.517578125 0.4619140625 0.0234375 0.0234375 
0 0.49609375 0.1640625 0.021484375 0.021484375 
0 0.5517578125 0.6865234375 0.0234375 0.0234375 
0 0.5625 0.626953125 0.0234375 0.0234375 
0 0.51953125 0.376953125 0.021484375 0.021484375 
0 0.4345703125 0.115234375 0.021484375 0.021484375 
0 0.611328125 0.2509765625 0.021484375 0.021484375 
0 0.3984375 0.4677734375 0.021484375 0.021484375 
0 0.4111328125 0.2822265625 0.021484375 0.021484375 
0 0.5546875 0.1376953125 0.021484375 0.021484375 
1 0.5341796875 0.21875 0.0224609375 0.0224609375 
0 0.4345703125 0.1455078125 0.021484375 0.021484375 
0 0.5205078125 0.41796875 0.021484375 0.021484375 
1 0.513671875 0.0380859375 0.0224609375 0.0224609375 
1 0.515625 0.1806640625 0.021484375 0.021484375 
1 0.36328125 0.33203125 0.021484375 0.021484375 
0 0.5693359375 0.146484375 0.0224609375 0.0224609375 
0 0.71484375 0.0634765625 0.0224609375 0.0224609375 
0 0.5439453125 0.1962890625 0.0234375 0.0234375 
0 0.5341796875 0.4697265625 0.021484375 0.021484375 
0 0.408203125 0.0859375 0.0224609375 0.0224609375 
1 0.69921875 0.078125 0.021484375 0.021484375 
0 0.6572265625 0.0390625 0.0234375 0.0234375 
1 0.505859375 0.7626953125 0.0234375 0.0234375 
0 0.3955078125 0.416015625 0.021484375 0.021484375 
0 0.60546875 0.4716796875 0.0234375 0.0234375 
0 0.6455078125 0.3701171875 0.021484375 0.021484375 
1 0.4658203125 0.7158203125 0.0224609375 0.0224609375 
0 0.576171875 0.318359375 0.021484375 0.021484375 
0 0.5498046875 0.2353515625 0.0234375 0.0234375 
0 0.7001953125 0.0517578125 0.0224609375 0.0224609375 
1 0.65234375 0.3212890625 0.021484375 0.021484375 
1 0.54296875 0.73046875 0.021484375 0.021484375 
1 0.3701171875 0.236328125 0.021484375 0.021484375 
0 0.48828125 0.7685546875 0.0234375 0.0234375 
1 0.5859375 0.568359375 0.0224609375 0.0224609375 
0 0.54296875 0.4921875 0.0224609375 0.0224609375 
0 0.546875 0.8310546875 0.0224609375 0.0224609375 
0 0.57421875 0.07421875 0.021484375 0.021484375 
0 0.439453125 0.1845703125 0.0234375 0.0234375 
1 0.3046875 0.0693359375 0.021484375 0.021484375 
1 0.4599609375 0.306640625 0.021484375 0.021484375 
0 0.4951171875 0.6806640625 0.021484375 0.021484375 
0 0.5087890625 0.556640625 0.0234375 0.0234375 
0 0.6298828125 0.1162109375 0.021484375 0.021484375 
0 0.357421875 0.11328125 0.0234375 0.0234375 
0 0.6708984375 0.0986328125 0.0234375 0.0234375 
0 0.421875 0.3681640625 0.021484375 0.021484375 
0 0.4658203125 0.1923828125 0.0224609375 0.0224609375 
0 0.6796875 0.0595703125 0.0224609375 0.0224609375 
1 0.43359375 0.7177734375 0.021484375 0.021484375 
0 0.5830078125 0.4697265625 0.0234375 0.0234375 
1 0.576171875 0.33984375 0.0224609375 0.0224609375 
0 0.4189453125 0.498046875 0.0224609375 0.0224609375 
0 0.37890625 0.4296875 0.0234375 0.0234375 
0 0.482421875 0.6572265625 0.0224609375 0.0224609375 
0 0.4833984375 0.46875 0.021484375 0.021484375 
0 0.431640625 0.046875 0.021484375 0.021484375 
0 0.599609375 0.4150390625 0.0234375 0.0234375 
1 0.5625 0.515625 0.021484375 0.021484375 
