0 0.375 0.16015625 0.0234375 0.0234375 
0 0.65625 0.337890625 0.021484375 0.021484375 
0 0.49609375 0.73046875 0.0234375 0.0234375 
0 0.5078125 0.4423828125 0.021484375 0.021484375 
0 0.5869140625 0.2587890625 0.0234375 0.0234375 
0 0.3388671875 0.30078125 0.021484375 0.021484375 
1 0.392578125 0.55859375 0.021484375 0.021484375 
0 0.5400390625 0.5185546875 0.021484375 0.021484375 
0 0.5283203125 0.501953125 0.021484375 0.021484375 
0 0.3212890625 0.072265625 0.021484375 0.021484375 
1 0.5048828125 0.046875 0.0224609375 0.0224609375 
0 0.5341796875 0.36328125 0.0234375 0.0234375 
0 0.712890625 0.06640625 0.021484375 0.021484375 
0 0.3349609375 0.103515625 0.021484375 0.021484375 
0 0.4208984375 0.6943359375 0.021484375 0.021484375 
1 0.4970703125 0.7451171875 0.0224609375 0.0224609375 
0 0.4609375 0.033203125 0.021484375 0.021484375 
0 0.548828125 0.322265625 0.021484375 0.021484375 
0 0.6328125 0.228515625 0.021484375 0.021484375 
0 0.4208984375 0.3232421875 0.0234375 0.0234375 
0 0.2880859375 0.11328125 0.0224609375 0.0224609375 
0 0.5478515625 0.6142578125 0.021484375 0.021484375 
0 0.5498046875 0.5888671875 0.0234375 0.0234375 
1 0.615234375 0.0595703125 0.021484375 0.021484375 
0 0.5419921875 0.6904296875 0.0234375 0.0234375 
0 0.53125 0.1357421875 0.021484375 0.021484375 
0 0.423828125 0.6484375 0.0234375 0.0234375 
0 0.607421875 0.24609375 0.0234375 0.0234375 
0 0.50390625 0.48046875 0.021484375 0.021484375 
0 0.4921875 0.681640625 0.0234375 0.0234375 
0 0.515625 0.1845703125 0.021484375 0.021484375 
0 0.55859375 0.1201171875 0.021484375 0.021484375 
0 0.4501953125 0.22265625 0.021484375 0.021484375 
0 0.3349609375 0.2666015625 0.021484375 0.021484375 
1 0.3603515625 0.3330078125 0.0224609375 0.0224609375 
0 0.5810546875 0.126953125 0.0234375 0.0234375 
0 0.591796875 0.49609375 0.0224609375 0.0224609375 
0 0.658203125 0.0810546875 0.0234375 0.0234375 
0 0.6767578125 0.1162109375 0.0224609375 0.0224609375 
1 0.46484375 0.7451171875 0.0224609375 0.0224609375 
1 0.4619140625 0.525390625 0.021484375 0.021484375 
0 0.548828125 0.2646484375 0.021484375 0.021484375 
0 0.48046875 0.4580078125 0.021484375 0.021484375 
0 0.5009765625 0.3544921875 0.0234375 0.0234375 
0 0.6357421875 0.3271484375 0.021484375 0.021484375 
0 0.55859375 0.3974609375 0.021484375 0.021484375 
1 0.5361328125 0.484375 0.021484375 0.021484375 
0 0.6220703125 0.4814453125 0.021484375 0.021484375 
0 0.423828125 0.185546875 0.0234375 0.0234375 
0 0.544921875 0.1982421875 0.021484375 0.021484375 
0 0.5078125 0.115234375 0.021484375 0.021484375 
0 0.595703125 0.388671875 0.021484375 0.021484375 
0 0.390625 0.2587890625 0.0234375 0.0234375 
0 0.4638671875 0.2841796875 0.021484375 0.021484375 
0 0.5693359375 0.3837890625 0.021484375 0.021484375 
0 0.47265625 0.6611328125 0.0224609375 0.0224609375 
0 0.4091796875 0.2626953125 0.021484375 0.021484375 
1 0.5771484375 0.5751953125 0.0224609375 0.0224609375 
1 0.6337890625 0.17578125 0.021484375 0.021484375 
0 0.3984375 0.1162109375 0.0234375 0.0234375 
0 0.6181640625 0.1328125 0.0234375 0.0234375 
0 0.546875 0.1455078125 0.0234375 0.0234375 
0 0.62109375 0.267578125 0.021484375 0.021484375 
0 0.427734375 0.517578125 0.021484375 0.021484375 
0 0.5390625 0.072265625 0.021484375 0.021484375 
0 0.564453125 0.2314453125 0.021484375 0.021484375 
1 0.4677734375 0.201171875 0.0224609375 0.0224609375 
0 0.5751953125 0.3681640625 0.0234375 0.0234375 
0 0.521484375 0.478515625 0.021484375 0.021484375 
0 0.4990234375 0.25390625 0.021484375 0.021484375 
0 0.6884765625 0.14453125 0.021484375 0.021484375 
1 0.41015625 0.4892578125 0.021484375 0.021484375 
0 0.4296875 0.3857421875 0.021484375 0.021484375 
0 0.4765625 0.7900390625 0.0234375 0.0234375 
0 0.5205078125 0.775390625 0.021484375 0.021484375 
0 0.599609375 0.578125 0.021484375 0.021484375 
1 0.3740234375 0.240234375 0.0224609375 0.0224609375 
0 0.626953125 0.2490234375 0.0234375 0.0234375 
1 0.5302734375 0.57421875 0.0224609375 0.0224609375 
