0 0.5703125 0.5830078125 0.0234375 0.0234375 
0 0.4501953125 0.2705078125 0.0234375 0.0234375 
0 0.3798828125 0.08203125 0.021484375 0.021484375 
0 0.4677734375 0.62109375 0.0234375 0.0234375 
1 0.3330078125 0.0908203125 0.021484375 0.021484375 
0 0.333984375 0.30859375 0.021484375 0.021484375 
1 0.3857421875 0.294921875 0.021484375 0.021484375 
1 0.625 0.1318359375 0.021484375 0.021484375 
0 0.537109375 0.533203125 0.021484375 0.021484375 
0 0.4970703125 0.6298828125 0.021484375 0.021484375 
0 0.5615234375 0.22265625 0.0234375 0.0234375 
0 0.490234375 0.7568359375 0.0224609375 0.0224609375 
0 0.3271484375 0.1767578125 0.021484375 0.021484375 
0 0.517578125 0.7353515625 0.021484375 0.021484375 
0 0.4951171875 0.3369140625 0.0234375 0.0234375 
1 0.5908203125 0.1728515625 0.021484375 0.021484375 
0 0.3974609375 0.5224609375 0.0224609375 0.0224609375 
0 0.6884765625 0.0986328125 0.0224609375 0.0224609375 
0 0.6025390625 0.470703125 0.0234375 0.0234375 
0 0.560546875 0.0322265625 0.021484375 0.021484375 
1 0.455078125 0.544921875 0.021484375 0.021484375 
0 0.6005859375 0.0947265625 0.021484375 0.021484375 
0 0.677734375 0.0810546875 0.021484375 0.021484375 
0 0.4248046875 0.4462890625 0.021484375 0.021484375 
0 0.576171875 0.111328125 0.0234375 0.0234375 
0 0.3720703125 0.2451171875 0.021484375 0.021484375 
0 0.56640625 0.3125 0.021484375 0.021484375 
0 0.56640625 0.6103515625 0.021484375 0.021484375 
0 0.564453125 0.732421875 0.021484375 0.021484375 
0 0.369140625 0.203125 0.021484375 0.021484375 
0 0.375 0.228515625 0.021484375 0.021484375 
0 0.451171875 0.4462890625 0.021484375 0.021484375 
0 0.5068359375 0.044921875 0.021484375 0.021484375 
0 0.462890625 0.7490234375 0.021484375 0.021484375 
0 0.4189453125 0.5390625 0.0234375 0.0234375 
1 0.5908203125 0.1064453125 0.021484375 0.021484375 
1 0.61328125 0.322265625 0.0224609375 0.0224609375 
1 0.4248046875 0.3134765625 0.021484375 0.021484375 
0 0.5556640625 0.365234375 0.021484375 0.021484375 
1 0.4033203125 0.3857421875 0.021484375 0.021484375 
0 0.650390625 0.3564453125 0.021484375 0.021484375 
0 0.3876953125 0.171875 0.021484375 0.021484375 
0 0.587890625 0.5498046875 0.0234375 0.0234375 
0 0.5498046875 0.744140625 0.021484375 0.021484375 
0 0.3837890625 0.2705078125 0.0234375 0.0234375 
0 0.404296875 0.166015625 0.021484375 0.021484375 
0 0.6220703125 0.154296875 0.0234375 0.0234375 
0 0.4111328125 0.640625 0.0224609375 0.0224609375 
1 0.337890625 0.3359375 0.0224609375 0.0224609375 
0 0.458984375 0.431640625 0.0234375 0.0234375 
1 0.5283203125 0.4189453125 0.021484375 0.021484375 
0 0.3525390625 0.2451171875 0.021484375 0.021484375 
1 0.564453125 0.2958984375 0.021484375 0.021484375 
0 0.3193359375 0.2685546875 0.0234375 0.0234375 
1 0.46875 0.7177734375 0.0224609375 0.0224609375 
0 0.5556640625 0.0478515625 0.021484375 0.021484375 
0 0.3037109375 0.068359375 0.021484375 0.021484375 
1 0.466796875 0.072265625 0.021484375 0.021484375 
0 0.544921875 0.482421875 0.021484375 0.021484375 
1 0.4423828125 0.1640625 0.021484375 0.021484375 
0 0.47265625 0.546875 0.0234375 0.0234375 
0 0.404296875 0.2890625 0.021484375 0.021484375 
0 0.6728515625 0.2265625 0.0234375 0.0234375 
1 0.4951171875 0.3759765625 0.0224609375 0.0224609375 
1 0.5517578125 0.396484375 0.021484375 0.021484375 
0 0.583984375 0.21875 0.0224609375 0.0224609375 
0 0.380859375 0.1875 0.021484375 0.021484375 
1 0.4521484375 0.6591796875 0.0224609375 0.0224609375 
0 0.3408203125 0.2041015625 0.021484375 0.021484375 
0 0.5458984375 0.2080078125 0.0234375 0.0234375 
0 0.5400390625 0.2802734375 0.0224609375 0.0224609375 
1 0.6103515625 0.259765625 0.0224609375 0.0224609375 
0 0.359375 0.2158203125 0.021484375 0.021484375 
0 0.50390625 0.8046875 0.01953125 0.01953125 
1 0.521484375 0.3076171875 0.021484375 0.021484375 
0 0.443359375 0.5947265625 0.021484375 0.021484375 
0 0.474609375 0.49609375 0.0234375 0.0234375 
0 0.4716796875 0.0927734375 0.021484375 0.021484375 
0 0.326171875 0.041015625 0.0234375 0.0234375 
1 0.630859375 0.080078125 0.021484375 0.021484375 
0 0.423828125 0.4873046875 0.021484375 0.021484375 
0 0.5712890625 0.71875 0.0234375 0.0234375 
