0 0.3994140625 0.25 0.0234375 0.0234375 
1 0.43359375 0.197265625 0.021484375 0.021484375 
0 0.548828125 0.298828125 0.0234375 0.0234375 
1 0.484375 0.3916015625 0.021484375 0.021484375 
1 0.4677734375 0.8134765625 0.021484375 0.021484375 
1 0.6005859375 0.2822265625 0.021484375 0.021484375 
0 0.59375 0.36328125 0.0234375 0.0234375 
0 0.61328125 0.5244140625 0.0234375 0.0234375 
1 0.53125 0.31640625 0.021484375 0.021484375 
0 0.556640625 0.7685546875 0.0224609375 0.0224609375 
0 0.5810546875 0.224609375 0.0234375 0.0234375 
1 0.3125 0.0634765625 0.021484375 0.021484375 
0 0.59765625 0.4189453125 0.0234375 0.0234375 
1 0.5068359375 0.7734375 0.0234375 0.0234375 
0 0.5439453125 0.4931640625 0.021484375 0.021484375 
0 0.4326171875 0.4033203125 0.0234375 0.0234375 
1 0.498046875 0.7529296875 0.0234375 0.0234375 
0 0.3740234375 0.4111328125 0.0234375 0.0234375 
0 0.6181640625 0.0400390625 0.021484375 0.021484375 
1 0.4912109375 0.62109375 0.021484375 0.021484375 
1 0.4150390625 0.095703125 0.021484375 0.021484375 
1 0.5224609375 0.4599609375 0.021484375 0.021484375 
0 0.6513671875 0.240234375 0.021484375 0.021484375 
0 0.328125 0.072265625 0.0224609375 0.0224609375 
0 0.6474609375 0.3603515625 0.0234375 0.0234375 
0 0.4990234375 0.3779296875 0.021484375 0.021484375 
0 0.5419921875 0.2705078125 0.021484375 0.021484375 
0 0.3564453125 0.0361328125 0.0224609375 0.0224609375 
0 0.3564453125 0.41796875 0.0234375 0.0234375 
1 0.3076171875 0.181640625 0.0224609375 0.0224609375 
1 0.544921875 0.7373046875 0.0224609375 0.0224609375 
0 0.49609375 0.8671875 0.01953125 0.01953125 
0 0.5732421875 0.0498046875 0.021484375 0.021484375 
1 0.41796875 0.4736328125 0.021484375 0.021484375 
0 0.5068359375 0.8896484375 0.01953125 0.01953125 
0 0.482421875 0.3544921875 0.021484375 0.021484375 
1 0.619140625 0.3505859375 0.021484375 0.021484375 
1 0.5458984375 0.837890625 0.021484375 0.021484375 
0 0.3828125 0.267578125 0.021484375 0.021484375 
0 0.412109375 0.4228515625 0.0234375 0.0234375 
0 0.5380859375 0.4453125 0.0224609375 0.0224609375 
0 0.533203125 0.654296875 0.0234375 0.0234375 
0 0.3173828125 0.0859375 0.0234375 0.0234375 
1 0.42578125 0.2314453125 0.0224609375 0.0224609375 
1 0.3330078125 0.0498046875 0.021484375 0.021484375 
0 0.35546875 0.1064453125 0.021484375 0.021484375 
1 0.50390625 0.197265625 0.021484375 0.021484375 
0 0.505859375 0.21484375 0.0234375 0.0234375 
0 0.46484375 0.0361328125 0.021484375 0.021484375 
1 0.650390625 0.1484375 0.0224609375 0.0224609375 
0 0.4326171875 0.70703125 0.021484375 0.021484375 
0 0.43359375 0.0322265625 0.0234375 0.0234375 
0 0.67578125 0.1982421875 0.021484375 0.021484375 
0 0.45703125 0.259765625 0.021484375 0.021484375 
0 0.3828125 0.4755859375 0.0224609375 0.0224609375 
0 0.416015625 0.2626953125 0.021484375 0.021484375 
0 0.45703125 0.82421875 0.01953125 0.01953125 
0 0.5263671875 0.794921875 0.01953125 0.01953125 
1 0.431640625 0.173828125 0.021484375 0.021484375 
1 0.6376953125 0.271484375 0.021484375 0.021484375 
0 0.513671875 0.3095703125 0.021484375 0.021484375 
0 0.521484375 0.1904296875 0.021484375 0.021484375 
1 0.595703125 0.3251953125 0.0224609375 0.0224609375 
0 0.513671875 0.283203125 0.0234375 0.0234375 
0 0.3623046875 0.345703125 0.021484375 0.021484375 
1 0.412109375 0.6640625 0.021484375 0.021484375 
1 0.546875 0.5185546875 0.0224609375 0.0224609375 
0 0.6875 0.1103515625 0.021484375 0.021484375 
0 0.3916015625 0.2236328125 0.021484375 0.021484375 
0 0.5654296875 0.376953125 0.021484375 0.021484375 
0 0.48828125 0.888671875 0.01953125 0.01953125 
1 0.2900390625 0.0986328125 0.021484375 0.021484375 
0 0.4638671875 0.556640625 0.021484375 0.021484375 
0 0.6162109375 0.263671875 0.021484375 0.021484375 
1 0.4453125 0.2333984375 0.021484375 0.021484375 
0 0.5908203125 0.455078125 0.021484375 0.021484375 
0 0.4638671875 0.1015625 0.0234375 0.0234375 
0 0.470703125 0.8427734375 0.0224609375 0.0224609375 
0 0.32421875 0.2392578125 0.021484375 0.021484375 
0 0.6181640625 0.4375 0.021484375 0.021484375 
1 0.5107421875 0.4736328125 0.021484375 0.021484375 
0 0.4326171875 0.478515625 0.021484375 0.021484375 
0 0.490234375 0.580078125 0.0234375 0.0234375 
0 0.6484375 0.1025390625 0.021484375 0.021484375 
0 0.40625 0.1494140625 0.021484375 0.021484375 
1 0.3583984375 0.1640625 0.0224609375 0.0224609375 
1 0.5087890625 0.654296875 0.021484375 0.021484375 
0 0.328125 0.2578125 0.021484375 0.021484375 
0 0.4755859375 0.0595703125 0.0234375 0.0234375 
0 0.4833984375 0.3388671875 0.021484375 0.021484375 
1 0.52734375 0.2041015625 0.0224609375 0.0224609375 
1 0.578125 0.509765625 0.021484375 0.021484375 
0 0.376953125 0.1787109375 0.021484375 0.021484375 
0 0.3798828125 0.2119140625 0.021484375 0.021484375 
1 0.43359375 0.453125 0.021484375 0.021484375 
1 0.40234375 0.2724609375 0.0224609375 0.0224609375 
0 0.580078125 0.3369140625 0.0224609375 0.0224609375 
0 0.6240234375 0.2197265625 0.021484375 0.021484375 
1 0.4306640625 0.1552734375 0.021484375 0.021484375 
1 0.57421875 0.1552734375 0.0224609375 0.0224609375 
0 0.466796875 0.498046875 0.021484375 0.021484375 
1 0.6396484375 0.1259765625 0.021484375 0.021484375 
0 0.5517578125 0.470703125 0.021484375 0.021484375 
0 0.3759765625 0.09765625 0.021484375 0.021484375 
0 0.51953125 0.6875 0.021484375 0.021484375 
1 0.5849609375 0.44140625 0.021484375 0.021484375 
0 0.453125 0.37109375 0.021484375 0.021484375 
0 0.27734375 0.06640625 0.021484375 0.021484375 
1 0.576171875 0.208984375 0.021484375 0.021484375 
0 0.4482421875 0.3857421875 0.0234375 0.0234375 
0 0.48046875 0.25390625 0.021484375 0.021484375 
0 0.4501953125 0.4072265625 0.0234375 0.0234375 
0 0.50390625 0.23828125 0.0234375 0.0234375 
1 0.6787109375 0.16015625 0.021484375 0.021484375 
1 0.4775390625 0.1669921875 0.021484375 0.021484375 
0 0.46875 0.212890625 0.0224609375 0.0224609375 
1 0.4501953125 0.701171875 0.021484375 0.021484375 
1 0.6015625 0.04296875 0.021484375 0.021484375 
1 0.658203125 0.0869140625 0.021484375 0.021484375 
0 0.3701171875 0.3154296875 0.0224609375 0.0224609375 
0 0.578125 0.3994140625 0.021484375 0.021484375 
0 0.3623046875 0.2265625 0.021484375 0.021484375 
0 0.4462890625 0.318359375 0.021484375 0.021484375 
1 0.48828125 0.5234375 0.021484375 0.021484375 
0 0.509765625 0.806640625 0.025390625 0.025390625 
0 0.62109375 0.48046875 0.021484375 0.021484375 
0 0.572265625 0.2841796875 0.021484375 0.021484375 
0 0.5576171875 0.4560546875 0.021484375 0.021484375 
0 0.6015625 0.5107421875 0.021484375 0.021484375 
0 0.3798828125 0.3388671875 0.021484375 0.021484375 
0 0.583984375 0.634765625 0.021484375 0.021484375 
0 0.5166015625 0.4033203125 0.0234375 0.0234375 
0 0.3984375 0.0810546875 0.0234375 0.0234375 
0 0.666015625 0.0634765625 0.0234375 0.0234375 
0 0.546875 0.1328125 0.0234375 0.0234375 
1 0.607421875 0.3359375 0.0224609375 0.0224609375 
0 0.666015625 0.15234375 0.0224609375 0.0224609375 
0 0.7080078125 0.0849609375 0.021484375 0.021484375 
0 0.341796875 0.083984375 0.0234375 0.0234375 
0 0.3349609375 0.154296875 0.0234375 0.0234375 
0 0.5224609375 0.7763671875 0.0224609375 0.0224609375 
0 0.5361328125 0.384765625 0.0234375 0.0234375 
0 0.6005859375 0.1025390625 0.0234375 0.0234375 
0 0.4150390625 0.39453125 0.021484375 0.021484375 
0 0.4853515625 0.8564453125 0.0224609375 0.0224609375 
0 0.5048828125 0.263671875 0.0234375 0.0234375 
0 0.55078125 0.3154296875 0.021484375 0.021484375 
0 0.4228515625 0.34375 0.021484375 0.021484375 
0 0.6376953125 0.2109375 0.021484375 0.021484375 
1 0.447265625 0.6845703125 0.021484375 0.021484375 
1 0.4248046875 0.6728515625 0.0224609375 0.0224609375 
1 0.5673828125 0.58203125 0.021484375 0.021484375 
0 0.419921875 0.185546875 0.021484375 0.021484375 
0 0.3623046875 0.2021484375 0.021484375 0.021484375 
0 0.4140625 0.451171875 0.0234375 0.0234375 
0 0.59375 0.1494140625 0.0234375 0.0234375 
0 0.447265625 0.1630859375 0.021484375 0.021484375 
0 0.296875 0.15234375 0.021484375 0.021484375 
