0 0.275390625 0.078125 0.021484375 0.021484375 
0 0.5830078125 0.599609375 0.0224609375 0.0224609375 
1 0.40625 0.064453125 0.021484375 0.021484375 
1 0.3623046875 0.1767578125 0.0224609375 0.0224609375 
1 0.3623046875 0.134765625 0.021484375 0.021484375 
1 0.568359375 0.21875 0.021484375 0.021484375 
1 0.5029296875 0.6318359375 0.021484375 0.021484375 
0 0.4091796875 0.251953125 0.0234375 0.0234375 
1 0.423828125 0.4423828125 0.0224609375 0.0224609375 
1 0.603515625 0.37890625 0.021484375 0.021484375 
0 0.51953125 0.6767578125 0.0234375 0.0234375 
0 0.5224609375 0.6259765625 0.021484375 0.021484375 
0 0.5986328125 0.490234375 0.0224609375 0.0224609375 
0 0.5576171875 0.123046875 0.0234375 0.0234375 
0 0.46875 0.103515625 0.021484375 0.021484375 
1 0.564453125 0.521484375 0.021484375 0.021484375 
0 0.5712890625 0.6494140625 0.021484375 0.021484375 
1 0.5556640625 0.7265625 0.0224609375 0.0224609375 
0 0.3994140625 0.1181640625 0.021484375 0.021484375 
0 0.4091796875 0.5517578125 0.021484375 0.021484375 
0 0.3701171875 0.12109375 0.0224609375 0.0224609375 
0 0.65234375 0.1015625 0.021484375 0.021484375 
1 0.5283203125 0.1767578125 0.021484375 0.021484375 
0 0.498046875 0.6953125 0.021484375 0.021484375 
0 0.525390625 0.7802734375 0.0224609375 0.0224609375 
0 0.4814453125 0.6103515625 0.021484375 0.021484375 
0 0.6005859375 0.322265625 0.0234375 0.0234375 
0 0.572265625 0.583984375 0.021484375 0.021484375 
0 0.56640625 0.203125 0.0224609375 0.0224609375 
0 0.51171875 0.2724609375 0.021484375 0.021484375 
1 0.5 0.24609375 0.0224609375 0.0224609375 
0 0.5595703125 0.4326171875 0.021484375 0.021484375 
1 0.533203125 0.54296875 0.0224609375 0.0224609375 
1 0.4775390625 0.3564453125 0.021484375 0.021484375 
1 0.6318359375 0.080078125 0.021484375 0.021484375 
0 0.4423828125 0.7138671875 0.021484375 0.021484375 
0 0.544921875 0.5283203125 0.0234375 0.0234375 
0 0.322265625 0.07421875 0.021484375 0.021484375 
0 0.515625 0.7509765625 0.021484375 0.021484375 
0 0.4423828125 0.291015625 0.0234375 0.0234375 
0 0.5029296875 0.71875 0.021484375 0.021484375 
0 0.4248046875 0.46484375 0.0234375 0.0234375 
0 0.4150390625 0.3544921875 0.021484375 0.021484375 
0 0.6318359375 0.169921875 0.021484375 0.021484375 
0 0.564453125 0.2666015625 0.021484375 0.021484375 
0 0.5380859375 0.42578125 0.021484375 0.021484375 
0 0.4677734375 0.6650390625 0.021484375 0.021484375 
0 0.4912109375 0.45703125 0.0234375 0.0234375 
0 0.609375 0.138671875 0.0234375 0.0234375 
0 0.353515625 0.3388671875 0.0234375 0.0234375 
1 0.52734375 0.87109375 0.021484375 0.021484375 
0 0.3818359375 0.208984375 0.0234375 0.0234375 
0 0.509765625 0.1826171875 0.0234375 0.0234375 
0 0.4443359375 0.3408203125 0.0234375 0.0234375 
0 0.5634765625 0.7724609375 0.0224609375 0.0224609375 
0 0.3388671875 0.34765625 0.0224609375 0.0224609375 
0 0.4111328125 0.64453125 0.0234375 0.0234375 
0 0.4716796875 0.212890625 0.0234375 0.0234375 
0 0.3984375 0.1572265625 0.0234375 0.0234375 
0 0.587890625 0.38671875 0.021484375 0.021484375 
0 0.5107421875 0.580078125 0.021484375 0.021484375 
0 0.5341796875 0.384765625 0.021484375 0.021484375 
0 0.423828125 0.7001953125 0.0224609375 0.0224609375 
0 0.6083984375 0.4658203125 0.021484375 0.021484375 
1 0.51171875 0.3115234375 0.021484375 0.021484375 
1 0.5498046875 0.453125 0.021484375 0.021484375 
1 0.431640625 0.3662109375 0.021484375 0.021484375 
0 0.62109375 0.33984375 0.0224609375 0.0224609375 
0 0.486328125 0.326171875 0.021484375 0.021484375 
0 0.5146484375 0.3642578125 0.021484375 0.021484375 
0 0.6396484375 0.3515625 0.0224609375 0.0224609375 
1 0.4287109375 0.1884765625 0.021484375 0.021484375 
1 0.6005859375 0.1884765625 0.021484375 0.021484375 
0 0.623046875 0.1064453125 0.021484375 0.021484375 
0 0.654296875 0.22265625 0.021484375 0.021484375 
1 0.48828125 0.1474609375 0.021484375 0.021484375 
0 0.5361328125 0.810546875 0.021484375 0.021484375 
0 0.39453125 0.5029296875 0.0234375 0.0234375 
