0 0.640625 0.0849609375 0.021484375 0.021484375 
1 0.51953125 0.03515625 0.0224609375 0.0224609375 
0 0.3994140625 0.2265625 0.0234375 0.0234375 
1 0.57421875 0.384765625 0.0224609375 0.0224609375 
0 0.4921875 0.236328125 0.021484375 0.021484375 
1 0.4833984375 0.892578125 0.0234375 0.0234375 
0 0.392578125 0.5126953125 0.021484375 0.021484375 
0 0.501953125 0.220703125 0.021484375 0.021484375 
0 0.5 0.5068359375 0.0234375 0.0234375 
0 0.6142578125 0.3046875 0.021484375 0.021484375 
0 0.3798828125 0.03125 0.0234375 0.0234375 
0 0.322265625 0.1669921875 0.0224609375 0.0224609375 
0 0.6044921875 0.0517578125 0.021484375 0.021484375 
0 0.466796875 0.2890625 0.0234375 0.0234375 
0 0.55859375 0.076171875 0.021484375 0.021484375 
0 0.5244140625 0.607421875 0.021484375 0.021484375 
0 0.6298828125 0.2802734375 0.0234375 0.0234375 
0 0.302734375 0.1943359375 0.021484375 0.021484375 
0 0.53515625 0.5205078125 0.021484375 0.021484375 
0 0.6435546875 0.326171875 0.0224609375 0.0224609375 
0 0.46875 0.33203125 0.021484375 0.021484375 
0 0.611328125 0.2607421875 0.0234375 0.0234375 
0 0.37890625 0.2958984375 0.0234375 0.0234375 
0 0.60546875 0.373046875 0.021484375 0.021484375 
0 0.5556640625 0.7607421875 0.025390625 0.025390625 
0 0.6455078125 0.341796875 0.021484375 0.021484375 
0 0.4150390625 0.6435546875 0.0224609375 0.0224609375 
1 0.6552734375 0.12890625 0.021484375 0.021484375 
0 0.4853515625 0.6025390625 0.0234375 0.0234375 
0 0.4541015625 0.3896484375 0.021484375 0.021484375 
0 0.50390625 0.791015625 0.0234375 0.0234375 
0 0.576171875 0.17578125 0.021484375 0.021484375 
0 0.4755859375 0.697265625 0.0224609375 0.0224609375 
0 0.5048828125 0.4775390625 0.021484375 0.021484375 
0 0.3203125 0.037109375 0.0234375 0.0234375 
0 0.4306640625 0.1171875 0.0234375 0.0234375 
1 0.638671875 0.4111328125 0.0224609375 0.0224609375 
0 0.3408203125 0.169921875 0.021484375 0.021484375 
0 0.5263671875 0.662109375 0.0224609375 0.0224609375 
0 0.6904296875 0.115234375 0.0234375 0.0234375 
0 0.3759765625 0.4541015625 0.0234375 0.0234375 
0 0.3486328125 0.3369140625 0.0224609375 0.0224609375 
1 0.3935546875 0.1396484375 0.021484375 0.021484375 
0 0.5341796875 0.71875 0.021484375 0.021484375 
0 0.623046875 0.248046875 0.021484375 0.021484375 
0 0.6123046875 0.4619140625 0.021484375 0.021484375 
0 0.6826171875 0.1875 0.0234375 0.0234375 
0 0.421875 0.3857421875 0.0234375 0.0234375 
1 0.3310546875 0.0595703125 0.021484375 0.021484375 
0 0.5869140625 0.375 0.0234375 0.0234375 
0 0.419921875 0.4189453125 0.021484375 0.021484375 
0 0.541015625 0.15625 0.021484375 0.021484375 
1 0.443359375 0.62109375 0.0224609375 0.0224609375 
0 0.4912109375 0.8310546875 0.025390625 0.025390625 
1 0.38671875 0.0986328125 0.021484375 0.021484375 
0 0.599609375 0.14453125 0.021484375 0.021484375 
1 0.412109375 0.0478515625 0.021484375 0.021484375 
0 0.4560546875 0.443359375 0.0234375 0.0234375 
1 0.51171875 0.3095703125 0.021484375 0.021484375 
1 0.388671875 0.3134765625 0.0224609375 0.0224609375 
0 0.685546875 0.0732421875 0.021484375 0.021484375 
0 0.294921875 0.1572265625 0.021484375 0.021484375 
0 0.5556640625 0.4150390625 0.0234375 0.0234375 
0 0.5205078125 0.26953125 0.021484375 0.021484375 
0 0.4375 0.3359375 0.021484375 0.021484375 
0 0.65234375 0.240234375 0.021484375 0.021484375 
0 0.3564453125 0.41015625 0.021484375 0.021484375 
1 0.4765625 0.2734375 0.021484375 0.021484375 
0 0.521484375 0.884765625 0.0224609375 0.0224609375 
0 0.533203125 0.22265625 0.021484375 0.021484375 
0 0.458984375 0.8251953125 0.021484375 0.021484375 
0 0.3984375 0.263671875 0.0234375 0.0234375 
0 0.423828125 0.068359375 0.021484375 0.021484375 
0 0.498046875 0.337890625 0.021484375 0.021484375 
1 0.3447265625 0.0439453125 0.021484375 0.021484375 
1 0.3974609375 0.158203125 0.021484375 0.021484375 
0 0.6728515625 0.2373046875 0.0234375 0.0234375 
0 0.48046875 0.201171875 0.0234375 0.0234375 
1 0.5048828125 0.1640625 0.021484375 0.021484375 
0 0.5078125 0.728515625 0.0234375 0.0234375 
1 0.5400390625 0.0634765625 0.021484375 0.021484375 
1 0.4677734375 0.24609375 0.021484375 0.021484375 
0 0.5361328125 0.255859375 0.021484375 0.021484375 
0 0.4775390625 0.775390625 0.021484375 0.021484375 
0 0.3857421875 0.16796875 0.0234375 0.0234375 
0 0.5810546875 0.6396484375 0.0234375 0.0234375 
0 0.51171875 0.4091796875 0.021484375 0.021484375 
0 0.51171875 0.3896484375 0.0234375 0.0234375 
0 0.560546875 0.1220703125 0.0234375 0.0234375 
0 0.4541015625 0.08203125 0.021484375 0.021484375 
0 0.5546875 0.328125 0.021484375 0.021484375 
1 0.5 0.529296875 0.0224609375 0.0224609375 
1 0.5849609375 0.1005859375 0.021484375 0.021484375 
1 0.5283203125 0.796875 0.021484375 0.021484375 
1 0.462890625 0.541015625 0.021484375 0.021484375 
1 0.4423828125 0.7548828125 0.021484375 0.021484375 
1 0.46484375 0.17578125 0.0224609375 0.0224609375 
1 0.4814453125 0.8427734375 0.021484375 0.021484375 
0 0.6904296875 0.033203125 0.0224609375 0.0224609375 
0 0.3212890625 0.193359375 0.021484375 0.021484375 
0 0.408203125 0.546875 0.021484375 0.021484375 
0 0.6572265625 0.1435546875 0.0234375 0.0234375 
0 0.59375 0.5712890625 0.0234375 0.0234375 
0 0.43359375 0.3623046875 0.0224609375 0.0224609375 
0 0.5087890625 0.7138671875 0.0234375 0.0234375 
1 0.4267578125 0.09765625 0.021484375 0.021484375 
0 0.58984375 0.24609375 0.021484375 0.021484375 
1 0.626953125 0.3251953125 0.021484375 0.021484375 
0 0.5390625 0.783203125 0.0224609375 0.0224609375 
0 0.34765625 0.26953125 0.0234375 0.0234375 
0 0.330078125 0.2900390625 0.0224609375 0.0224609375 
0 0.4013671875 0.3525390625 0.021484375 0.021484375 
0 0.6767578125 0.0595703125 0.021484375 0.021484375 
0 0.482421875 0.0498046875 0.021484375 0.021484375 
0 0.3642578125 0.3798828125 0.0234375 0.0234375 
0 0.3720703125 0.2197265625 0.0234375 0.0234375 
1 0.4306640625 0.4716796875 0.021484375 0.021484375 
0 0.390625 0.189453125 0.0234375 0.0234375 
0 0.3671875 0.138671875 0.021484375 0.021484375 
0 0.4638671875 0.2265625 0.021484375 0.021484375 
1 0.5205078125 0.181640625 0.021484375 0.021484375 
0 0.4169921875 0.6103515625 0.0234375 0.0234375 
0 0.4677734375 0.59375 0.0224609375 0.0224609375 
1 0.517578125 0.2314453125 0.021484375 0.021484375 
0 0.5712890625 0.7060546875 0.021484375 0.021484375 
0 0.5966796875 0.30078125 0.021484375 0.021484375 
0 0.59375 0.52734375 0.021484375 0.021484375 
0 0.5537109375 0.0419921875 0.0234375 0.0234375 
1 0.5302734375 0.05078125 0.021484375 0.021484375 
1 0.3193359375 0.2138671875 0.021484375 0.021484375 
0 0.5732421875 0.525390625 0.021484375 0.021484375 
0 0.4951171875 0.146484375 0.0234375 0.0234375 
1 0.431640625 0.4365234375 0.021484375 0.021484375 
1 0.4599609375 0.3583984375 0.0224609375 0.0224609375 
1 0.634765625 0.2333984375 0.021484375 0.021484375 
1 0.5205078125 0.28515625 0.021484375 0.021484375 
1 0.5498046875 0.0888671875 0.021484375 0.021484375 
0 0.69140625 0.1650390625 0.021484375 0.021484375 
0 0.51171875 0.8212890625 0.0234375 0.0234375 
0 0.6396484375 0.197265625 0.021484375 0.021484375 
0 0.388671875 0.4111328125 0.0234375 0.0234375 
0 0.54296875 0.337890625 0.0234375 0.0234375 
1 0.59375 0.3447265625 0.0224609375 0.0224609375 
1 0.3837890625 0.337890625 0.0224609375 0.0224609375 
0 0.4638671875 0.2099609375 0.0234375 0.0234375 
0 0.6015625 0.091796875 0.021484375 0.021484375 
1 0.4736328125 0.6181640625 0.0224609375 0.0224609375 
0 0.5126953125 0.7744140625 0.0224609375 0.0224609375 
0 0.6591796875 0.04296875 0.021484375 0.021484375 
0 0.46484375 0.31640625 0.021484375 0.021484375 
0 0.505859375 0.294921875 0.0234375 0.0234375 
0 0.5205078125 0.548828125 0.021484375 0.021484375 
0 0.572265625 0.546875 0.0224609375 0.0224609375 
0 0.6396484375 0.0517578125 0.021484375 0.021484375 
1 0.640625 0.361328125 0.021484375 0.021484375 
