0 0.5751953125 0.23046875 0.0234375 0.0234375 
0 0.4931640625 0.056640625 0.0224609375 0.0224609375 
0 0.4951171875 0.1484375 0.021484375 0.021484375 
0 0.4716796875 0.4228515625 0.021484375 0.021484375 
1 0.4697265625 0.400390625 0.021484375 0.021484375 
0 0.5234375 0.767578125 0.01953125 0.01953125 
0 0.3642578125 0.3505859375 0.0224609375 0.0224609375 
0 0.37109375 0.041015625 0.021484375 0.021484375 
0 0.443359375 0.18359375 0.021484375 0.021484375 
0 0.642578125 0.3583984375 0.021484375 0.021484375 
0 0.4609375 0.6494140625 0.0234375 0.0234375 
0 0.4208984375 0.2294921875 0.0234375 0.0234375 
0 0.6015625 0.0400390625 0.0234375 0.0234375 
0 0.4814453125 0.3369140625 0.0234375 0.0234375 
0 0.498046875 0.2099609375 0.021484375 0.021484375 
0 0.375 0.2763671875 0.021484375 0.021484375 
1 0.6455078125 0.32421875 0.021484375 0.021484375 
0 0.544921875 0.439453125 0.0234375 0.0234375 
1 0.3134765625 0.1572265625 0.021484375 0.021484375 
1 0.62890625 0.1279296875 0.021484375 0.021484375 
0 0.5595703125 0.5517578125 0.0234375 0.0234375 
1 0.5615234375 0.4853515625 0.021484375 0.021484375 
0 0.41015625 0.4306640625 0.021484375 0.021484375 
0 0.4755859375 0.0458984375 0.021484375 0.021484375 
0 0.6201171875 0.216796875 0.0234375 0.0234375 
0 0.583984375 0.3876953125 0.021484375 0.021484375 
0 0.5947265625 0.41796875 0.0234375 0.0234375 
1 0.5673828125 0.5146484375 0.021484375 0.021484375 
0 0.349609375 0.0830078125 0.021484375 0.021484375 
0 0.5458984375 0.1826171875 0.021484375 0.021484375 
0 0.6083984375 0.169921875 0.0234375 0.0234375 
0 0.3291015625 0.2138671875 0.0234375 0.0234375 
0 0.447265625 0.2412109375 0.0224609375 0.0224609375 
0 0.30859375 0.220703125 0.021484375 0.021484375 
1 0.4931640625 0.095703125 0.0224609375 0.0224609375 
0 0.4853515625 0.3046875 0.0234375 0.0234375 
1 0.357421875 0.4326171875 0.0224609375 0.0224609375 
0 0.46484375 0.6806640625 0.021484375 0.021484375 
0 0.3291015625 0.2666015625 0.0224609375 0.0224609375 
0 0.4443359375 0.03125 0.021484375 0.021484375 
0 0.412109375 0.482421875 0.0234375 0.0234375 
0 0.5595703125 0.16796875 0.021484375 0.021484375 
1 0.533203125 0.6240234375 0.021484375 0.021484375 
0 0.46484375 0.81640625 0.025390625 0.025390625 
0 0.45703125 0.3125 0.021484375 0.021484375 
0 0.673828125 0.10546875 0.021484375 0.021484375 
0 0.4404296875 0.6103515625 0.0234375 0.0234375 
0 0.3603515625 0.103515625 0.021484375 0.021484375 
1 0.421875 0.5498046875 0.021484375 0.021484375 
0 0.5205078125 0.744140625 0.021484375 0.021484375 
0 0.517578125 0.7021484375 0.021484375 0.021484375 
1 0.4384765625 0.3935546875 0.021484375 0.021484375 
0 0.4501953125 0.1455078125 0.021484375 0.021484375 
0 0.3994140625 0.51171875 0.021484375 0.021484375 
1 0.4921875 0.7041015625 0.021484375 0.021484375 
1 0.552734375 0.583984375 0.0224609375 0.0224609375 
0 0.5244140625 0.6005859375 0.021484375 0.021484375 
0 0.6083984375 0.310546875 0.0224609375 0.0224609375 
1 0.48828125 0.41015625 0.021484375 0.021484375 
0 0.37109375 0.4169921875 0.021484375 0.021484375 
1 0.59765625 0.099609375 0.021484375 0.021484375 
0 0.3974609375 0.3271484375 0.0224609375 0.0224609375 
1 0.3828125 0.189453125 0.021484375 0.021484375 
0 0.5439453125 0.36328125 0.0224609375 0.0224609375 
0 0.6962890625 0.1279296875 0.0234375 0.0234375 
1 0.6240234375 0.318359375 0.0224609375 0.0224609375 
0 0.5419921875 0.6787109375 0.021484375 0.021484375 
0 0.369140625 0.06640625 0.0224609375 0.0224609375 
1 0.56640625 0.669921875 0.021484375 0.021484375 
0 0.580078125 0.2783203125 0.021484375 0.021484375 
0 0.345703125 0.03515625 0.0234375 0.0234375 
0 0.388671875 0.236328125 0.0224609375 0.0224609375 
0 0.2939453125 0.0986328125 0.021484375 0.021484375 
0 0.560546875 0.076171875 0.021484375 0.021484375 
0 0.373046875 0.21484375 0.021484375 0.021484375 
0 0.3984375 0.18359375 0.0224609375 0.0224609375 
1 0.4609375 0.7998046875 0.0234375 0.0234375 
1 0.5029296875 0.7412109375 0.021484375 0.021484375 
0 0.6787109375 0.037109375 0.0234375 0.0234375 
0 0.3125 0.08984375 0.021484375 0.021484375 
0 0.5556640625 0.1396484375 0.021484375 0.021484375 
1 0.6484375 0.0732421875 0.021484375 0.021484375 
0 0.498046875 0.4853515625 0.021484375 0.021484375 
0 0.3115234375 0.201171875 0.021484375 0.021484375 
0 0.6376953125 0.224609375 0.021484375 0.021484375 
1 0.44921875 0.169921875 0.0224609375 0.0224609375 
1 0.5546875 0.1220703125 0.0224609375 0.0224609375 
0 0.4990234375 0.4580078125 0.0234375 0.0234375 
0 0.4560546875 0.861328125 0.0224609375 0.0224609375 
0 0.5029296875 0.38671875 0.021484375 0.021484375 
0 0.5107421875 0.1005859375 0.021484375 0.021484375 
0 0.4833984375 0.3662109375 0.021484375 0.021484375 
0 0.5673828125 0.2626953125 0.021484375 0.021484375 
0 0.49609375 0.6865234375 0.021484375 0.021484375 
1 0.3408203125 0.1630859375 0.0224609375 0.0224609375 
0 0.53125 0.830078125 0.01953125 0.01953125 
0 0.66796875 0.2275390625 0.021484375 0.021484375 
0 0.5546875 0.2939453125 0.021484375 0.021484375 
0 0.4609375 0.48046875 0.021484375 0.021484375 
0 0.5205078125 0.8505859375 0.021484375 0.021484375 
1 0.607421875 0.4384765625 0.021484375 0.021484375 
0 0.5283203125 0.083984375 0.0224609375 0.0224609375 
0 0.427734375 0.5048828125 0.021484375 0.021484375 
0 0.44921875 0.4384765625 0.021484375 0.021484375 
1 0.556640625 0.7216796875 0.021484375 0.021484375 
0 0.5048828125 0.5380859375 0.0234375 0.0234375 
0 0.4677734375 0.619140625 0.021484375 0.021484375 
0 0.634765625 0.4189453125 0.021484375 0.021484375 
1 0.3935546875 0.45703125 0.0224609375 0.0224609375 
0 0.537109375 0.2158203125 0.021484375 0.021484375 
0 0.3466796875 0.201171875 0.0234375 0.0234375 
0 0.453125 0.6962890625 0.0224609375 0.0224609375 
0 0.5224609375 0.4248046875 0.0234375 0.0234375 
1 0.638671875 0.041015625 0.0224609375 0.0224609375 
0 0.525390625 0.4453125 0.0234375 0.0234375 
0 0.58984375 0.263671875 0.0234375 0.0234375 
1 0.5537109375 0.2412109375 0.021484375 0.021484375 
1 0.6611328125 0.18359375 0.021484375 0.021484375 
0 0.3955078125 0.5419921875 0.0234375 0.0234375 
1 0.3642578125 0.326171875 0.0224609375 0.0224609375 
0 0.5439453125 0.6103515625 0.0234375 0.0234375 
0 0.61328125 0.265625 0.021484375 0.021484375 
1 0.564453125 0.5341796875 0.0224609375 0.0224609375 
0 0.466796875 0.326171875 0.021484375 0.021484375 
0 0.3544921875 0.0576171875 0.0224609375 0.0224609375 
1 0.5126953125 0.171875 0.021484375 0.021484375 
0 0.4453125 0.298828125 0.0234375 0.0234375 
0 0.6220703125 0.4677734375 0.021484375 0.021484375 
1 0.3193359375 0.0439453125 0.021484375 0.021484375 
1 0.5029296875 0.7783203125 0.021484375 0.021484375 
1 0.4970703125 0.287109375 0.021484375 0.021484375 
0 0.6005859375 0.21875 0.021484375 0.021484375 
1 0.564453125 0.4482421875 0.021484375 0.021484375 
0 0.380859375 0.5302734375 0.0234375 0.0234375 
0 0.6455078125 0.09765625 0.0234375 0.0234375 
0 0.6484375 0.1689453125 0.021484375 0.021484375 
0 0.3310546875 0.197265625 0.021484375 0.021484375 
0 0.484375 0.6220703125 0.0224609375 0.0224609375 
0 0.5478515625 0.8330078125 0.0234375 0.0234375 
0 0.4609375 0.7646484375 0.0224609375 0.0224609375 
0 0.5439453125 0.7568359375 0.021484375 0.021484375 
0 0.6337890625 0.2998046875 0.021484375 0.021484375 
0 0.4619140625 0.5517578125 0.021484375 0.021484375 
0 0.6015625 0.52734375 0.021484375 0.021484375 
0 0.453125 0.626953125 0.021484375 0.021484375 
0 0.4228515625 0.53125 0.0234375 0.0234375 
0 0.638671875 0.2548828125 0.0234375 0.0234375 
0 0.451171875 0.0859375 0.0234375 0.0234375 
1 0.6640625 0.15234375 0.021484375 0.021484375 
0 0.685546875 0.0830078125 0.0234375 0.0234375 
1 0.5888671875 0.455078125 0.021484375 0.021484375 
0 0.5283203125 0.197265625 0.021484375 0.021484375 
0 0.3857421875 0.337890625 0.021484375 0.021484375 
0 0.4619140625 0.6650390625 0.0234375 0.0234375 
1 0.4912109375 0.439453125 0.0224609375 0.0224609375 
0 0.603515625 0.0673828125 0.0224609375 0.0224609375 
0 0.609375 0.2041015625 0.021484375 0.021484375 
0 0.498046875 0.654296875 0.021484375 0.021484375 
1 0.435546875 0.7060546875 0.021484375 0.021484375 
0 0.392578125 0.0888671875 0.021484375 0.021484375 
0 0.40234375 0.0703125 0.0234375 0.0234375 
0 0.517578125 0.4638671875 0.021484375 0.021484375 
0 0.3369140625 0.1279296875 0.0224609375 0.0224609375 
0 0.3837890625 0.51171875 0.021484375 0.021484375 
1 0.5791015625 0.60546875 0.021484375 0.021484375 
1 0.572265625 0.30859375 0.021484375 0.021484375 
1 0.5498046875 0.49609375 0.021484375 0.021484375 
0 0.4794921875 0.7822265625 0.021484375 0.021484375 
1 0.48828125 0.51171875 0.0224609375 0.0224609375 
1 0.5087890625 0.4970703125 0.0224609375 0.0224609375 
0 0.5654296875 0.5703125 0.0224609375 0.0224609375 
0 0.5029296875 0.0810546875 0.0234375 0.0234375 
0 0.4970703125 0.8798828125 0.0224609375 0.0224609375 
1 0.517578125 0.65625 0.021484375 0.021484375 
1 0.4755859375 0.21875 0.0224609375 0.0224609375 
0 0.3916015625 0.2138671875 0.021484375 0.021484375 
0 0.6318359375 0.087890625 0.0234375 0.0234375 
0 0.4111328125 0.3017578125 0.021484375 0.021484375 
0 0.59765625 0.1552734375 0.021484375 0.021484375 
0 0.4453125 0.3447265625 0.021484375 0.021484375 
0 0.6162109375 0.189453125 0.021484375 0.021484375 
0 0.349609375 0.384765625 0.0234375 0.0234375 
0 0.3662109375 0.30078125 0.0224609375 0.0224609375 
0 0.576171875 0.4072265625 0.0234375 0.0234375 
0 0.6162109375 0.1083984375 0.0234375 0.0234375 
0 0.5029296875 0.0341796875 0.021484375 0.021484375 
0 0.3125 0.1357421875 0.021484375 0.021484375 
1 0.4501953125 0.5625 0.021484375 0.021484375 
0 0.6064453125 0.4912109375 0.0234375 0.0234375 
0 0.4150390625 0.125 0.021484375 0.021484375 
0 0.4423828125 0.7353515625 0.0234375 0.0234375 
0 0.62109375 0.041015625 0.021484375 0.021484375 
0 0.41796875 0.1796875 0.021484375 0.021484375 
0 0.6357421875 0.43359375 0.021484375 0.021484375 
0 0.4638671875 0.1611328125 0.0234375 0.0234375 
0 0.6005859375 0.2783203125 0.021484375 0.021484375 
1 0.5185546875 0.8974609375 0.021484375 0.021484375 
