0 0.3251953125 0.1962890625 0.021484375 0.021484375 
0 0.3095703125 0.17578125 0.0234375 0.0234375 
0 0.4169921875 0.2998046875 0.0234375 0.0234375 
0 0.4873046875 0.8564453125 0.025390625 0.025390625 
0 0.46875 0.07421875 0.0224609375 0.0224609375 
0 0.634765625 0.1123046875 0.021484375 0.021484375 
0 0.5849609375 0.4765625 0.021484375 0.021484375 
0 0.6455078125 0.1767578125 0.0234375 0.0234375 
0 0.5146484375 0.291015625 0.0234375 0.0234375 
0 0.45703125 0.48046875 0.0224609375 0.0224609375 
0 0.4130859375 0.21875 0.021484375 0.021484375 
0 0.380859375 0.4677734375 0.021484375 0.021484375 
1 0.5966796875 0.4169921875 0.021484375 0.021484375 
0 0.658203125 0.16796875 0.021484375 0.021484375 
1 0.4345703125 0.033203125 0.0224609375 0.0224609375 
0 0.384765625 0.271484375 0.0224609375 0.0224609375 
1 0.6162109375 0.1748046875 0.0224609375 0.0224609375 
0 0.330078125 0.09765625 0.021484375 0.021484375 
1 0.5947265625 0.4619140625 0.021484375 0.021484375 
0 0.587890625 0.544921875 0.021484375 0.021484375 
0 0.4755859375 0.37890625 0.021484375 0.021484375 
0 0.591796875 0.134765625 0.0224609375 0.0224609375 
0 0.49609375 0.1162109375 0.021484375 0.021484375 
0 0.4697265625 0.3134765625 0.0234375 0.0234375 
1 0.48046875 0.6142578125 0.021484375 0.021484375 
0 0.443359375 0.70703125 0.021484375 0.021484375 
0 0.5244140625 0.4638671875 0.021484375 0.021484375 
0 0.3896484375 0.41796875 0.0234375 0.0234375 
0 0.62890625 0.44140625 0.021484375 0.021484375 
1 0.6064453125 0.205078125 0.021484375 0.021484375 
1 0.43359375 0.5322265625 0.0224609375 0.0224609375 
1 0.4931640625 0.4140625 0.0224609375 0.0224609375 
0 0.59375 0.576171875 0.021484375 0.021484375 
0 0.3017578125 0.0439453125 0.0234375 0.0234375 
0 0.404296875 0.6171875 0.0234375 0.0234375 
0 0.5263671875 0.0419921875 0.021484375 0.021484375 
0 0.525390625 0.7705078125 0.0224609375 0.0224609375 
0 0.44140625 0.28515625 0.0234375 0.0234375 
0 0.466796875 0.6748046875 0.0224609375 0.0224609375 
1 0.408203125 0.341796875 0.021484375 0.021484375 
0 0.509765625 0.4482421875 0.021484375 0.021484375 
0 0.5263671875 0.724609375 0.021484375 0.021484375 
0 0.5078125 0.7216796875 0.021484375 0.021484375 
0 0.578125 0.373046875 0.021484375 0.021484375 
0 0.41015625 0.498046875 0.0224609375 0.0224609375 
1 0.4931640625 0.341796875 0.0224609375 0.0224609375 
0 0.5146484375 0.2451171875 0.0234375 0.0234375 
0 0.6552734375 0.2685546875 0.021484375 0.021484375 
0 0.4990234375 0.07421875 0.021484375 0.021484375 
0 0.353515625 0.3046875 0.021484375 0.021484375 
0 0.626953125 0.4052734375 0.0234375 0.0234375 
0 0.611328125 0.3837890625 0.021484375 0.021484375 
0 0.505859375 0.4033203125 0.0234375 0.0234375 
0 0.3505859375 0.107421875 0.0234375 0.0234375 
0 0.4443359375 0.5087890625 0.021484375 0.021484375 
0 0.5283203125 0.787109375 0.0234375 0.0234375 
0 0.6279296875 0.1416015625 0.021484375 0.021484375 
0 0.470703125 0.875 0.0234375 0.0234375 
0 0.6240234375 0.2373046875 0.021484375 0.021484375 
0 0.5078125 0.6513671875 0.0234375 0.0234375 
0 0.357421875 0.3759765625 0.0234375 0.0234375 
0 0.37890625 0.51171875 0.0234375 0.0234375 
0 0.3974609375 0.470703125 0.0234375 0.0234375 
1 0.564453125 0.259765625 0.021484375 0.021484375 
0 0.44921875 0.345703125 0.0234375 0.0234375 
1 0.4267578125 0.376953125 0.021484375 0.021484375 
0 0.4208984375 0.6865234375 0.021484375 0.021484375 
0 0.611328125 0.06640625 0.0234375 0.0234375 
0 0.5205078125 0.1962890625 0.021484375 0.021484375 
0 0.5419921875 0.2744140625 0.021484375 0.021484375 
1 0.49609375 0.6953125 0.0224609375 0.0224609375 
0 0.41015625 0.482421875 0.021484375 0.021484375 
0 0.2822265625 0.1044921875 0.0234375 0.0234375 
0 0.5029296875 0.255859375 0.0234375 0.0234375 
0 0.70703125 0.080078125 0.0234375 0.0234375 
1 0.39453125 0.564453125 0.021484375 0.021484375 
1 0.5703125 0.2353515625 0.021484375 0.021484375 
0 0.3271484375 0.1396484375 0.0224609375 0.0224609375 
1 0.4443359375 0.318359375 0.021484375 0.021484375 
0 0.4892578125 0.5361328125 0.021484375 0.021484375 
0 0.3525390625 0.2578125 0.0234375 0.0234375 
1 0.525390625 0.3310546875 0.021484375 0.021484375 
0 0.43359375 0.666015625 0.0224609375 0.0224609375 
1 0.66796875 0.11328125 0.021484375 0.021484375 
0 0.6357421875 0.3544921875 0.021484375 0.021484375 
1 0.46875 0.71484375 0.0224609375 0.0224609375 
0 0.4814453125 0.0634765625 0.0224609375 0.0224609375 
1 0.6201171875 0.318359375 0.021484375 0.021484375 
0 0.478515625 0.279296875 0.021484375 0.021484375 
0 0.412109375 0.5185546875 0.021484375 0.021484375 
0 0.541015625 0.3359375 0.021484375 0.021484375 
0 0.568359375 0.515625 0.0224609375 0.0224609375 
1 0.45703125 0.7421875 0.0224609375 0.0224609375 
0 0.513671875 0.138671875 0.021484375 0.021484375 
1 0.3427734375 0.1376953125 0.021484375 0.021484375 
1 0.6484375 0.3642578125 0.021484375 0.021484375 
0 0.3896484375 0.15234375 0.0234375 0.0234375 
0 0.4296875 0.44921875 0.021484375 0.021484375 
0 0.552734375 0.7138671875 0.021484375 0.021484375 
0 0.583984375 0.1787109375 0.0224609375 0.0224609375 
0 0.4931640625 0.4892578125 0.021484375 0.021484375 
0 0.404296875 0.58984375 0.0234375 0.0234375 
0 0.5009765625 0.4697265625 0.021484375 0.021484375 
1 0.5361328125 0.443359375 0.021484375 0.021484375 
1 0.5849609375 0.6171875 0.021484375 0.021484375 
0 0.458984375 0.333984375 0.021484375 0.021484375 
0 0.54296875 0.607421875 0.021484375 0.021484375 
0 0.5419921875 0.3056640625 0.0234375 0.0234375 
1 0.5048828125 0.1650390625 0.021484375 0.021484375 
0 0.3623046875 0.2802734375 0.0234375 0.0234375 
1 0.564453125 0.0888671875 0.021484375 0.021484375 
1 0.5029296875 0.369140625 0.021484375 0.021484375 
0 0.486328125 0.767578125 0.01953125 0.01953125 
0 0.5419921875 0.7763671875 0.0224609375 0.0224609375 
1 0.58203125 0.330078125 0.021484375 0.021484375 
0 0.4599609375 0.099609375 0.021484375 0.021484375 
0 0.4677734375 0.0546875 0.0224609375 0.0224609375 
0 0.576171875 0.6376953125 0.0234375 0.0234375 
0 0.439453125 0.7783203125 0.0224609375 0.0224609375 
0 0.31640625 0.0380859375 0.0234375 0.0234375 
0 0.55859375 0.35546875 0.021484375 0.021484375 
1 0.6298828125 0.048828125 0.021484375 0.021484375 
0 0.591796875 0.3505859375 0.0234375 0.0234375 
