1 0.4677734375 0.7158203125 0.0224609375 0.0224609375 
0 0.673828125 0.15625 0.021484375 0.021484375 
1 0.4296875 0.3271484375 0.021484375 0.021484375 
0 0.4384765625 0.69921875 0.021484375 0.021484375 
0 0.552734375 0.2626953125 0.021484375 0.021484375 
0 0.6806640625 0.0419921875 0.021484375 0.021484375 
0 0.3642578125 0.04296875 0.021484375 0.021484375 
0 0.529296875 0.302734375 0.021484375 0.021484375 
0 0.52734375 0.5087890625 0.021484375 0.021484375 
0 0.6552734375 0.0654296875 0.021484375 0.021484375 
0 0.513671875 0.224609375 0.021484375 0.021484375 
0 0.6005859375 0.099609375 0.0234375 0.0234375 
0 0.5859375 0.109375 0.021484375 0.021484375 
0 0.484375 0.7548828125 0.01953125 0.01953125 
0 0.509765625 0.876953125 0.021484375 0.021484375 
0 0.3828125 0.52734375 0.021484375 0.021484375 
0 0.3828125 0.095703125 0.021484375 0.021484375 
0 0.5673828125 0.7001953125 0.0234375 0.0234375 
0 0.529296875 0.2216796875 0.021484375 0.021484375 
0 0.5419921875 0.408203125 0.0224609375 0.0224609375 
0 0.6708984375 0.1279296875 0.0234375 0.0234375 
1 0.509765625 0.197265625 0.021484375 0.021484375 
0 0.53125 0.283203125 0.021484375 0.021484375 
1 0.3701171875 0.4677734375 0.021484375 0.021484375 
0 0.5283203125 0.8154296875 0.0224609375 0.0224609375 
1 0.58984375 0.517578125 0.0224609375 0.0224609375 
0 0.4814453125 0.6669921875 0.021484375 0.021484375 
0 0.505859375 0.306640625 0.021484375 0.021484375 
0 0.3916015625 0.1572265625 0.021484375 0.021484375 
0 0.48828125 0.03125 0.0234375 0.0234375 
0 0.423828125 0.427734375 0.021484375 0.021484375 
0 0.416015625 0.341796875 0.021484375 0.021484375 
1 0.3740234375 0.4052734375 0.021484375 0.021484375 
0 0.607421875 0.29296875 0.021484375 0.021484375 
0 0.4521484375 0.8076171875 0.0234375 0.0234375 
0 0.59375 0.2548828125 0.0234375 0.0234375 
0 0.4072265625 0.2841796875 0.021484375 0.021484375 
1 0.6044921875 0.048828125 0.021484375 0.021484375 
1 0.5791015625 0.4208984375 0.021484375 0.021484375 
1 0.30859375 0.1884765625 0.0224609375 0.0224609375 
0 0.5849609375 0.595703125 0.021484375 0.021484375 
0 0.6923828125 0.162109375 0.0234375 0.0234375 
1 0.5302734375 0.2646484375 0.0224609375 0.0224609375 
1 0.5810546875 0.3369140625 0.0224609375 0.0224609375 
0 0.4541015625 0.068359375 0.021484375 0.021484375 
0 0.2685546875 0.0322265625 0.021484375 0.021484375 
1 0.4931640625 0.552734375 0.021484375 0.021484375 
0 0.400390625 0.61328125 0.0234375 0.0234375 
0 0.4921875 0.3662109375 0.0234375 0.0234375 
0 0.2958984375 0.1259765625 0.0234375 0.0234375 
0 0.56640625 0.515625 0.021484375 0.021484375 
0 0.392578125 0.3798828125 0.021484375 0.021484375 
0 0.556640625 0.4775390625 0.0234375 0.0234375 
1 0.33203125 0.26171875 0.0224609375 0.0224609375 
0 0.46875 0.84375 0.01953125 0.01953125 
0 0.484375 0.681640625 0.021484375 0.021484375 
0 0.5771484375 0.4453125 0.0234375 0.0234375 
1 0.4423828125 0.2958984375 0.021484375 0.021484375 
0 0.3955078125 0.578125 0.0234375 0.0234375 
0 0.38671875 0.2373046875 0.0234375 0.0234375 
1 0.583984375 0.357421875 0.0224609375 0.0224609375 
1 0.513671875 0.3828125 0.0224609375 0.0224609375 
0 0.5478515625 0.7275390625 0.021484375 0.021484375 
0 0.642578125 0.3369140625 0.021484375 0.021484375 
0 0.4775390625 0.240234375 0.0234375 0.0234375 
0 0.4697265625 0.5126953125 0.0224609375 0.0224609375 
1 0.302734375 0.103515625 0.021484375 0.021484375 
1 0.5283203125 0.734375 0.021484375 0.021484375 
0 0.673828125 0.240234375 0.021484375 0.021484375 
0 0.49609375 0.62109375 0.021484375 0.021484375 
1 0.3583984375 0.251953125 0.0224609375 0.0224609375 
1 0.5361328125 0.2412109375 0.0224609375 0.0224609375 
0 0.5478515625 0.7548828125 0.025390625 0.025390625 
0 0.42578125 0.5625 0.0234375 0.0234375 
0 0.5322265625 0.603515625 0.021484375 0.021484375 
1 0.6015625 0.4423828125 0.021484375 0.021484375 
1 0.3876953125 0.505859375 0.021484375 0.021484375 
0 0.421875 0.46875 0.0234375 0.0234375 
1 0.6640625 0.1767578125 0.0224609375 0.0224609375 
0 0.609375 0.138671875 0.0234375 0.0234375 
0 0.556640625 0.548828125 0.021484375 0.021484375 
0 0.4990234375 0.3955078125 0.021484375 0.021484375 
1 0.541015625 0.6376953125 0.021484375 0.021484375 
0 0.392578125 0.42578125 0.021484375 0.021484375 
0 0.373046875 0.3349609375 0.021484375 0.021484375 
0 0.5712890625 0.2197265625 0.021484375 0.021484375 
0 0.6142578125 0.2138671875 0.021484375 0.021484375 
0 0.3857421875 0.5556640625 0.0224609375 0.0224609375 
0 0.677734375 0.2197265625 0.021484375 0.021484375 
0 0.375 0.15625 0.021484375 0.021484375 
0 0.2763671875 0.072265625 0.0224609375 0.0224609375 
0 0.54296875 0.5888671875 0.021484375 0.021484375 
0 0.521484375 0.5263671875 0.0224609375 0.0224609375 
0 0.6015625 0.0302734375 0.0234375 0.0234375 
0 0.41796875 0.60546875 0.021484375 0.021484375 
0 0.353515625 0.3623046875 0.021484375 0.021484375 
0 0.4482421875 0.18359375 0.021484375 0.021484375 
0 0.572265625 0.1240234375 0.0224609375 0.0224609375 
0 0.658203125 0.0380859375 0.0224609375 0.0224609375 
0 0.3671875 0.306640625 0.021484375 0.021484375 
1 0.4873046875 0.1171875 0.0224609375 0.0224609375 
0 0.5830078125 0.1982421875 0.0234375 0.0234375 
0 0.5166015625 0.1826171875 0.021484375 0.021484375 
0 0.44921875 0.728515625 0.021484375 0.021484375 
0 0.4921875 0.3505859375 0.0234375 0.0234375 
1 0.3798828125 0.2734375 0.021484375 0.021484375 
0 0.423828125 0.5234375 0.021484375 0.021484375 
0 0.53515625 0.1328125 0.0234375 0.0234375 
0 0.4345703125 0.263671875 0.021484375 0.021484375 
0 0.513671875 0.2470703125 0.0234375 0.0234375 
0 0.421875 0.412109375 0.0234375 0.0234375 
0 0.3818359375 0.349609375 0.021484375 0.021484375 
0 0.515625 0.7021484375 0.021484375 0.021484375 
0 0.525390625 0.2041015625 0.021484375 0.021484375 
0 0.5478515625 0.4267578125 0.0234375 0.0234375 
0 0.3642578125 0.287109375 0.0234375 0.0234375 
0 0.515625 0.28515625 0.0224609375 0.0224609375 
0 0.4765625 0.287109375 0.021484375 0.021484375 
1 0.3310546875 0.1484375 0.021484375 0.021484375 
0 0.546875 0.80859375 0.0224609375 0.0224609375 
0 0.42578125 0.0732421875 0.0234375 0.0234375 
0 0.5009765625 0.2578125 0.0234375 0.0234375 
0 0.43359375 0.0859375 0.021484375 0.021484375 
1 0.5498046875 0.66015625 0.0224609375 0.0224609375 
1 0.5322265625 0.7490234375 0.021484375 0.021484375 
1 0.365234375 0.19921875 0.021484375 0.021484375 
0 0.646484375 0.310546875 0.0224609375 0.0224609375 
0 0.4853515625 0.728515625 0.0234375 0.0234375 
0 0.48828125 0.7998046875 0.0224609375 0.0224609375 
1 0.6064453125 0.2392578125 0.021484375 0.021484375 
1 0.6181640625 0.255859375 0.0224609375 0.0224609375 
0 0.5966796875 0.1650390625 0.0234375 0.0234375 
0 0.55078125 0.0625 0.021484375 0.021484375 
0 0.5556640625 0.529296875 0.021484375 0.021484375 
0 0.4580078125 0.26171875 0.0234375 0.0234375 
1 0.630859375 0.302734375 0.021484375 0.021484375 
0 0.58984375 0.3173828125 0.0234375 0.0234375 
0 0.3828125 0.4599609375 0.0224609375 0.0224609375 
1 0.5185546875 0.1162109375 0.021484375 0.021484375 
1 0.49609375 0.103515625 0.021484375 0.021484375 
0 0.5791015625 0.0712890625 0.0234375 0.0234375 
0 0.4580078125 0.5576171875 0.021484375 0.021484375 
1 0.6572265625 0.3271484375 0.021484375 0.021484375 
0 0.5087890625 0.4833984375 0.021484375 0.021484375 
0 0.4150390625 0.6787109375 0.0234375 0.0234375 
0 0.478515625 0.326171875 0.021484375 0.021484375 
0 0.3408203125 0.1640625 0.0224609375 0.0224609375 
0 0.3603515625 0.0576171875 0.021484375 0.021484375 
0 0.615234375 0.40625 0.0234375 0.0234375 
0 0.4443359375 0.3857421875 0.021484375 0.021484375 
0 0.4677734375 0.0859375 0.021484375 0.021484375 
0 0.546875 0.447265625 0.021484375 0.021484375 
1 0.498046875 0.060546875 0.0224609375 0.0224609375 
1 0.630859375 0.0439453125 0.0224609375 0.0224609375 
0 0.5029296875 0.4609375 0.0224609375 0.0224609375 
1 0.56640625 0.349609375 0.0224609375 0.0224609375 
0 0.55859375 0.107421875 0.021484375 0.021484375 
1 0.4501953125 0.6123046875 0.0224609375 0.0224609375 
1 0.4990234375 0.828125 0.0234375 0.0234375 
0 0.42578125 0.1591796875 0.0234375 0.0234375 
0 0.478515625 0.1396484375 0.0234375 0.0234375 
0 0.4384765625 0.51953125 0.021484375 0.021484375 
1 0.6171875 0.275390625 0.0224609375 0.0224609375 
0 0.5869140625 0.2939453125 0.021484375 0.021484375 
0 0.578125 0.6748046875 0.021484375 0.021484375 
0 0.4267578125 0.71484375 0.0224609375 0.0224609375 
0 0.3642578125 0.1337890625 0.021484375 0.021484375 
1 0.4462890625 0.5380859375 0.021484375 0.021484375 
