0 0.400390625 0.3720703125 0.021484375 0.021484375 
0 0.40625 0.1806640625 0.021484375 0.021484375 
1 0.4462890625 0.65625 0.021484375 0.021484375 
0 0.373046875 0.0302734375 0.021484375 0.021484375 
0 0.4677734375 0.279296875 0.0234375 0.0234375 
1 0.666015625 0.12890625 0.0224609375 0.0224609375 
1 0.580078125 0.5712890625 0.021484375 0.021484375 
1 0.5107421875 0.3369140625 0.0224609375 0.0224609375 
0 0.5 0.3662109375 0.021484375 0.021484375 
0 0.56640625 0.4501953125 0.0234375 0.0234375 
0 0.54296875 0.201171875 0.0234375 0.0234375 
0 0.4013671875 0.203125 0.021484375 0.021484375 
0 0.3564453125 0.095703125 0.021484375 0.021484375 
0 0.4638671875 0.6611328125 0.021484375 0.021484375 
0 0.4306640625 0.2080078125 0.0234375 0.0234375 
0 0.396484375 0.5341796875 0.021484375 0.021484375 
1 0.4580078125 0.6416015625 0.021484375 0.021484375 
0 0.443359375 0.3203125 0.0234375 0.0234375 
0 0.3544921875 0.2119140625 0.021484375 0.021484375 
0 0.6962890625 0.1396484375 0.021484375 0.021484375 
0 0.5283203125 0.08984375 0.0234375 0.0234375 
0 0.4560546875 0.8046875 0.01953125 0.01953125 
1 0.4404296875 0.0849609375 0.021484375 0.021484375 
0 0.431640625 0.63671875 0.0234375 0.0234375 
0 0.6845703125 0.0546875 0.0234375 0.0234375 
0 0.67578125 0.0986328125 0.021484375 0.021484375 
0 0.4169921875 0.587890625 0.0234375 0.0234375 
0 0.6171875 0.2529296875 0.0224609375 0.0224609375 
0 0.3349609375 0.1181640625 0.021484375 0.021484375 
0 0.5419921875 0.716796875 0.0224609375 0.0224609375 
1 0.65625 0.1142578125 0.021484375 0.021484375 
1 0.4912109375 0.7119140625 0.0224609375 0.0224609375 
0 0.642578125 0.380859375 0.0224609375 0.0224609375 
0 0.4208984375 0.3056640625 0.0234375 0.0234375 
0 0.603515625 0.4951171875 0.0234375 0.0234375 
0 0.5 0.5205078125 0.021484375 0.021484375 
0 0.37890625 0.2763671875 0.021484375 0.021484375 
1 0.60546875 0.2392578125 0.0224609375 0.0224609375 
0 0.3740234375 0.359375 0.0234375 0.0234375 
1 0.478515625 0.169921875 0.0224609375 0.0224609375 
0 0.4482421875 0.4345703125 0.0224609375 0.0224609375 
0 0.693359375 0.109375 0.0234375 0.0234375 
0 0.5478515625 0.7919921875 0.025390625 0.025390625 
0 0.4716796875 0.873046875 0.025390625 0.025390625 
1 0.66796875 0.1748046875 0.021484375 0.021484375 
0 0.5224609375 0.3994140625 0.021484375 0.021484375 
0 0.41796875 0.501953125 0.0234375 0.0234375 
0 0.4765625 0.7216796875 0.0224609375 0.0224609375 
0 0.4912109375 0.740234375 0.0234375 0.0234375 
0 0.4443359375 0.1328125 0.021484375 0.021484375 
1 0.5439453125 0.8154296875 0.021484375 0.021484375 
0 0.5634765625 0.46484375 0.021484375 0.021484375 
0 0.48828125 0.384765625 0.0234375 0.0234375 
0 0.46484375 0.208984375 0.021484375 0.021484375 
0 0.634765625 0.150390625 0.021484375 0.021484375 
0 0.3994140625 0.421875 0.0234375 0.0234375 
0 0.4345703125 0.5595703125 0.0234375 0.0234375 
0 0.5283203125 0.2939453125 0.0224609375 0.0224609375 
0 0.6728515625 0.115234375 0.021484375 0.021484375 
0 0.61328125 0.3583984375 0.0234375 0.0234375 
1 0.4169921875 0.564453125 0.021484375 0.021484375 
0 0.3857421875 0.076171875 0.0234375 0.0234375 
1 0.3447265625 0.2236328125 0.021484375 0.021484375 
0 0.337890625 0.2724609375 0.0234375 0.0234375 
1 0.4765625 0.765625 0.0234375 0.0234375 
0 0.3828125 0.2060546875 0.0234375 0.0234375 
1 0.5244140625 0.78125 0.021484375 0.021484375 
0 0.3955078125 0.2421875 0.021484375 0.021484375 
0 0.33984375 0.09765625 0.0234375 0.0234375 
1 0.4150390625 0.6728515625 0.021484375 0.021484375 
0 0.5537109375 0.5458984375 0.0224609375 0.0224609375 
0 0.5341796875 0.2392578125 0.021484375 0.021484375 
0 0.6142578125 0.0458984375 0.021484375 0.021484375 
0 0.5126953125 0.5 0.0234375 0.0234375 
0 0.4814453125 0.1201171875 0.0234375 0.0234375 
0 0.5380859375 0.1669921875 0.021484375 0.021484375 
0 0.64453125 0.3134765625 0.021484375 0.021484375 
0 0.564453125 0.3310546875 0.021484375 0.021484375 
0 0.4423828125 0.15234375 0.0234375 0.0234375 
1 0.580078125 0.52734375 0.0224609375 0.0224609375 
0 0.455078125 0.0966796875 0.0234375 0.0234375 
0 0.5205078125 0.263671875 0.021484375 0.021484375 
0 0.38671875 0.412109375 0.0234375 0.0234375 
1 0.6826171875 0.1962890625 0.0224609375 0.0224609375 
1 0.3984375 0.32421875 0.021484375 0.021484375 
1 0.390625 0.177734375 0.021484375 0.021484375 
1 0.6513671875 0.0322265625 0.021484375 0.021484375 
0 0.5458984375 0.4052734375 0.0224609375 0.0224609375 
0 0.63671875 0.30078125 0.021484375 0.021484375 
