1 0.6357421875 0.05859375 0.021484375 0.021484375 
0 0.578125 0.2470703125 0.0234375 0.0234375 
0 0.6650390625 0.29296875 0.021484375 0.021484375 
0 0.5302734375 0.51171875 0.021484375 0.021484375 
0 0.6259765625 0.31640625 0.0234375 0.0234375 
0 0.3544921875 0.087890625 0.021484375 0.021484375 
0 0.552734375 0.1611328125 0.021484375 0.021484375 
0 0.607421875 0.04296875 0.021484375 0.021484375 
0 0.37109375 0.2998046875 0.021484375 0.021484375 
0 0.4560546875 0.810546875 0.021484375 0.021484375 
0 0.7060546875 0.080078125 0.0224609375 0.0224609375 
0 0.533203125 0.365234375 0.0224609375 0.0224609375 
1 0.515625 0.5537109375 0.0224609375 0.0224609375 
1 0.3154296875 0.0966796875 0.0224609375 0.0224609375 
0 0.40625 0.5146484375 0.021484375 0.021484375 
0 0.6650390625 0.177734375 0.021484375 0.021484375 
0 0.388671875 0.07421875 0.0234375 0.0234375 
1 0.5087890625 0.3818359375 0.021484375 0.021484375 
0 0.5537109375 0.416015625 0.021484375 0.021484375 
0 0.5673828125 0.5546875 0.0234375 0.0234375 
0 0.353515625 0.1650390625 0.0224609375 0.0224609375 
0 0.55859375 0.43359375 0.021484375 0.021484375 
0 0.4853515625 0.1142578125 0.021484375 0.021484375 
0 0.6962890625 0.05078125 0.0234375 0.0234375 
0 0.3525390625 0.1279296875 0.021484375 0.021484375 
0 0.6494140625 0.0341796875 0.021484375 0.021484375 
1 0.5810546875 0.3828125 0.021484375 0.021484375 
0 0.5546875 0.1923828125 0.0234375 0.0234375 
0 0.6474609375 0.2744140625 0.0234375 0.0234375 
0 0.46484375 0.6357421875 0.021484375 0.021484375 
0 0.44140625 0.1337890625 0.021484375 0.021484375 
0 0.2880859375 0.068359375 0.0234375 0.0234375 
0 0.3662109375 0.3564453125 0.021484375 0.021484375 
0 0.541015625 0.2216796875 0.021484375 0.021484375 
0 0.3779296875 0.2353515625 0.021484375 0.021484375 
1 0.4736328125 0.759765625 0.021484375 0.021484375 
1 0.650390625 0.189453125 0.021484375 0.021484375 
0 0.515625 0.5361328125 0.0234375 0.0234375 
1 0.6083984375 0.259765625 0.021484375 0.021484375 
0 0.5166015625 0.7685546875 0.0224609375 0.0224609375 
1 0.5439453125 0.787109375 0.021484375 0.021484375 
0 0.466796875 0.5927734375 0.0234375 0.0234375 
0 0.4599609375 0.75390625 0.01953125 0.01953125 
1 0.5908203125 0.6279296875 0.0224609375 0.0224609375 
0 0.4970703125 0.509765625 0.0234375 0.0234375 
0 0.4580078125 0.197265625 0.021484375 0.021484375 
0 0.544921875 0.7236328125 0.0234375 0.0234375 
0 0.6171875 0.1435546875 0.021484375 0.021484375 
1 0.4462890625 0.2216796875 0.021484375 0.021484375 
0 0.330078125 0.1865234375 0.021484375 0.021484375 
0 0.6240234375 0.4423828125 0.0224609375 0.0224609375 
0 0.5537109375 0.6328125 0.0234375 0.0234375 
0 0.341796875 0.3046875 0.0234375 0.0234375 
0 0.529296875 0.7421875 0.021484375 0.021484375 
0 0.548828125 0.587890625 0.021484375 0.021484375 
0 0.5283203125 0.3095703125 0.0234375 0.0234375 
1 0.484375 0.5791015625 0.021484375 0.021484375 
0 0.3515625 0.2314453125 0.0234375 0.0234375 
0 0.6328125 0.37890625 0.021484375 0.021484375 
0 0.5341796875 0.126953125 0.0234375 0.0234375 
1 0.5029296875 0.59375 0.021484375 0.021484375 
0 0.5146484375 0.1865234375 0.0234375 0.0234375 
0 0.5390625 0.0546875 0.021484375 0.021484375 
1 0.3642578125 0.1181640625 0.021484375 0.021484375 
0 0.369140625 0.19921875 0.021484375 0.021484375 
0 0.53125 0.623046875 0.0224609375 0.0224609375 
0 0.4541015625 0.361328125 0.0234375 0.0234375 
0 0.5576171875 0.2529296875 0.021484375 0.021484375 
0 0.4423828125 0.7724609375 0.021484375 0.021484375 
1 0.5087890625 0.6318359375 0.021484375 0.021484375 
0 0.546875 0.5595703125 0.0224609375 0.0224609375 
0 0.458984375 0.794921875 0.0224609375 0.0224609375 
0 0.6064453125 0.1591796875 0.0224609375 0.0224609375 
0 0.4140625 0.6337890625 0.021484375 0.021484375 
1 0.4423828125 0.435546875 0.021484375 0.021484375 
0 0.6240234375 0.3974609375 0.021484375 0.021484375 
0 0.501953125 0.1708984375 0.0224609375 0.0224609375 
0 0.470703125 0.8349609375 0.021484375 0.021484375 
0 0.4208984375 0.248046875 0.021484375 0.021484375 
0 0.3125 0.197265625 0.021484375 0.021484375 
0 0.4794921875 0.7275390625 0.021484375 0.021484375 
1 0.337890625 0.2001953125 0.021484375 0.021484375 
0 0.568359375 0.330078125 0.0234375 0.0234375 
0 0.4423828125 0.505859375 0.021484375 0.021484375 
0 0.4619140625 0.7724609375 0.021484375 0.021484375 
0 0.572265625 0.4580078125 0.021484375 0.021484375 
1 0.4267578125 0.541015625 0.0224609375 0.0224609375 
0 0.333984375 0.271484375 0.021484375 0.021484375 
0 0.4482421875 0.0517578125 0.021484375 0.021484375 
1 0.6767578125 0.1064453125 0.021484375 0.021484375 
0 0.6484375 0.115234375 0.021484375 0.021484375 
1 0.5234375 0.6552734375 0.021484375 0.021484375 
0 0.5693359375 0.7216796875 0.0234375 0.0234375 
0 0.392578125 0.044921875 0.021484375 0.021484375 
1 0.4140625 0.130859375 0.021484375 0.021484375 
0 0.4375 0.265625 0.0224609375 0.0224609375 
1 0.4541015625 0.166015625 0.021484375 0.021484375 
0 0.4453125 0.7421875 0.021484375 0.021484375 
1 0.4677734375 0.25390625 0.021484375 0.021484375 
1 0.482421875 0.310546875 0.021484375 0.021484375 
1 0.4697265625 0.365234375 0.0224609375 0.0224609375 
1 0.2998046875 0.1435546875 0.021484375 0.021484375 
0 0.4267578125 0.3681640625 0.0234375 0.0234375 
0 0.484375 0.646484375 0.0234375 0.0234375 
0 0.609375 0.361328125 0.021484375 0.021484375 
0 0.4130859375 0.1875 0.021484375 0.021484375 
0 0.45703125 0.6552734375 0.0234375 0.0234375 
0 0.533203125 0.8134765625 0.0234375 0.0234375 
0 0.4970703125 0.3349609375 0.021484375 0.021484375 
0 0.591796875 0.59375 0.0234375 0.0234375 
0 0.4296875 0.3115234375 0.0234375 0.0234375 
0 0.494140625 0.392578125 0.021484375 0.021484375 
0 0.4248046875 0.5244140625 0.021484375 0.021484375 
0 0.4248046875 0.4814453125 0.0234375 0.0234375 
0 0.505859375 0.7470703125 0.021484375 0.021484375 
1 0.6484375 0.2197265625 0.021484375 0.021484375 
0 0.3876953125 0.111328125 0.021484375 0.021484375 
0 0.4765625 0.8583984375 0.0224609375 0.0224609375 
0 0.349609375 0.1884765625 0.021484375 0.021484375 
0 0.6904296875 0.134765625 0.021484375 0.021484375 
0 0.537109375 0.29296875 0.0234375 0.0234375 
0 0.662109375 0.1083984375 0.021484375 0.021484375 
