0 0.578125 0.5361328125 0.021484375 0.021484375 
1 0.490234375 0.259765625 0.021484375 0.021484375 
1 0.361328125 0.4384765625 0.0224609375 0.0224609375 
0 0.486328125 0.13671875 0.021484375 0.021484375 
0 0.6318359375 0.138671875 0.0234375 0.0234375 
0 0.6337890625 0.1591796875 0.0234375 0.0234375 
1 0.484375 0.7705078125 0.021484375 0.021484375 
0 0.5849609375 0.2255859375 0.021484375 0.021484375 
0 0.537109375 0.5166015625 0.021484375 0.021484375 
1 0.2861328125 0.1005859375 0.021484375 0.021484375 
0 0.4248046875 0.6875 0.021484375 0.021484375 
1 0.5517578125 0.44921875 0.0224609375 0.0224609375 
0 0.5771484375 0.4404296875 0.021484375 0.021484375 
0 0.591796875 0.3271484375 0.0224609375 0.0224609375 
0 0.5380859375 0.4716796875 0.021484375 0.021484375 
1 0.5693359375 0.046875 0.0224609375 0.0224609375 
1 0.3017578125 0.0390625 0.021484375 0.021484375 
1 0.4921875 0.580078125 0.021484375 0.021484375 
1 0.3369140625 0.18359375 0.021484375 0.021484375 
0 0.4619140625 0.1962890625 0.0224609375 0.0224609375 
1 0.3173828125 0.2080078125 0.0224609375 0.0224609375 
0 0.423828125 0.0615234375 0.021484375 0.021484375 
0 0.5693359375 0.3193359375 0.0234375 0.0234375 
0 0.4091796875 0.5546875 0.0234375 0.0234375 
0 0.48828125 0.8369140625 0.021484375 0.021484375 
0 0.55078125 0.7685546875 0.025390625 0.025390625 
1 0.5791015625 0.666015625 0.0224609375 0.0224609375 
1 0.4150390625 0.6572265625 0.021484375 0.021484375 
0 0.6240234375 0.2666015625 0.021484375 0.021484375 
0 0.626953125 0.466796875 0.021484375 0.021484375 
0 0.49609375 0.3544921875 0.021484375 0.021484375 
0 0.322265625 0.1728515625 0.021484375 0.021484375 
1 0.54296875 0.654296875 0.021484375 0.021484375 
0 0.681640625 0.154296875 0.0224609375 0.0224609375 
0 0.5048828125 0.7333984375 0.021484375 0.021484375 
0 0.5185546875 0.2705078125 0.0234375 0.0234375 
1 0.529296875 0.62109375 0.0224609375 0.0224609375 
1 0.3291015625 0.30078125 0.0224609375 0.0224609375 
0 0.435546875 0.224609375 0.0224609375 0.0224609375 
0 0.4462890625 0.53125 0.0234375 0.0234375 
0 0.4755859375 0.4326171875 0.021484375 0.021484375 
0 0.5341796875 0.1494140625 0.021484375 0.021484375 
0 0.34375 0.2841796875 0.021484375 0.021484375 
0 0.525390625 0.41015625 0.021484375 0.021484375 
1 0.3974609375 0.4140625 0.0224609375 0.0224609375 
1 0.513671875 0.7880859375 0.0234375 0.0234375 
1 0.55859375 0.4169921875 0.0224609375 0.0224609375 
0 0.6328125 0.34375 0.021484375 0.021484375 
0 0.3251953125 0.03125 0.0234375 0.0234375 
0 0.6064453125 0.201171875 0.021484375 0.021484375 
0 0.677734375 0.0556640625 0.0234375 0.0234375 
0 0.5615234375 0.517578125 0.021484375 0.021484375 
0 0.400390625 0.3837890625 0.021484375 0.021484375 
0 0.6455078125 0.1025390625 0.0234375 0.0234375 
0 0.388671875 0.2529296875 0.021484375 0.021484375 
0 0.5029296875 0.4453125 0.0234375 0.0234375 
1 0.533203125 0.8193359375 0.021484375 0.021484375 
0 0.4052734375 0.138671875 0.0234375 0.0234375 
0 0.36328125 0.0361328125 0.021484375 0.021484375 
0 0.546875 0.173828125 0.021484375 0.021484375 
0 0.5771484375 0.3330078125 0.021484375 0.021484375 
0 0.50390625 0.4912109375 0.021484375 0.021484375 
0 0.3818359375 0.0556640625 0.0234375 0.0234375 
0 0.634765625 0.205078125 0.021484375 0.021484375 
0 0.6484375 0.03515625 0.0234375 0.0234375 
0 0.4599609375 0.87109375 0.0224609375 0.0224609375 
0 0.5634765625 0.20703125 0.0234375 0.0234375 
0 0.58203125 0.296875 0.021484375 0.021484375 
0 0.529296875 0.447265625 0.0234375 0.0234375 
0 0.314453125 0.052734375 0.021484375 0.021484375 
0 0.3544921875 0.37890625 0.021484375 0.021484375 
0 0.7177734375 0.0517578125 0.021484375 0.021484375 
0 0.607421875 0.533203125 0.0234375 0.0234375 
0 0.427734375 0.4912109375 0.021484375 0.021484375 
0 0.376953125 0.2734375 0.021484375 0.021484375 
0 0.4755859375 0.875 0.021484375 0.021484375 
0 0.671875 0.13671875 0.021484375 0.021484375 
0 0.447265625 0.0576171875 0.0234375 0.0234375 
0 0.50390625 0.1923828125 0.0234375 0.0234375 
0 0.5458984375 0.7265625 0.021484375 0.021484375 
0 0.6845703125 0.0966796875 0.021484375 0.021484375 
0 0.51171875 0.4013671875 0.0234375 0.0234375 
0 0.4736328125 0.4521484375 0.021484375 0.021484375 
0 0.5556640625 0.646484375 0.021484375 0.021484375 
0 0.3525390625 0.1533203125 0.0234375 0.0234375 
0 0.5634765625 0.234375 0.0224609375 0.0224609375 
1 0.353515625 0.08203125 0.021484375 0.021484375 
1 0.42578125 0.041015625 0.021484375 0.021484375 
0 0.564453125 0.3623046875 0.021484375 0.021484375 
1 0.556640625 0.1240234375 0.0224609375 0.0224609375 
1 0.63671875 0.322265625 0.021484375 0.021484375 
1 0.4345703125 0.541015625 0.021484375 0.021484375 
0 0.4013671875 0.578125 0.021484375 0.021484375 
1 0.47265625 0.58203125 0.021484375 0.021484375 
1 0.54296875 0.30078125 0.021484375 0.021484375 
0 0.451171875 0.13671875 0.021484375 0.021484375 
0 0.4716796875 0.5302734375 0.021484375 0.021484375 
0 0.3759765625 0.3076171875 0.0234375 0.0234375 
1 0.4013671875 0.2294921875 0.0224609375 0.0224609375 
0 0.3740234375 0.3564453125 0.021484375 0.021484375 
0 0.447265625 0.5986328125 0.0234375 0.0234375 
0 0.3974609375 0.435546875 0.0224609375 0.0224609375 
0 0.408203125 0.2880859375 0.0234375 0.0234375 
0 0.6669921875 0.287109375 0.0234375 0.0234375 
0 0.435546875 0.435546875 0.0224609375 0.0224609375 
0 0.6201171875 0.31640625 0.0234375 0.0234375 
0 0.4189453125 0.6376953125 0.0234375 0.0234375 
0 0.66796875 0.0439453125 0.021484375 0.021484375 
0 0.4208984375 0.13671875 0.021484375 0.021484375 
0 0.5947265625 0.556640625 0.0234375 0.0234375 
1 0.65234375 0.30859375 0.021484375 0.021484375 
0 0.513671875 0.6796875 0.021484375 0.021484375 
0 0.5498046875 0.7998046875 0.0224609375 0.0224609375 
1 0.48828125 0.4189453125 0.021484375 0.021484375 
0 0.314453125 0.236328125 0.021484375 0.021484375 
1 0.5166015625 0.8369140625 0.021484375 0.021484375 
0 0.5322265625 0.8359375 0.01953125 0.01953125 
0 0.5771484375 0.1298828125 0.0234375 0.0234375 
1 0.291015625 0.0859375 0.021484375 0.021484375 
0 0.4140625 0.3515625 0.0234375 0.0234375 
0 0.5517578125 0.5048828125 0.0224609375 0.0224609375 
0 0.373046875 0.4560546875 0.021484375 0.021484375 
0 0.5224609375 0.544921875 0.021484375 0.021484375 
0 0.52734375 0.875 0.0224609375 0.0224609375 
0 0.4130859375 0.5078125 0.021484375 0.021484375 
0 0.583984375 0.568359375 0.021484375 0.021484375 
0 0.3896484375 0.5673828125 0.0234375 0.0234375 
0 0.5703125 0.3486328125 0.0234375 0.0234375 
0 0.58984375 0.5029296875 0.021484375 0.021484375 
0 0.521484375 0.1328125 0.021484375 0.021484375 
0 0.5087890625 0.703125 0.021484375 0.021484375 
0 0.501953125 0.599609375 0.0234375 0.0234375 
0 0.4541015625 0.478515625 0.021484375 0.021484375 
0 0.3837890625 0.4013671875 0.0234375 0.0234375 
0 0.462890625 0.27734375 0.021484375 0.021484375 
1 0.71875 0.033203125 0.0224609375 0.0224609375 
1 0.52734375 0.0380859375 0.021484375 0.021484375 
0 0.5146484375 0.75 0.021484375 0.021484375 
0 0.439453125 0.759765625 0.0224609375 0.0224609375 
1 0.6748046875 0.111328125 0.021484375 0.021484375 
0 0.5576171875 0.6044921875 0.0234375 0.0234375 
0 0.5439453125 0.552734375 0.0224609375 0.0224609375 
0 0.2763671875 0.0771484375 0.0234375 0.0234375 
0 0.4736328125 0.845703125 0.01953125 0.01953125 
1 0.544921875 0.578125 0.021484375 0.021484375 
0 0.5693359375 0.48828125 0.0234375 0.0234375 
1 0.6142578125 0.0732421875 0.021484375 0.021484375 
0 0.3759765625 0.19140625 0.021484375 0.021484375 
1 0.359375 0.2509765625 0.0224609375 0.0224609375 
1 0.5302734375 0.7939453125 0.0234375 0.0234375 
0 0.38671875 0.0400390625 0.021484375 0.021484375 
0 0.6162109375 0.10546875 0.0234375 0.0234375 
0 0.44921875 0.037109375 0.0234375 0.0234375 
1 0.4658203125 0.38671875 0.0224609375 0.0224609375 
0 0.3828125 0.5068359375 0.021484375 0.021484375 
0 0.341796875 0.322265625 0.0234375 0.0234375 
1 0.4189453125 0.314453125 0.021484375 0.021484375 
0 0.41796875 0.4267578125 0.021484375 0.021484375 
1 0.451171875 0.345703125 0.021484375 0.021484375 
0 0.421875 0.12109375 0.021484375 0.021484375 
0 0.6484375 0.0849609375 0.021484375 0.021484375 
0 0.615234375 0.4501953125 0.0234375 0.0234375 
0 0.66015625 0.1044921875 0.021484375 0.021484375 
0 0.5205078125 0.3486328125 0.021484375 0.021484375 
0 0.4580078125 0.7080078125 0.0234375 0.0234375 
1 0.51953125 0.1845703125 0.0224609375 0.0224609375 
0 0.4638671875 0.1162109375 0.0234375 0.0234375 
0 0.470703125 0.5576171875 0.0234375 0.0234375 
0 0.5087890625 0.3212890625 0.0234375 0.0234375 
0 0.5576171875 0.5400390625 0.021484375 0.021484375 
0 0.341796875 0.263671875 0.0234375 0.0234375 
0 0.6689453125 0.251953125 0.021484375 0.021484375 
1 0.3984375 0.1669921875 0.021484375 0.021484375 
1 0.47265625 0.6552734375 0.0224609375 0.0224609375 
0 0.4697265625 0.8955078125 0.0234375 0.0234375 
1 0.48828125 0.0537109375 0.021484375 0.021484375 
0 0.3798828125 0.1201171875 0.021484375 0.021484375 
0 0.4287109375 0.6083984375 0.0234375 0.0234375 
0 0.572265625 0.7294921875 0.0224609375 0.0224609375 
0 0.4580078125 0.083984375 0.0234375 0.0234375 
0 0.4951171875 0.4677734375 0.0234375 0.0234375 
1 0.376953125 0.0830078125 0.0224609375 0.0224609375 
0 0.353515625 0.3046875 0.021484375 0.021484375 
0 0.6640625 0.212890625 0.0234375 0.0234375 
0 0.4345703125 0.712890625 0.021484375 0.021484375 
0 0.5966796875 0.484375 0.0224609375 0.0224609375 
0 0.560546875 0.74609375 0.021484375 0.021484375 
1 0.3837890625 0.421875 0.021484375 0.021484375 
1 0.5556640625 0.060546875 0.021484375 0.021484375 
0 0.7041015625 0.0625 0.0234375 0.0234375 
