0 0.6474609375 0.0771484375 0.0224609375 0.0224609375 
1 0.62109375 0.353515625 0.0224609375 0.0224609375 
0 0.302734375 0.1943359375 0.021484375 0.021484375 
0 0.5751953125 0.4462890625 0.0234375 0.0234375 
1 0.4609375 0.1064453125 0.021484375 0.021484375 
1 0.4677734375 0.3173828125 0.0224609375 0.0224609375 
0 0.564453125 0.1044921875 0.0234375 0.0234375 
0 0.42578125 0.5849609375 0.021484375 0.021484375 
0 0.3408203125 0.310546875 0.021484375 0.021484375 
0 0.505859375 0.7177734375 0.0224609375 0.0224609375 
0 0.5966796875 0.458984375 0.0234375 0.0234375 
1 0.6689453125 0.138671875 0.0224609375 0.0224609375 
0 0.421875 0.078125 0.021484375 0.021484375 
1 0.4951171875 0.54296875 0.021484375 0.021484375 
1 0.4375 0.5478515625 0.0224609375 0.0224609375 
1 0.4169921875 0.677734375 0.0224609375 0.0224609375 
1 0.6328125 0.0322265625 0.021484375 0.021484375 
0 0.4736328125 0.5146484375 0.021484375 0.021484375 
0 0.369140625 0.1689453125 0.0234375 0.0234375 
0 0.650390625 0.185546875 0.0234375 0.0234375 
0 0.5068359375 0.7626953125 0.025390625 0.025390625 
0 0.4990234375 0.2578125 0.0234375 0.0234375 
0 0.3330078125 0.2421875 0.0234375 0.0234375 
0 0.5458984375 0.3408203125 0.021484375 0.021484375 
0 0.521484375 0.802734375 0.021484375 0.021484375 
0 0.53515625 0.462890625 0.021484375 0.021484375 
0 0.630859375 0.3818359375 0.0234375 0.0234375 
0 0.396484375 0.3857421875 0.0224609375 0.0224609375 
0 0.50390625 0.701171875 0.021484375 0.021484375 
0 0.5517578125 0.1689453125 0.0234375 0.0234375 
1 0.625 0.4423828125 0.021484375 0.021484375 
0 0.619140625 0.1875 0.021484375 0.021484375 
1 0.43359375 0.18359375 0.021484375 0.021484375 
0 0.431640625 0.3662109375 0.0224609375 0.0224609375 
1 0.57421875 0.2568359375 0.021484375 0.021484375 
1 0.646484375 0.3232421875 0.021484375 0.021484375 
0 0.380859375 0.048828125 0.0234375 0.0234375 
0 0.38671875 0.267578125 0.021484375 0.021484375 
0 0.5751953125 0.380859375 0.021484375 0.021484375 
0 0.6357421875 0.4267578125 0.0224609375 0.0224609375 
0 0.46484375 0.5927734375 0.0234375 0.0234375 
0 0.486328125 0.2919921875 0.021484375 0.021484375 
0 0.6015625 0.275390625 0.021484375 0.021484375 
0 0.5654296875 0.177734375 0.021484375 0.021484375 
0 0.3701171875 0.2158203125 0.021484375 0.021484375 
0 0.6787109375 0.119140625 0.021484375 0.021484375 
1 0.35546875 0.205078125 0.021484375 0.021484375 
0 0.4208984375 0.2265625 0.021484375 0.021484375 
1 0.578125 0.31640625 0.021484375 0.021484375 
1 0.5185546875 0.6044921875 0.0224609375 0.0224609375 
0 0.34375 0.1865234375 0.021484375 0.021484375 
0 0.5224609375 0.1962890625 0.0234375 0.0234375 
0 0.3837890625 0.1728515625 0.021484375 0.021484375 
0 0.6962890625 0.03125 0.021484375 0.021484375 
0 0.525390625 0.0830078125 0.0224609375 0.0224609375 
0 0.30859375 0.2109375 0.0224609375 0.0224609375 
0 0.6318359375 0.0751953125 0.021484375 0.021484375 
0 0.529296875 0.8935546875 0.021484375 0.021484375 
1 0.544921875 0.4111328125 0.021484375 0.021484375 
0 0.427734375 0.1572265625 0.021484375 0.021484375 
1 0.587890625 0.134765625 0.021484375 0.021484375 
0 0.3837890625 0.1884765625 0.0224609375 0.0224609375 
0 0.4091796875 0.2021484375 0.0234375 0.0234375 
0 0.6669921875 0.0400390625 0.0234375 0.0234375 
0 0.541015625 0.3564453125 0.0234375 0.0234375 
1 0.3798828125 0.4521484375 0.021484375 0.021484375 
1 0.5654296875 0.4580078125 0.021484375 0.021484375 
0 0.6640625 0.10546875 0.021484375 0.021484375 
0 0.416015625 0.03125 0.021484375 0.021484375 
1 0.5078125 0.419921875 0.021484375 0.021484375 
0 0.4794921875 0.66796875 0.0224609375 0.0224609375 
0 0.45703125 0.69921875 0.021484375 0.021484375 
0 0.4814453125 0.3525390625 0.021484375 0.021484375 
0 0.5439453125 0.2216796875 0.0224609375 0.0224609375 
0 0.57421875 0.6396484375 0.021484375 0.021484375 
0 0.2880859375 0.037109375 0.0234375 0.0234375 
0 0.4072265625 0.400390625 0.021484375 0.021484375 
0 0.6513671875 0.1591796875 0.021484375 0.021484375 
1 0.5322265625 0.1103515625 0.021484375 0.021484375 
0 0.4501953125 0.677734375 0.0234375 0.0234375 
1 0.59375 0.306640625 0.021484375 0.021484375 
0 0.3486328125 0.0302734375 0.021484375 0.021484375 
0 0.5224609375 0.3486328125 0.021484375 0.021484375 
1 0.392578125 0.583984375 0.021484375 0.021484375 
0 0.3134765625 0.0341796875 0.021484375 0.021484375 
0 0.431640625 0.5087890625 0.021484375 0.021484375 
1 0.5517578125 0.0439453125 0.021484375 0.021484375 
0 0.474609375 0.3037109375 0.0234375 0.0234375 
0 0.4736328125 0.4794921875 0.0234375 0.0234375 
0 0.5908203125 0.357421875 0.021484375 0.021484375 
0 0.5341796875 0.5615234375 0.0234375 0.0234375 
0 0.478515625 0.111328125 0.0234375 0.0234375 
1 0.326171875 0.279296875 0.0224609375 0.0224609375 
1 0.6396484375 0.3984375 0.0224609375 0.0224609375 
1 0.5732421875 0.7216796875 0.0224609375 0.0224609375 
0 0.685546875 0.185546875 0.021484375 0.021484375 
0 0.322265625 0.1396484375 0.021484375 0.021484375 
0 0.38671875 0.521484375 0.0234375 0.0234375 
0 0.4091796875 0.1171875 0.0224609375 0.0224609375 
0 0.6201171875 0.0869140625 0.021484375 0.021484375 
0 0.47265625 0.283203125 0.021484375 0.021484375 
0 0.4736328125 0.533203125 0.021484375 0.021484375 
0 0.5087890625 0.0869140625 0.0234375 0.0234375 
1 0.6044921875 0.1982421875 0.0224609375 0.0224609375 
0 0.35546875 0.1044921875 0.0234375 0.0234375 
1 0.494140625 0.8818359375 0.021484375 0.021484375 
0 0.5595703125 0.263671875 0.0224609375 0.0224609375 
0 0.4892578125 0.0673828125 0.021484375 0.021484375 
0 0.6162109375 0.1142578125 0.0234375 0.0234375 
0 0.421875 0.552734375 0.021484375 0.021484375 
0 0.462890625 0.3857421875 0.021484375 0.021484375 
