1 0.26953125 0.0322265625 0.021484375 0.021484375 
0 0.4150390625 0.0322265625 0.021484375 0.021484375 
1 0.484375 0.1943359375 0.0224609375 0.0224609375 
1 0.51953125 0.04296875 0.021484375 0.021484375 
0 0.69921875 0.05859375 0.0234375 0.0234375 
1 0.369140625 0.068359375 0.021484375 0.021484375 
0 0.5205078125 0.783203125 0.01953125 0.01953125 
0 0.642578125 0.08203125 0.021484375 0.021484375 
0 0.51171875 0.173828125 0.0234375 0.0234375 
0 0.61328125 0.21484375 0.0234375 0.0234375 
0 0.5703125 0.4208984375 0.0224609375 0.0224609375 
1 0.3779296875 0.16796875 0.021484375 0.021484375 
0 0.4140625 0.2392578125 0.0234375 0.0234375 
0 0.5615234375 0.384765625 0.021484375 0.021484375 
1 0.3828125 0.1201171875 0.021484375 0.021484375 
0 0.4609375 0.3154296875 0.0234375 0.0234375 
0 0.400390625 0.1640625 0.021484375 0.021484375 
1 0.423828125 0.4052734375 0.021484375 0.021484375 
1 0.599609375 0.365234375 0.021484375 0.021484375 
0 0.53515625 0.33984375 0.0224609375 0.0224609375 
0 0.4833984375 0.306640625 0.021484375 0.021484375 
0 0.5068359375 0.484375 0.0234375 0.0234375 
0 0.5869140625 0.623046875 0.0234375 0.0234375 
0 0.4951171875 0.439453125 0.021484375 0.021484375 
0 0.384765625 0.3017578125 0.021484375 0.021484375 
1 0.4775390625 0.8447265625 0.0234375 0.0234375 
0 0.42578125 0.271484375 0.0234375 0.0234375 
0 0.4716796875 0.3525390625 0.021484375 0.021484375 
0 0.6142578125 0.0341796875 0.021484375 0.021484375 
0 0.546875 0.7685546875 0.025390625 0.025390625 
0 0.3896484375 0.26171875 0.0234375 0.0234375 
1 0.4521484375 0.7294921875 0.0224609375 0.0224609375 
0 0.4873046875 0.8837890625 0.0224609375 0.0224609375 
0 0.4736328125 0.083984375 0.0234375 0.0234375 
0 0.3671875 0.0341796875 0.0224609375 0.0224609375 
0 0.4814453125 0.8203125 0.021484375 0.021484375 
0 0.322265625 0.0390625 0.0234375 0.0234375 
0 0.5458984375 0.4775390625 0.0234375 0.0234375 
0 0.416015625 0.4482421875 0.021484375 0.021484375 
0 0.513671875 0.7548828125 0.0234375 0.0234375 
0 0.2978515625 0.0791015625 0.0234375 0.0234375 
0 0.5244140625 0.3876953125 0.0224609375 0.0224609375 
0 0.6162109375 0.46484375 0.021484375 0.021484375 
0 0.46875 0.6455078125 0.021484375 0.021484375 
0 0.3720703125 0.2841796875 0.021484375 0.021484375 
1 0.4443359375 0.6328125 0.021484375 0.021484375 
1 0.3310546875 0.107421875 0.021484375 0.021484375 
0 0.5341796875 0.255859375 0.0224609375 0.0224609375 
1 0.576171875 0.5908203125 0.021484375 0.021484375 
1 0.4033203125 0.3603515625 0.021484375 0.021484375 
0 0.5859375 0.1259765625 0.021484375 0.021484375 
1 0.4677734375 0.2109375 0.021484375 0.021484375 
0 0.6455078125 0.2373046875 0.021484375 0.021484375 
0 0.646484375 0.21875 0.0234375 0.0234375 
0 0.54296875 0.5615234375 0.0234375 0.0234375 
0 0.4072265625 0.21875 0.0234375 0.0234375 
0 0.537109375 0.45703125 0.021484375 0.021484375 
0 0.6845703125 0.126953125 0.0224609375 0.0224609375 
0 0.4384765625 0.43359375 0.021484375 0.021484375 
0 0.4638671875 0.3720703125 0.021484375 0.021484375 
0 0.484375 0.6474609375 0.021484375 0.021484375 
1 0.6357421875 0.27734375 0.0224609375 0.0224609375 
0 0.4501953125 0.3466796875 0.021484375 0.021484375 
0 0.5869140625 0.1591796875 0.0234375 0.0234375 
0 0.5869140625 0.1953125 0.021484375 0.021484375 
0 0.548828125 0.0625 0.0234375 0.0234375 
0 0.4892578125 0.4755859375 0.021484375 0.021484375 
0 0.4267578125 0.5595703125 0.0234375 0.0234375 
0 0.435546875 0.578125 0.021484375 0.021484375 
0 0.560546875 0.2607421875 0.021484375 0.021484375 
0 0.701171875 0.0751953125 0.0234375 0.0234375 
1 0.5244140625 0.7333984375 0.021484375 0.021484375 
0 0.6533203125 0.1103515625 0.021484375 0.021484375 
0 0.4541015625 0.6650390625 0.021484375 0.021484375 
0 0.58203125 0.5263671875 0.021484375 0.021484375 
0 0.5791015625 0.44921875 0.021484375 0.021484375 
1 0.5146484375 0.19140625 0.021484375 0.021484375 
0 0.5712890625 0.3037109375 0.021484375 0.021484375 
0 0.677734375 0.0576171875 0.021484375 0.021484375 
0 0.3681640625 0.1240234375 0.021484375 0.021484375 
1 0.623046875 0.0810546875 0.021484375 0.021484375 
0 0.5546875 0.748046875 0.0224609375 0.0224609375 
1 0.4052734375 0.4013671875 0.021484375 0.021484375 
0 0.6064453125 0.4912109375 0.021484375 0.021484375 
1 0.462890625 0.49609375 0.0224609375 0.0224609375 
0 0.6328125 0.1474609375 0.0234375 0.0234375 
0 0.5 0.0908203125 0.021484375 0.021484375 
0 0.4365234375 0.158203125 0.021484375 0.021484375 
0 0.6484375 0.294921875 0.0224609375 0.0224609375 
0 0.5712890625 0.06640625 0.0234375 0.0234375 
0 0.4150390625 0.203125 0.0224609375 0.0224609375 
0 0.43359375 0.177734375 0.0234375 0.0234375 
0 0.5380859375 0.716796875 0.021484375 0.021484375 
0 0.5322265625 0.5986328125 0.0234375 0.0234375 
1 0.5732421875 0.4697265625 0.0224609375 0.0224609375 
1 0.55859375 0.7275390625 0.021484375 0.021484375 
1 0.6494140625 0.0458984375 0.0224609375 0.0224609375 
0 0.62890625 0.296875 0.0234375 0.0234375 
1 0.51953125 0.580078125 0.0224609375 0.0224609375 
1 0.3623046875 0.205078125 0.0224609375 0.0224609375 
1 0.5712890625 0.2421875 0.0224609375 0.0224609375 
0 0.404296875 0.25390625 0.021484375 0.021484375 
0 0.4462890625 0.1220703125 0.021484375 0.021484375 
0 0.40625 0.4697265625 0.021484375 0.021484375 
0 0.5869140625 0.0732421875 0.0234375 0.0234375 
0 0.501953125 0.673828125 0.021484375 0.021484375 
0 0.3251953125 0.1845703125 0.021484375 0.021484375 
0 0.5439453125 0.6640625 0.0234375 0.0234375 
1 0.3271484375 0.25390625 0.021484375 0.021484375 
1 0.5810546875 0.3857421875 0.0224609375 0.0224609375 
0 0.59765625 0.390625 0.021484375 0.021484375 
0 0.541015625 0.5439453125 0.021484375 0.021484375 
0 0.36328125 0.453125 0.021484375 0.021484375 
0 0.4912109375 0.4130859375 0.0224609375 0.0224609375 
0 0.33203125 0.150390625 0.0224609375 0.0224609375 
0 0.4267578125 0.4208984375 0.021484375 0.021484375 
0 0.541015625 0.0830078125 0.0234375 0.0234375 
0 0.3466796875 0.255859375 0.0234375 0.0234375 
0 0.443359375 0.06640625 0.0224609375 0.0224609375 
0 0.427734375 0.349609375 0.021484375 0.021484375 
1 0.392578125 0.3271484375 0.021484375 0.021484375 
0 0.484375 0.126953125 0.021484375 0.021484375 
1 0.5 0.7373046875 0.021484375 0.021484375 
0 0.6455078125 0.0625 0.0224609375 0.0224609375 
1 0.53125 0.2880859375 0.021484375 0.021484375 
0 0.5439453125 0.501953125 0.021484375 0.021484375 
0 0.6220703125 0.1875 0.021484375 0.021484375 
0 0.5634765625 0.4853515625 0.0224609375 0.0224609375 
0 0.548828125 0.42578125 0.0234375 0.0234375 
0 0.34375 0.2138671875 0.0234375 0.0234375 
0 0.591796875 0.4775390625 0.0224609375 0.0224609375 
1 0.4091796875 0.4169921875 0.021484375 0.021484375 
0 0.5390625 0.7861328125 0.025390625 0.025390625 
0 0.5068359375 0.8173828125 0.0224609375 0.0224609375 
0 0.51171875 0.3193359375 0.0234375 0.0234375 
0 0.4990234375 0.056640625 0.021484375 0.021484375 
1 0.44921875 0.7509765625 0.021484375 0.021484375 
0 0.2919921875 0.0498046875 0.0224609375 0.0224609375 
0 0.4658203125 0.76953125 0.0234375 0.0234375 
1 0.4013671875 0.4384765625 0.0224609375 0.0224609375 
0 0.533203125 0.3154296875 0.0234375 0.0234375 
0 0.4755859375 0.8701171875 0.021484375 0.021484375 
0 0.3515625 0.0966796875 0.021484375 0.021484375 
1 0.4951171875 0.8271484375 0.0234375 0.0234375 
0 0.5517578125 0.2421875 0.0234375 0.0234375 
0 0.583984375 0.26953125 0.0234375 0.0234375 
0 0.51171875 0.4091796875 0.021484375 0.021484375 
0 0.427734375 0.22265625 0.021484375 0.021484375 
0 0.3486328125 0.345703125 0.021484375 0.021484375 
0 0.4921875 0.2294921875 0.0224609375 0.0224609375 
0 0.5869140625 0.1044921875 0.0234375 0.0234375 
0 0.41015625 0.5234375 0.021484375 0.021484375 
0 0.4443359375 0.2646484375 0.021484375 0.021484375 
0 0.3037109375 0.0966796875 0.021484375 0.021484375 
0 0.4892578125 0.3779296875 0.021484375 0.021484375 
0 0.5732421875 0.671875 0.0234375 0.0234375 
0 0.44921875 0.0478515625 0.0234375 0.0234375 
0 0.509765625 0.552734375 0.0234375 0.0234375 
0 0.470703125 0.580078125 0.021484375 0.021484375 
0 0.40625 0.603515625 0.0224609375 0.0224609375 
0 0.4697265625 0.53125 0.0234375 0.0234375 
0 0.4189453125 0.310546875 0.0234375 0.0234375 
0 0.40625 0.189453125 0.021484375 0.021484375 
0 0.5029296875 0.453125 0.021484375 0.021484375 
0 0.4619140625 0.8115234375 0.0224609375 0.0224609375 
0 0.5166015625 0.2197265625 0.0234375 0.0234375 
1 0.41015625 0.2822265625 0.0224609375 0.0224609375 
0 0.4482421875 0.38671875 0.0234375 0.0234375 
0 0.5146484375 0.2724609375 0.0224609375 0.0224609375 
0 0.416015625 0.5419921875 0.021484375 0.021484375 
0 0.5419921875 0.642578125 0.0234375 0.0234375 
