0 0.375 0.4736328125 0.0224609375 0.0224609375 
1 0.55859375 0.7197265625 0.021484375 0.021484375 
1 0.390625 0.3779296875 0.021484375 0.021484375 
0 0.453125 0.6669921875 0.0234375 0.0234375 
1 0.62109375 0.4775390625 0.0224609375 0.0224609375 
1 0.3837890625 0.1728515625 0.0224609375 0.0224609375 
0 0.423828125 0.076171875 0.0234375 0.0234375 
0 0.5478515625 0.056640625 0.0234375 0.0234375 
0 0.51171875 0.0908203125 0.0224609375 0.0224609375 
0 0.4658203125 0.408203125 0.0224609375 0.0224609375 
1 0.416015625 0.5576171875 0.021484375 0.021484375 
0 0.3603515625 0.037109375 0.0234375 0.0234375 
0 0.3994140625 0.2412109375 0.021484375 0.021484375 
0 0.3828125 0.236328125 0.021484375 0.021484375 
0 0.5244140625 0.35546875 0.0234375 0.0234375 
0 0.5859375 0.3525390625 0.021484375 0.021484375 
1 0.6650390625 0.2607421875 0.0224609375 0.0224609375 
0 0.5458984375 0.5361328125 0.021484375 0.021484375 
0 0.45703125 0.8154296875 0.0224609375 0.0224609375 
1 0.5791015625 0.615234375 0.0224609375 0.0224609375 
0 0.6787109375 0.041015625 0.021484375 0.021484375 
0 0.53515625 0.5224609375 0.021484375 0.021484375 
0 0.6015625 0.4677734375 0.0224609375 0.0224609375 
0 0.44921875 0.18359375 0.0234375 0.0234375 
0 0.3515625 0.396484375 0.021484375 0.021484375 
1 0.4384765625 0.6005859375 0.0224609375 0.0224609375 
0 0.3994140625 0.392578125 0.021484375 0.021484375 
0 0.4765625 0.6435546875 0.021484375 0.021484375 
0 0.5615234375 0.603515625 0.021484375 0.021484375 
0 0.5126953125 0.1884765625 0.021484375 0.021484375 
0 0.443359375 0.232421875 0.021484375 0.021484375 
1 0.4931640625 0.595703125 0.021484375 0.021484375 
1 0.4482421875 0.7041015625 0.021484375 0.021484375 
0 0.33984375 0.205078125 0.0234375 0.0234375 
0 0.3310546875 0.275390625 0.0234375 0.0234375 
0 0.5322265625 0.6650390625 0.021484375 0.021484375 
0 0.515625 0.583984375 0.0234375 0.0234375 
0 0.4521484375 0.44921875 0.0234375 0.0234375 
0 0.4833984375 0.83203125 0.0224609375 0.0224609375 
1 0.453125 0.7783203125 0.0234375 0.0234375 
0 0.5419921875 0.1533203125 0.0234375 0.0234375 
0 0.404296875 0.5703125 0.0234375 0.0234375 
0 0.5107421875 0.8173828125 0.0224609375 0.0224609375 
0 0.5185546875 0.7060546875 0.021484375 0.021484375 
0 0.5419921875 0.6123046875 0.021484375 0.021484375 
0 0.3466796875 0.158203125 0.021484375 0.021484375 
0 0.4208984375 0.1005859375 0.021484375 0.021484375 
0 0.49609375 0.794921875 0.0234375 0.0234375 
1 0.572265625 0.337890625 0.021484375 0.021484375 
0 0.47265625 0.2021484375 0.0234375 0.0234375 
0 0.513671875 0.060546875 0.021484375 0.021484375 
1 0.6630859375 0.30078125 0.021484375 0.021484375 
1 0.509765625 0.119140625 0.021484375 0.021484375 
1 0.701171875 0.0986328125 0.021484375 0.021484375 
0 0.60546875 0.17578125 0.021484375 0.021484375 
0 0.5283203125 0.6806640625 0.021484375 0.021484375 
1 0.4521484375 0.32421875 0.0224609375 0.0224609375 
0 0.466796875 0.0576171875 0.0234375 0.0234375 
1 0.5283203125 0.82421875 0.021484375 0.021484375 
0 0.390625 0.119140625 0.021484375 0.021484375 
0 0.419921875 0.5 0.0224609375 0.0224609375 
0 0.578125 0.693359375 0.021484375 0.021484375 
0 0.2998046875 0.142578125 0.0234375 0.0234375 
0 0.6376953125 0.4130859375 0.021484375 0.021484375 
0 0.3251953125 0.1787109375 0.021484375 0.021484375 
1 0.71875 0.046875 0.021484375 0.021484375 
0 0.5419921875 0.33984375 0.0224609375 0.0224609375 
1 0.4326171875 0.3125 0.021484375 0.021484375 
0 0.4677734375 0.7841796875 0.0224609375 0.0224609375 
0 0.6201171875 0.08984375 0.021484375 0.021484375 
0 0.6484375 0.1787109375 0.021484375 0.021484375 
0 0.3583984375 0.3779296875 0.0234375 0.0234375 
0 0.6064453125 0.3125 0.021484375 0.021484375 
0 0.693359375 0.1591796875 0.0234375 0.0234375 
0 0.4892578125 0.6513671875 0.021484375 0.021484375 
0 0.509765625 0.2587890625 0.021484375 0.021484375 
0 0.5341796875 0.2041015625 0.021484375 0.021484375 
0 0.3447265625 0.2421875 0.021484375 0.021484375 
1 0.4453125 0.7353515625 0.021484375 0.021484375 
0 0.5458984375 0.6396484375 0.021484375 0.021484375 
0 0.4443359375 0.490234375 0.021484375 0.021484375 
0 0.4208984375 0.279296875 0.0224609375 0.0224609375 
1 0.326171875 0.138671875 0.0224609375 0.0224609375 
0 0.68359375 0.1845703125 0.021484375 0.021484375 
1 0.37890625 0.1025390625 0.0224609375 0.0224609375 
1 0.4169921875 0.310546875 0.021484375 0.021484375 
0 0.4814453125 0.0703125 0.0234375 0.0234375 
0 0.544921875 0.837890625 0.0224609375 0.0224609375 
0 0.4951171875 0.3095703125 0.0234375 0.0234375 
0 0.4853515625 0.1025390625 0.0224609375 0.0224609375 
0 0.4150390625 0.1298828125 0.021484375 0.021484375 
0 0.42578125 0.423828125 0.021484375 0.021484375 
0 0.310546875 0.0390625 0.021484375 0.021484375 
0 0.58984375 0.28125 0.021484375 0.021484375 
1 0.4853515625 0.51953125 0.021484375 0.021484375 
0 0.509765625 0.8447265625 0.021484375 0.021484375 
0 0.46875 0.166015625 0.0224609375 0.0224609375 
0 0.404296875 0.595703125 0.0234375 0.0234375 
0 0.5546875 0.2783203125 0.0234375 0.0234375 
0 0.345703125 0.0615234375 0.021484375 0.021484375 
0 0.5537109375 0.3837890625 0.0234375 0.0234375 
1 0.4013671875 0.2958984375 0.0224609375 0.0224609375 
0 0.3740234375 0.208984375 0.0224609375 0.0224609375 
0 0.482421875 0.3486328125 0.0234375 0.0234375 
0 0.55859375 0.5625 0.021484375 0.021484375 
1 0.400390625 0.2626953125 0.021484375 0.021484375 
1 0.66796875 0.2265625 0.021484375 0.021484375 
