0 0.52734375 0.7880859375 0.0234375 0.0234375 
1 0.45703125 0.4755859375 0.021484375 0.021484375 
0 0.4990234375 0.1259765625 0.0234375 0.0234375 
0 0.5283203125 0.5791015625 0.021484375 0.021484375 
0 0.3740234375 0.1875 0.021484375 0.021484375 
0 0.591796875 0.4384765625 0.021484375 0.021484375 
0 0.4365234375 0.6162109375 0.0234375 0.0234375 
0 0.466796875 0.4091796875 0.0224609375 0.0224609375 
0 0.44921875 0.0712890625 0.0234375 0.0234375 
0 0.52734375 0.6298828125 0.0234375 0.0234375 
0 0.6484375 0.2802734375 0.021484375 0.021484375 
0 0.6015625 0.046875 0.021484375 0.021484375 
0 0.5615234375 0.1552734375 0.0234375 0.0234375 
0 0.4970703125 0.6748046875 0.0224609375 0.0224609375 
1 0.287109375 0.08203125 0.0224609375 0.0224609375 
0 0.486328125 0.783203125 0.021484375 0.021484375 
0 0.5341796875 0.84375 0.025390625 0.025390625 
0 0.6435546875 0.0478515625 0.0234375 0.0234375 
0 0.498046875 0.306640625 0.021484375 0.021484375 
0 0.4990234375 0.2724609375 0.021484375 0.021484375 
0 0.68359375 0.2021484375 0.0234375 0.0234375 
0 0.3525390625 0.29296875 0.021484375 0.021484375 
1 0.533203125 0.0556640625 0.0224609375 0.0224609375 
0 0.505859375 0.1728515625 0.021484375 0.021484375 
0 0.35546875 0.1767578125 0.0224609375 0.0224609375 
0 0.4931640625 0.8642578125 0.0224609375 0.0224609375 
0 0.3935546875 0.3388671875 0.0234375 0.0234375 
1 0.580078125 0.3115234375 0.0224609375 0.0224609375 
0 0.337890625 0.2041015625 0.021484375 0.021484375 
0 0.5390625 0.341796875 0.0224609375 0.0224609375 
0 0.564453125 0.0380859375 0.021484375 0.021484375 
0 0.486328125 0.384765625 0.021484375 0.021484375 
1 0.44921875 0.6435546875 0.0224609375 0.0224609375 
1 0.544921875 0.4951171875 0.021484375 0.021484375 
1 0.6328125 0.2734375 0.0224609375 0.0224609375 
0 0.3779296875 0.361328125 0.0234375 0.0234375 
0 0.48046875 0.0576171875 0.021484375 0.021484375 
0 0.4658203125 0.0556640625 0.0234375 0.0234375 
0 0.3759765625 0.3125 0.0234375 0.0234375 
1 0.4833984375 0.1611328125 0.0224609375 0.0224609375 
0 0.63671875 0.0791015625 0.0234375 0.0234375 
0 0.6064453125 0.1357421875 0.021484375 0.021484375 
0 0.642578125 0.2060546875 0.0234375 0.0234375 
0 0.4287109375 0.2392578125 0.021484375 0.021484375 
1 0.4658203125 0.31640625 0.0224609375 0.0224609375 
0 0.4833984375 0.798828125 0.025390625 0.025390625 
1 0.6455078125 0.2470703125 0.021484375 0.021484375 
0 0.447265625 0.2705078125 0.021484375 0.021484375 
1 0.5263671875 0.158203125 0.021484375 0.021484375 
1 0.4853515625 0.3193359375 0.0224609375 0.0224609375 
0 0.5205078125 0.130859375 0.021484375 0.021484375 
0 0.4677734375 0.3720703125 0.0224609375 0.0224609375 
1 0.484375 0.126953125 0.021484375 0.021484375 
0 0.435546875 0.5185546875 0.0234375 0.0234375 
0 0.6298828125 0.4345703125 0.0234375 0.0234375 
0 0.43359375 0.396484375 0.021484375 0.021484375 
1 0.529296875 0.4404296875 0.021484375 0.021484375 
0 0.4521484375 0.033203125 0.0234375 0.0234375 
0 0.556640625 0.11328125 0.021484375 0.021484375 
0 0.5380859375 0.7216796875 0.021484375 0.021484375 
1 0.576171875 0.0927734375 0.0224609375 0.0224609375 
0 0.373046875 0.1201171875 0.021484375 0.021484375 
0 0.46875 0.701171875 0.021484375 0.021484375 
0 0.478515625 0.10546875 0.021484375 0.021484375 
0 0.521484375 0.5927734375 0.021484375 0.021484375 
0 0.52734375 0.203125 0.021484375 0.021484375 
0 0.5908203125 0.24609375 0.021484375 0.021484375 
0 0.4482421875 0.7958984375 0.0224609375 0.0224609375 
0 0.470703125 0.6533203125 0.0234375 0.0234375 
0 0.44921875 0.1875 0.021484375 0.021484375 
0 0.65234375 0.3251953125 0.0234375 0.0234375 
0 0.3896484375 0.4658203125 0.021484375 0.021484375 
0 0.623046875 0.240234375 0.021484375 0.021484375 
0 0.4921875 0.3447265625 0.021484375 0.021484375 
0 0.5537109375 0.5888671875 0.0234375 0.0234375 
0 0.548828125 0.6796875 0.021484375 0.021484375 
0 0.419921875 0.6875 0.021484375 0.021484375 
0 0.4755859375 0.2822265625 0.021484375 0.021484375 
0 0.6083984375 0.1201171875 0.021484375 0.021484375 
0 0.6142578125 0.4482421875 0.0234375 0.0234375 
1 0.3125 0.2353515625 0.0224609375 0.0224609375 
