0 0.5322265625 0.365234375 0.021484375 0.021484375 
0 0.4501953125 0.6240234375 0.0234375 0.0234375 
1 0.4072265625 0.169921875 0.021484375 0.021484375 
0 0.53515625 0.458984375 0.021484375 0.021484375 
0 0.6650390625 0.126953125 0.021484375 0.021484375 
0 0.4091796875 0.541015625 0.0234375 0.0234375 
0 0.509765625 0.740234375 0.0224609375 0.0224609375 
0 0.4384765625 0.5576171875 0.021484375 0.021484375 
1 0.400390625 0.48828125 0.021484375 0.021484375 
0 0.517578125 0.0625 0.0234375 0.0234375 
0 0.5986328125 0.1298828125 0.021484375 0.021484375 
0 0.353515625 0.2109375 0.021484375 0.021484375 
0 0.6220703125 0.0771484375 0.021484375 0.021484375 
0 0.6005859375 0.4658203125 0.0234375 0.0234375 
0 0.6162109375 0.5009765625 0.021484375 0.021484375 
0 0.4921875 0.4384765625 0.021484375 0.021484375 
1 0.478515625 0.5234375 0.021484375 0.021484375 
1 0.5791015625 0.330078125 0.021484375 0.021484375 
1 0.7041015625 0.109375 0.021484375 0.021484375 
0 0.3349609375 0.11328125 0.021484375 0.021484375 
0 0.439453125 0.2919921875 0.0234375 0.0234375 
1 0.505859375 0.693359375 0.021484375 0.021484375 
0 0.5322265625 0.1669921875 0.021484375 0.021484375 
1 0.57421875 0.4384765625 0.021484375 0.021484375 
1 0.515625 0.5498046875 0.021484375 0.021484375 
1 0.529296875 0.146484375 0.0224609375 0.0224609375 
0 0.65234375 0.2177734375 0.021484375 0.021484375 
1 0.4775390625 0.21484375 0.021484375 0.021484375 
0 0.322265625 0.0869140625 0.021484375 0.021484375 
0 0.458984375 0.0927734375 0.021484375 0.021484375 
0 0.341796875 0.234375 0.0224609375 0.0224609375 
0 0.498046875 0.783203125 0.021484375 0.021484375 
0 0.5009765625 0.1748046875 0.0234375 0.0234375 
1 0.46875 0.318359375 0.021484375 0.021484375 
1 0.4814453125 0.8134765625 0.021484375 0.021484375 
1 0.5341796875 0.533203125 0.021484375 0.021484375 
0 0.4833984375 0.2451171875 0.021484375 0.021484375 
0 0.3173828125 0.1826171875 0.021484375 0.021484375 
0 0.38671875 0.1796875 0.0234375 0.0234375 
0 0.591796875 0.060546875 0.021484375 0.021484375 
0 0.4482421875 0.736328125 0.021484375 0.021484375 
0 0.41015625 0.240234375 0.0234375 0.0234375 
0 0.3876953125 0.2373046875 0.021484375 0.021484375 
1 0.7099609375 0.033203125 0.0224609375 0.0224609375 
0 0.5224609375 0.48046875 0.021484375 0.021484375 
0 0.5703125 0.740234375 0.021484375 0.021484375 
0 0.484375 0.3515625 0.0234375 0.0234375 
0 0.45703125 0.25390625 0.021484375 0.021484375 
0 0.513671875 0.35546875 0.021484375 0.021484375 
0 0.51953125 0.1806640625 0.021484375 0.021484375 
0 0.40625 0.0693359375 0.021484375 0.021484375 
1 0.4609375 0.345703125 0.0224609375 0.0224609375 
0 0.564453125 0.4677734375 0.021484375 0.021484375 
0 0.482421875 0.7001953125 0.0234375 0.0234375 
1 0.43359375 0.0927734375 0.021484375 0.021484375 
0 0.41796875 0.6162109375 0.021484375 0.021484375 
0 0.4423828125 0.1484375 0.021484375 0.021484375 
0 0.4208984375 0.681640625 0.0234375 0.0234375 
1 0.4833984375 0.73046875 0.021484375 0.021484375 
0 0.3671875 0.4521484375 0.021484375 0.021484375 
0 0.609375 0.369140625 0.0234375 0.0234375 
0 0.416015625 0.51171875 0.021484375 0.021484375 
0 0.447265625 0.228515625 0.021484375 0.021484375 
0 0.31640625 0.1611328125 0.021484375 0.021484375 
1 0.3701171875 0.3779296875 0.021484375 0.021484375 
0 0.5693359375 0.3515625 0.021484375 0.021484375 
0 0.474609375 0.42578125 0.021484375 0.021484375 
1 0.4638671875 0.689453125 0.021484375 0.021484375 
1 0.3603515625 0.3271484375 0.0224609375 0.0224609375 
0 0.4072265625 0.6025390625 0.021484375 0.021484375 
0 0.52734375 0.408203125 0.0234375 0.0234375 
0 0.38671875 0.4736328125 0.0234375 0.0234375 
1 0.587890625 0.1435546875 0.021484375 0.021484375 
0 0.5966796875 0.0322265625 0.021484375 0.021484375 
1 0.5634765625 0.5712890625 0.0224609375 0.0224609375 
1 0.2978515625 0.140625 0.021484375 0.021484375 
0 0.521484375 0.5224609375 0.021484375 0.021484375 
0 0.4541015625 0.646484375 0.0234375 0.0234375 
0 0.478515625 0.1640625 0.0234375 0.0234375 
0 0.6494140625 0.1484375 0.021484375 0.021484375 
0 0.478515625 0.3740234375 0.021484375 0.021484375 
1 0.4453125 0.26953125 0.0224609375 0.0224609375 
0 0.4677734375 0.4775390625 0.021484375 0.021484375 
0 0.4921875 0.71484375 0.021484375 0.021484375 
0 0.576171875 0.521484375 0.021484375 0.021484375 
0 0.43359375 0.501953125 0.0224609375 0.0224609375 
0 0.419921875 0.4833984375 0.021484375 0.021484375 
0 0.51953125 0.669921875 0.021484375 0.021484375 
0 0.4384765625 0.595703125 0.0234375 0.0234375 
0 0.486328125 0.0302734375 0.021484375 0.021484375 
1 0.41796875 0.43359375 0.021484375 0.021484375 
0 0.3974609375 0.3818359375 0.0234375 0.0234375 
0 0.66015625 0.0830078125 0.0234375 0.0234375 
0 0.5927734375 0.611328125 0.0224609375 0.0224609375 
1 0.6015625 0.42578125 0.021484375 0.021484375 
0 0.4755859375 0.5673828125 0.0234375 0.0234375 
0 0.32421875 0.2685546875 0.0224609375 0.0224609375 
1 0.64453125 0.287109375 0.021484375 0.021484375 
0 0.423828125 0.4111328125 0.021484375 0.021484375 
1 0.59375 0.58984375 0.021484375 0.021484375 
0 0.4892578125 0.595703125 0.0224609375 0.0224609375 
1 0.501953125 0.623046875 0.0224609375 0.0224609375 
1 0.5 0.1337890625 0.021484375 0.021484375 
1 0.4755859375 0.5390625 0.021484375 0.021484375 
0 0.5283203125 0.6162109375 0.021484375 0.021484375 
0 0.505859375 0.6376953125 0.0234375 0.0234375 
1 0.6328125 0.109375 0.0224609375 0.0224609375 
0 0.5126953125 0.396484375 0.0234375 0.0234375 
0 0.615234375 0.287109375 0.021484375 0.021484375 
0 0.505859375 0.89453125 0.0234375 0.0234375 
0 0.6103515625 0.15234375 0.0224609375 0.0224609375 
0 0.673828125 0.0927734375 0.021484375 0.021484375 
0 0.6171875 0.1142578125 0.0234375 0.0234375 
0 0.3583984375 0.0439453125 0.0234375 0.0234375 
1 0.552734375 0.4775390625 0.0224609375 0.0224609375 
0 0.4169921875 0.3505859375 0.021484375 0.021484375 
0 0.5390625 0.1318359375 0.0234375 0.0234375 
0 0.5107421875 0.7236328125 0.021484375 0.021484375 
1 0.5498046875 0.677734375 0.021484375 0.021484375 
0 0.4921875 0.5771484375 0.021484375 0.021484375 
0 0.6767578125 0.1953125 0.021484375 0.021484375 
0 0.70703125 0.0771484375 0.0234375 0.0234375 
0 0.6787109375 0.060546875 0.0234375 0.0234375 
1 0.4833984375 0.328125 0.021484375 0.021484375 
0 0.3740234375 0.357421875 0.021484375 0.021484375 
0 0.583984375 0.21484375 0.021484375 0.021484375 
0 0.5380859375 0.6982421875 0.021484375 0.021484375 
1 0.4443359375 0.4775390625 0.0224609375 0.0224609375 
0 0.5263671875 0.0986328125 0.0234375 0.0234375 
0 0.6640625 0.2763671875 0.021484375 0.021484375 
1 0.4619140625 0.61328125 0.021484375 0.021484375 
0 0.46875 0.65625 0.0234375 0.0234375 
1 0.525390625 0.4365234375 0.0224609375 0.0224609375 
0 0.603515625 0.5439453125 0.021484375 0.021484375 
0 0.544921875 0.7529296875 0.0234375 0.0234375 
0 0.373046875 0.2685546875 0.021484375 0.021484375 
0 0.4609375 0.8095703125 0.01953125 0.01953125 
0 0.33984375 0.0498046875 0.021484375 0.021484375 
1 0.537109375 0.0380859375 0.021484375 0.021484375 
1 0.6337890625 0.2646484375 0.0224609375 0.0224609375 
0 0.3896484375 0.2587890625 0.0234375 0.0234375 
0 0.5361328125 0.7705078125 0.0234375 0.0234375 
0 0.51953125 0.7060546875 0.0234375 0.0234375 
0 0.58203125 0.4208984375 0.0234375 0.0234375 
0 0.595703125 0.318359375 0.0234375 0.0234375 
0 0.3408203125 0.166015625 0.0234375 0.0234375 
0 0.4375 0.541015625 0.021484375 0.021484375 
0 0.5166015625 0.0361328125 0.021484375 0.021484375 
0 0.51171875 0.1494140625 0.021484375 0.021484375 
0 0.4404296875 0.072265625 0.021484375 0.021484375 
0 0.4453125 0.3515625 0.021484375 0.021484375 
1 0.53515625 0.380859375 0.021484375 0.021484375 
0 0.5517578125 0.5966796875 0.0234375 0.0234375 
0 0.3515625 0.15234375 0.021484375 0.021484375 
0 0.5556640625 0.7783203125 0.021484375 0.021484375 
0 0.5556640625 0.158203125 0.0224609375 0.0224609375 
1 0.513671875 0.873046875 0.021484375 0.021484375 
1 0.6640625 0.1669921875 0.0224609375 0.0224609375 
0 0.3515625 0.2919921875 0.0224609375 0.0224609375 
0 0.4423828125 0.4296875 0.0224609375 0.0224609375 
0 0.619140625 0.443359375 0.021484375 0.021484375 
0 0.6162109375 0.412109375 0.021484375 0.021484375 
0 0.4560546875 0.505859375 0.0234375 0.0234375 
0 0.34375 0.3359375 0.021484375 0.021484375 
0 0.517578125 0.5771484375 0.0234375 0.0234375 
0 0.4873046875 0.072265625 0.021484375 0.021484375 
0 0.62890625 0.044921875 0.021484375 0.021484375 
0 0.49609375 0.291015625 0.021484375 0.021484375 
1 0.29296875 0.041015625 0.021484375 0.021484375 
0 0.4892578125 0.091796875 0.021484375 0.021484375 
0 0.4462890625 0.4560546875 0.021484375 0.021484375 
1 0.5146484375 0.49609375 0.021484375 0.021484375 
0 0.5458984375 0.1953125 0.021484375 0.021484375 
0 0.3544921875 0.1142578125 0.0234375 0.0234375 
