0 0.541015625 0.689453125 0.0224609375 0.0224609375 
0 0.6572265625 0.15625 0.0234375 0.0234375 
0 0.5859375 0.5654296875 0.0234375 0.0234375 
0 0.541015625 0.642578125 0.0234375 0.0234375 
0 0.4482421875 0.6025390625 0.021484375 0.021484375 
0 0.5380859375 0.03515625 0.021484375 0.021484375 
0 0.5654296875 0.578125 0.021484375 0.021484375 
0 0.478515625 0.6201171875 0.0234375 0.0234375 
0 0.53125 0.3740234375 0.021484375 0.021484375 
0 0.5703125 0.1748046875 0.021484375 0.021484375 
0 0.4453125 0.1396484375 0.021484375 0.021484375 
0 0.4423828125 0.716796875 0.0224609375 0.0224609375 
0 0.4453125 0.1162109375 0.0234375 0.0234375 
1 0.404296875 0.52734375 0.0224609375 0.0224609375 
0 0.5283203125 0.6533203125 0.021484375 0.021484375 
1 0.572265625 0.4921875 0.021484375 0.021484375 
0 0.6884765625 0.1884765625 0.021484375 0.021484375 
0 0.6103515625 0.31640625 0.0234375 0.0234375 
0 0.6865234375 0.1142578125 0.021484375 0.021484375 
0 0.3955078125 0.251953125 0.0224609375 0.0224609375 
0 0.4599609375 0.7724609375 0.0234375 0.0234375 
0 0.587890625 0.525390625 0.021484375 0.021484375 
0 0.3994140625 0.3232421875 0.0224609375 0.0224609375 
0 0.5947265625 0.23046875 0.021484375 0.021484375 
1 0.486328125 0.8369140625 0.021484375 0.021484375 
1 0.5966796875 0.4931640625 0.021484375 0.021484375 
1 0.419921875 0.6123046875 0.021484375 0.021484375 
0 0.486328125 0.4931640625 0.0224609375 0.0224609375 
0 0.3681640625 0.3701171875 0.021484375 0.021484375 
0 0.5263671875 0.240234375 0.021484375 0.021484375 
0 0.62109375 0.47265625 0.021484375 0.021484375 
0 0.6220703125 0.384765625 0.0224609375 0.0224609375 
0 0.5673828125 0.224609375 0.0234375 0.0234375 
0 0.541015625 0.1494140625 0.021484375 0.021484375 
0 0.564453125 0.29296875 0.021484375 0.021484375 
0 0.6474609375 0.2607421875 0.0224609375 0.0224609375 
0 0.5830078125 0.412109375 0.021484375 0.021484375 
0 0.3935546875 0.421875 0.0234375 0.0234375 
0 0.4951171875 0.8525390625 0.01953125 0.01953125 
0 0.509765625 0.474609375 0.0224609375 0.0224609375 
0 0.458984375 0.62109375 0.021484375 0.021484375 
1 0.640625 0.2431640625 0.021484375 0.021484375 
1 0.705078125 0.0830078125 0.021484375 0.021484375 
0 0.541015625 0.1904296875 0.0224609375 0.0224609375 
1 0.48046875 0.6513671875 0.0224609375 0.0224609375 
0 0.51953125 0.7177734375 0.0234375 0.0234375 
0 0.5556640625 0.1015625 0.021484375 0.021484375 
0 0.330078125 0.2001953125 0.021484375 0.021484375 
0 0.4482421875 0.8271484375 0.0224609375 0.0224609375 
1 0.68359375 0.150390625 0.021484375 0.021484375 
1 0.408203125 0.490234375 0.021484375 0.021484375 
1 0.380859375 0.2421875 0.021484375 0.021484375 
0 0.3330078125 0.0703125 0.0224609375 0.0224609375 
0 0.5830078125 0.373046875 0.021484375 0.021484375 
0 0.615234375 0.1533203125 0.0234375 0.0234375 
0 0.466796875 0.56640625 0.021484375 0.021484375 
0 0.38671875 0.0302734375 0.021484375 0.021484375 
0 0.478515625 0.5830078125 0.021484375 0.021484375 
0 0.55859375 0.36328125 0.021484375 0.021484375 
0 0.453125 0.263671875 0.0224609375 0.0224609375 
0 0.48046875 0.45703125 0.0234375 0.0234375 
1 0.51171875 0.048828125 0.021484375 0.021484375 
0 0.4921875 0.3154296875 0.0234375 0.0234375 
0 0.3037109375 0.0361328125 0.0234375 0.0234375 
0 0.2724609375 0.0546875 0.021484375 0.021484375 
0 0.509765625 0.34375 0.021484375 0.021484375 
0 0.4091796875 0.5439453125 0.021484375 0.021484375 
0 0.4345703125 0.4169921875 0.0234375 0.0234375 
0 0.3427734375 0.3056640625 0.0234375 0.0234375 
0 0.345703125 0.15625 0.021484375 0.021484375 
0 0.396484375 0.12109375 0.021484375 0.021484375 
0 0.5146484375 0.8515625 0.0234375 0.0234375 
0 0.4384765625 0.564453125 0.021484375 0.021484375 
0 0.4755859375 0.69921875 0.021484375 0.021484375 
1 0.46875 0.8154296875 0.021484375 0.021484375 
0 0.421875 0.6533203125 0.0234375 0.0234375 
0 0.478515625 0.0869140625 0.021484375 0.021484375 
1 0.5849609375 0.6328125 0.021484375 0.021484375 
0 0.544921875 0.50390625 0.021484375 0.021484375 
0 0.5458984375 0.0849609375 0.021484375 0.021484375 
1 0.5419921875 0.5302734375 0.021484375 0.021484375 
0 0.37890625 0.44921875 0.021484375 0.021484375 
1 0.5380859375 0.873046875 0.0234375 0.0234375 
1 0.4169921875 0.1689453125 0.021484375 0.021484375 
0 0.4833984375 0.0693359375 0.021484375 0.021484375 
0 0.31640625 0.2255859375 0.021484375 0.021484375 
0 0.625 0.322265625 0.021484375 0.021484375 
0 0.3828125 0.189453125 0.0234375 0.0234375 
0 0.376953125 0.4912109375 0.0234375 0.0234375 
0 0.5048828125 0.2998046875 0.021484375 0.021484375 
0 0.5341796875 0.8349609375 0.025390625 0.025390625 
0 0.5810546875 0.10546875 0.021484375 0.021484375 
1 0.5478515625 0.2080078125 0.021484375 0.021484375 
0 0.4453125 0.791015625 0.0224609375 0.0224609375 
0 0.431640625 0.6416015625 0.021484375 0.021484375 
0 0.5927734375 0.0771484375 0.0234375 0.0234375 
1 0.564453125 0.046875 0.0224609375 0.0224609375 
1 0.47265625 0.318359375 0.021484375 0.021484375 
0 0.5439453125 0.849609375 0.01953125 0.01953125 
1 0.3623046875 0.17578125 0.021484375 0.021484375 
0 0.6728515625 0.189453125 0.021484375 0.021484375 
0 0.283203125 0.0302734375 0.021484375 0.021484375 
0 0.52734375 0.6181640625 0.021484375 0.021484375 
1 0.583984375 0.3310546875 0.021484375 0.021484375 
1 0.3046875 0.1162109375 0.021484375 0.021484375 
0 0.4541015625 0.037109375 0.021484375 0.021484375 
0 0.66796875 0.08203125 0.021484375 0.021484375 
0 0.57421875 0.1982421875 0.021484375 0.021484375 
0 0.447265625 0.2177734375 0.021484375 0.021484375 
0 0.4345703125 0.169921875 0.021484375 0.021484375 
0 0.4658203125 0.3798828125 0.021484375 0.021484375 
0 0.30859375 0.2001953125 0.021484375 0.021484375 
1 0.4599609375 0.7138671875 0.021484375 0.021484375 
0 0.5146484375 0.880859375 0.01953125 0.01953125 
0 0.41015625 0.5107421875 0.021484375 0.021484375 
0 0.4453125 0.37890625 0.021484375 0.021484375 
1 0.5185546875 0.5869140625 0.0224609375 0.0224609375 
0 0.498046875 0.2099609375 0.0234375 0.0234375 
0 0.5341796875 0.8193359375 0.0224609375 0.0224609375 
0 0.462890625 0.7998046875 0.025390625 0.025390625 
0 0.609375 0.517578125 0.0234375 0.0234375 
0 0.548828125 0.4208984375 0.0224609375 0.0224609375 
1 0.5732421875 0.2744140625 0.021484375 0.021484375 
0 0.470703125 0.1748046875 0.0234375 0.0234375 
0 0.4794921875 0.548828125 0.021484375 0.021484375 
0 0.4091796875 0.3779296875 0.021484375 0.021484375 
0 0.451171875 0.4208984375 0.0234375 0.0234375 
1 0.43359375 0.259765625 0.021484375 0.021484375 
0 0.4521484375 0.5380859375 0.0234375 0.0234375 
0 0.435546875 0.328125 0.021484375 0.021484375 
0 0.41015625 0.0673828125 0.0234375 0.0234375 
0 0.5458984375 0.2958984375 0.0234375 0.0234375 
0 0.474609375 0.427734375 0.0234375 0.0234375 
1 0.3935546875 0.5009765625 0.0224609375 0.0224609375 
0 0.638671875 0.2001953125 0.021484375 0.021484375 
0 0.5615234375 0.7177734375 0.021484375 0.021484375 
0 0.4873046875 0.1005859375 0.021484375 0.021484375 
0 0.509765625 0.076171875 0.0224609375 0.0224609375 
1 0.6435546875 0.068359375 0.021484375 0.021484375 
0 0.533203125 0.7578125 0.025390625 0.025390625 
0 0.419921875 0.5263671875 0.021484375 0.021484375 
1 0.6318359375 0.26171875 0.0224609375 0.0224609375 
0 0.4921875 0.6103515625 0.0224609375 0.0224609375 
0 0.4501953125 0.34765625 0.021484375 0.021484375 
1 0.5830078125 0.048828125 0.021484375 0.021484375 
0 0.46484375 0.3564453125 0.021484375 0.021484375 
0 0.498046875 0.564453125 0.021484375 0.021484375 
0 0.6083984375 0.1923828125 0.021484375 0.021484375 
0 0.3427734375 0.3515625 0.0224609375 0.0224609375 
0 0.619140625 0.0302734375 0.0224609375 0.0224609375 
0 0.50390625 0.8046875 0.01953125 0.01953125 
1 0.5087890625 0.552734375 0.0224609375 0.0224609375 
0 0.431640625 0.2412109375 0.021484375 0.021484375 
0 0.486328125 0.1796875 0.021484375 0.021484375 
0 0.412109375 0.431640625 0.0234375 0.0234375 
1 0.521484375 0.5234375 0.021484375 0.021484375 
0 0.4560546875 0.8505859375 0.0224609375 0.0224609375 
0 0.60546875 0.0361328125 0.0224609375 0.0224609375 
1 0.4921875 0.7373046875 0.021484375 0.021484375 
0 0.3486328125 0.23046875 0.0234375 0.0234375 
0 0.4501953125 0.0654296875 0.0234375 0.0234375 
0 0.369140625 0.43359375 0.0234375 0.0234375 
0 0.4814453125 0.357421875 0.021484375 0.021484375 
0 0.400390625 0.466796875 0.021484375 0.021484375 
0 0.5615234375 0.533203125 0.0234375 0.0234375 
0 0.369140625 0.1171875 0.021484375 0.021484375 
0 0.37109375 0.310546875 0.021484375 0.021484375 
0 0.4306640625 0.3876953125 0.0234375 0.0234375 
0 0.4951171875 0.4208984375 0.021484375 0.021484375 
0 0.615234375 0.291015625 0.0234375 0.0234375 
0 0.3203125 0.24609375 0.021484375 0.021484375 
0 0.4658203125 0.0546875 0.0234375 0.0234375 
0 0.69921875 0.0341796875 0.021484375 0.021484375 
0 0.62109375 0.111328125 0.021484375 0.021484375 
0 0.58984375 0.478515625 0.021484375 0.021484375 
0 0.4541015625 0.662109375 0.0234375 0.0234375 
0 0.5537109375 0.662109375 0.0234375 0.0234375 
0 0.5859375 0.1533203125 0.021484375 0.021484375 
0 0.59765625 0.205078125 0.021484375 0.021484375 
0 0.4111328125 0.21875 0.021484375 0.021484375 
0 0.6650390625 0.2841796875 0.021484375 0.021484375 
0 0.5478515625 0.7548828125 0.0224609375 0.0224609375 
0 0.53515625 0.12890625 0.021484375 0.021484375 
0 0.576171875 0.06640625 0.0234375 0.0234375 
0 0.4931640625 0.7626953125 0.0234375 0.0234375 
0 0.35546875 0.2080078125 0.0234375 0.0234375 
0 0.6484375 0.0322265625 0.021484375 0.021484375 
0 0.3974609375 0.1708984375 0.0234375 0.0234375 
0 0.5751953125 0.7060546875 0.021484375 0.021484375 
0 0.6171875 0.35546875 0.021484375 0.021484375 
1 0.490234375 0.5224609375 0.021484375 0.021484375 
0 0.548828125 0.310546875 0.0234375 0.0234375 
0 0.3857421875 0.2802734375 0.021484375 0.021484375 
0 0.4755859375 0.7490234375 0.0234375 0.0234375 
0 0.431640625 0.7041015625 0.0224609375 0.0224609375 
0 0.3125 0.18359375 0.0234375 0.0234375 
0 0.41796875 0.2333984375 0.021484375 0.021484375 
0 0.5625 0.3955078125 0.0224609375 0.0224609375 
0 0.5166015625 0.6416015625 0.0224609375 0.0224609375 
