0 0.5146484375 0.3955078125 0.0234375 0.0234375 
0 0.46484375 0.5927734375 0.021484375 0.021484375 
0 0.453125 0.7919921875 0.0224609375 0.0224609375 
0 0.5791015625 0.5537109375 0.021484375 0.021484375 
0 0.533203125 0.1962890625 0.0234375 0.0234375 
0 0.623046875 0.2294921875 0.0234375 0.0234375 
0 0.5029296875 0.1328125 0.0234375 0.0234375 
0 0.4951171875 0.0947265625 0.021484375 0.021484375 
0 0.5576171875 0.1220703125 0.0224609375 0.0224609375 
0 0.5068359375 0.6318359375 0.021484375 0.021484375 
0 0.451171875 0.6455078125 0.021484375 0.021484375 
0 0.42578125 0.45703125 0.0224609375 0.0224609375 
0 0.4990234375 0.8505859375 0.0234375 0.0234375 
1 0.5 0.4306640625 0.021484375 0.021484375 
1 0.515625 0.6474609375 0.021484375 0.021484375 
0 0.625 0.4541015625 0.021484375 0.021484375 
0 0.4560546875 0.5556640625 0.0234375 0.0234375 
0 0.658203125 0.3076171875 0.021484375 0.021484375 
0 0.5615234375 0.369140625 0.021484375 0.021484375 
0 0.5927734375 0.328125 0.0234375 0.0234375 
0 0.494140625 0.8037109375 0.0224609375 0.0224609375 
0 0.3515625 0.390625 0.021484375 0.021484375 
0 0.296875 0.1396484375 0.021484375 0.021484375 
0 0.3505859375 0.1513671875 0.0224609375 0.0224609375 
0 0.396484375 0.234375 0.021484375 0.021484375 
0 0.494140625 0.376953125 0.0234375 0.0234375 
0 0.5810546875 0.1640625 0.021484375 0.021484375 
0 0.5380859375 0.73046875 0.021484375 0.021484375 
0 0.5068359375 0.3544921875 0.0234375 0.0234375 
0 0.4658203125 0.1533203125 0.021484375 0.021484375 
0 0.5927734375 0.1181640625 0.0234375 0.0234375 
0 0.458984375 0.107421875 0.021484375 0.021484375 
1 0.373046875 0.2109375 0.021484375 0.021484375 
0 0.498046875 0.517578125 0.021484375 0.021484375 
0 0.6806640625 0.1240234375 0.021484375 0.021484375 
1 0.58203125 0.421875 0.021484375 0.021484375 
0 0.4580078125 0.6591796875 0.021484375 0.021484375 
1 0.490234375 0.72265625 0.021484375 0.021484375 
0 0.4208984375 0.5771484375 0.021484375 0.021484375 
0 0.55859375 0.4375 0.0234375 0.0234375 
0 0.5263671875 0.5 0.021484375 0.021484375 
0 0.5966796875 0.578125 0.0224609375 0.0224609375 
0 0.4267578125 0.603515625 0.021484375 0.021484375 
1 0.400390625 0.2080078125 0.021484375 0.021484375 
0 0.4560546875 0.748046875 0.0234375 0.0234375 
0 0.5380859375 0.4892578125 0.021484375 0.021484375 
0 0.396484375 0.2822265625 0.0234375 0.0234375 
1 0.376953125 0.146484375 0.021484375 0.021484375 
0 0.623046875 0.41796875 0.021484375 0.021484375 
0 0.435546875 0.2919921875 0.0234375 0.0234375 
0 0.5771484375 0.5380859375 0.0234375 0.0234375 
0 0.40234375 0.341796875 0.021484375 0.021484375 
0 0.52734375 0.419921875 0.021484375 0.021484375 
0 0.650390625 0.171875 0.0224609375 0.0224609375 
1 0.3818359375 0.248046875 0.021484375 0.021484375 
0 0.5087890625 0.830078125 0.021484375 0.021484375 
0 0.3740234375 0.181640625 0.0234375 0.0234375 
0 0.4453125 0.2509765625 0.021484375 0.021484375 
1 0.658203125 0.263671875 0.021484375 0.021484375 
0 0.58203125 0.3701171875 0.021484375 0.021484375 
1 0.48828125 0.041015625 0.0224609375 0.0224609375 
0 0.5380859375 0.12890625 0.021484375 0.021484375 
0 0.5576171875 0.41015625 0.0234375 0.0234375 
1 0.3896484375 0.4560546875 0.0224609375 0.0224609375 
1 0.5947265625 0.27734375 0.0224609375 0.0224609375 
0 0.5361328125 0.33984375 0.021484375 0.021484375 
0 0.439453125 0.6298828125 0.021484375 0.021484375 
0 0.533203125 0.06640625 0.021484375 0.021484375 
0 0.470703125 0.560546875 0.021484375 0.021484375 
0 0.6298828125 0.1708984375 0.0234375 0.0234375 
0 0.55859375 0.107421875 0.0224609375 0.0224609375 
1 0.6201171875 0.12109375 0.021484375 0.021484375 
0 0.50390625 0.05078125 0.0234375 0.0234375 
1 0.59765625 0.2275390625 0.0224609375 0.0224609375 
0 0.6181640625 0.0458984375 0.021484375 0.021484375 
0 0.384765625 0.0791015625 0.0234375 0.0234375 
0 0.37109375 0.03515625 0.0234375 0.0234375 
1 0.642578125 0.2607421875 0.021484375 0.021484375 
0 0.552734375 0.55078125 0.0234375 0.0234375 
0 0.548828125 0.650390625 0.021484375 0.021484375 
0 0.5419921875 0.6123046875 0.021484375 0.021484375 
1 0.5458984375 0.15234375 0.021484375 0.021484375 
0 0.5693359375 0.654296875 0.021484375 0.021484375 
0 0.5400390625 0.400390625 0.0234375 0.0234375 
0 0.51953125 0.3251953125 0.021484375 0.021484375 
1 0.5634765625 0.0537109375 0.0224609375 0.0224609375 
0 0.2783203125 0.0341796875 0.021484375 0.021484375 
0 0.517578125 0.369140625 0.0234375 0.0234375 
1 0.5458984375 0.595703125 0.021484375 0.021484375 
0 0.45703125 0.0830078125 0.0224609375 0.0224609375 
0 0.4462890625 0.1435546875 0.0234375 0.0234375 
1 0.3349609375 0.2138671875 0.0224609375 0.0224609375 
1 0.482421875 0.173828125 0.021484375 0.021484375 
0 0.607421875 0.5244140625 0.0234375 0.0234375 
0 0.41015625 0.25390625 0.0234375 0.0234375 
1 0.548828125 0.53125 0.021484375 0.021484375 
0 0.57421875 0.509765625 0.021484375 0.021484375 
0 0.4560546875 0.44140625 0.0234375 0.0234375 
0 0.5712890625 0.078125 0.0234375 0.0234375 
0 0.478515625 0.052734375 0.0234375 0.0234375 
0 0.443359375 0.1201171875 0.021484375 0.021484375 
0 0.453125 0.5107421875 0.021484375 0.021484375 
1 0.5146484375 0.5732421875 0.021484375 0.021484375 
0 0.6279296875 0.310546875 0.021484375 0.021484375 
1 0.4833984375 0.2041015625 0.0224609375 0.0224609375 
1 0.568359375 0.6328125 0.021484375 0.021484375 
0 0.5205078125 0.66796875 0.021484375 0.021484375 
0 0.333984375 0.28125 0.0224609375 0.0224609375 
1 0.4931640625 0.56640625 0.0224609375 0.0224609375 
0 0.3779296875 0.4736328125 0.021484375 0.021484375 
