1 0.3115234375 0.1875 0.0224609375 0.0224609375 
0 0.44921875 0.6181640625 0.021484375 0.021484375 
0 0.3857421875 0.21875 0.0234375 0.0234375 
1 0.6416015625 0.1865234375 0.021484375 0.021484375 
0 0.2822265625 0.0556640625 0.021484375 0.021484375 
1 0.515625 0.3115234375 0.0224609375 0.0224609375 
0 0.5810546875 0.0869140625 0.021484375 0.021484375 
0 0.376953125 0.189453125 0.021484375 0.021484375 
0 0.423828125 0.3818359375 0.0224609375 0.0224609375 
0 0.544921875 0.3603515625 0.021484375 0.021484375 
0 0.6376953125 0.400390625 0.0234375 0.0234375 
0 0.4189453125 0.361328125 0.021484375 0.021484375 
0 0.373046875 0.20703125 0.021484375 0.021484375 
1 0.5302734375 0.2607421875 0.0224609375 0.0224609375 
0 0.373046875 0.4267578125 0.0234375 0.0234375 
0 0.583984375 0.6171875 0.021484375 0.021484375 
0 0.59375 0.5361328125 0.0234375 0.0234375 
1 0.314453125 0.2236328125 0.0224609375 0.0224609375 
1 0.4580078125 0.046875 0.021484375 0.021484375 
0 0.57421875 0.2255859375 0.021484375 0.021484375 
0 0.51953125 0.671875 0.0234375 0.0234375 
0 0.4189453125 0.21484375 0.021484375 0.021484375 
0 0.330078125 0.056640625 0.0234375 0.0234375 
1 0.5185546875 0.5087890625 0.021484375 0.021484375 
1 0.513671875 0.7880859375 0.021484375 0.021484375 
0 0.33203125 0.134765625 0.021484375 0.021484375 
0 0.693359375 0.0849609375 0.0234375 0.0234375 
1 0.521484375 0.291015625 0.021484375 0.021484375 
0 0.5458984375 0.4345703125 0.0224609375 0.0224609375 
1 0.5859375 0.103515625 0.0224609375 0.0224609375 
0 0.3828125 0.439453125 0.0224609375 0.0224609375 
0 0.5478515625 0.328125 0.0224609375 0.0224609375 
0 0.5771484375 0.4482421875 0.021484375 0.021484375 
0 0.447265625 0.7216796875 0.0224609375 0.0224609375 
0 0.5048828125 0.1318359375 0.0234375 0.0234375 
0 0.33984375 0.248046875 0.021484375 0.021484375 
0 0.513671875 0.8154296875 0.01953125 0.01953125 
0 0.548828125 0.2724609375 0.021484375 0.021484375 
0 0.58203125 0.2890625 0.0234375 0.0234375 
0 0.4736328125 0.732421875 0.021484375 0.021484375 
0 0.5068359375 0.1005859375 0.0234375 0.0234375 
0 0.50390625 0.322265625 0.021484375 0.021484375 
0 0.4404296875 0.357421875 0.021484375 0.021484375 
0 0.4521484375 0.1435546875 0.021484375 0.021484375 
0 0.533203125 0.8779296875 0.025390625 0.025390625 
1 0.5625 0.18359375 0.021484375 0.021484375 
0 0.68359375 0.06640625 0.0234375 0.0234375 
1 0.349609375 0.162109375 0.0224609375 0.0224609375 
0 0.4482421875 0.59375 0.0234375 0.0234375 
0 0.41015625 0.26953125 0.0234375 0.0234375 
0 0.4375 0.7705078125 0.01953125 0.01953125 
0 0.5478515625 0.60546875 0.0224609375 0.0224609375 
0 0.4736328125 0.5947265625 0.021484375 0.021484375 
1 0.6201171875 0.2255859375 0.021484375 0.021484375 
1 0.3388671875 0.3505859375 0.0224609375 0.0224609375 
0 0.48046875 0.216796875 0.021484375 0.021484375 
0 0.498046875 0.234375 0.021484375 0.021484375 
0 0.4130859375 0.423828125 0.021484375 0.021484375 
0 0.3935546875 0.1279296875 0.0234375 0.0234375 
0 0.6044921875 0.4521484375 0.0234375 0.0234375 
0 0.568359375 0.310546875 0.0234375 0.0234375 
0 0.37890625 0.1337890625 0.021484375 0.021484375 
0 0.5029296875 0.0341796875 0.0234375 0.0234375 
0 0.4677734375 0.1748046875 0.0234375 0.0234375 
0 0.4833984375 0.57421875 0.0224609375 0.0224609375 
0 0.5849609375 0.337890625 0.021484375 0.021484375 
0 0.5361328125 0.3740234375 0.021484375 0.021484375 
0 0.50390625 0.4423828125 0.0234375 0.0234375 
0 0.32421875 0.0380859375 0.0234375 0.0234375 
1 0.458984375 0.2529296875 0.0224609375 0.0224609375 
0 0.552734375 0.0732421875 0.0234375 0.0234375 
0 0.3447265625 0.3037109375 0.021484375 0.021484375 
0 0.52734375 0.4931640625 0.0234375 0.0234375 
0 0.609375 0.25 0.0234375 0.0234375 
0 0.353515625 0.177734375 0.0234375 0.0234375 
0 0.6416015625 0.3408203125 0.021484375 0.021484375 
0 0.4619140625 0.8193359375 0.0234375 0.0234375 
0 0.5205078125 0.2294921875 0.0234375 0.0234375 
1 0.5556640625 0.75 0.021484375 0.021484375 
0 0.5322265625 0.8251953125 0.01953125 0.01953125 
0 0.439453125 0.1201171875 0.021484375 0.021484375 
1 0.4716796875 0.1025390625 0.021484375 0.021484375 
0 0.341796875 0.2275390625 0.021484375 0.021484375 
0 0.67578125 0.1728515625 0.021484375 0.021484375 
0 0.5927734375 0.1416015625 0.021484375 0.021484375 
0 0.3955078125 0.56640625 0.0234375 0.0234375 
0 0.599609375 0.3876953125 0.021484375 0.021484375 
1 0.4833984375 0.0712890625 0.021484375 0.021484375 
1 0.4296875 0.5673828125 0.021484375 0.021484375 
0 0.4306640625 0.736328125 0.021484375 0.021484375 
0 0.5908203125 0.48828125 0.021484375 0.021484375 
0 0.421875 0.099609375 0.0234375 0.0234375 
1 0.5791015625 0.6484375 0.0224609375 0.0224609375 
0 0.3447265625 0.0595703125 0.0224609375 0.0224609375 
0 0.447265625 0.5546875 0.021484375 0.021484375 
0 0.3525390625 0.2060546875 0.0234375 0.0234375 
0 0.361328125 0.3857421875 0.021484375 0.021484375 
0 0.52734375 0.0810546875 0.0234375 0.0234375 
0 0.498046875 0.75 0.021484375 0.021484375 
0 0.552734375 0.4775390625 0.0234375 0.0234375 
0 0.4609375 0.373046875 0.0234375 0.0234375 
0 0.5322265625 0.1708984375 0.021484375 0.021484375 
1 0.4375 0.6279296875 0.021484375 0.021484375 
0 0.607421875 0.5224609375 0.021484375 0.021484375 
0 0.5 0.3828125 0.021484375 0.021484375 
0 0.3759765625 0.400390625 0.021484375 0.021484375 
1 0.591796875 0.072265625 0.021484375 0.021484375 
0 0.5986328125 0.4716796875 0.021484375 0.021484375 
0 0.6005859375 0.5625 0.021484375 0.021484375 
0 0.556640625 0.3720703125 0.0234375 0.0234375 
0 0.5546875 0.5419921875 0.021484375 0.021484375 
0 0.6318359375 0.4306640625 0.021484375 0.021484375 
1 0.5419921875 0.400390625 0.0224609375 0.0224609375 
0 0.703125 0.072265625 0.021484375 0.021484375 
0 0.3798828125 0.298828125 0.0224609375 0.0224609375 
1 0.5869140625 0.20703125 0.021484375 0.021484375 
0 0.5283203125 0.4716796875 0.021484375 0.021484375 
1 0.57421875 0.359375 0.021484375 0.021484375 
0 0.53125 0.6416015625 0.021484375 0.021484375 
0 0.517578125 0.140625 0.021484375 0.021484375 
0 0.6708984375 0.056640625 0.021484375 0.021484375 
0 0.5 0.2880859375 0.021484375 0.021484375 
0 0.4326171875 0.58203125 0.0224609375 0.0224609375 
1 0.62890625 0.3154296875 0.021484375 0.021484375 
