0 0.4052734375 0.333984375 0.021484375 0.021484375 
0 0.5478515625 0.1962890625 0.0224609375 0.0224609375 
1 0.6015625 0.4951171875 0.021484375 0.021484375 
0 0.5625 0.7275390625 0.0234375 0.0234375 
0 0.6669921875 0.279296875 0.021484375 0.021484375 
1 0.51953125 0.28515625 0.0224609375 0.0224609375 
1 0.41015625 0.1748046875 0.021484375 0.021484375 
0 0.4111328125 0.65625 0.0234375 0.0234375 
1 0.5087890625 0.1357421875 0.0224609375 0.0224609375 
0 0.5830078125 0.4345703125 0.021484375 0.021484375 
0 0.5849609375 0.25 0.0234375 0.0234375 
0 0.4697265625 0.3017578125 0.0224609375 0.0224609375 
0 0.2900390625 0.1259765625 0.0224609375 0.0224609375 
0 0.4716796875 0.0654296875 0.021484375 0.021484375 
1 0.4306640625 0.0693359375 0.021484375 0.021484375 
0 0.4560546875 0.6259765625 0.021484375 0.021484375 
0 0.529296875 0.048828125 0.021484375 0.021484375 
0 0.48046875 0.736328125 0.021484375 0.021484375 
0 0.4873046875 0.705078125 0.021484375 0.021484375 
0 0.52734375 0.5595703125 0.0234375 0.0234375 
1 0.517578125 0.7822265625 0.021484375 0.021484375 
0 0.5673828125 0.64453125 0.021484375 0.021484375 
1 0.6328125 0.1669921875 0.021484375 0.021484375 
1 0.3603515625 0.3623046875 0.021484375 0.021484375 
1 0.6923828125 0.080078125 0.0224609375 0.0224609375 
1 0.4443359375 0.115234375 0.021484375 0.021484375 
1 0.365234375 0.1474609375 0.021484375 0.021484375 
0 0.37109375 0.2958984375 0.021484375 0.021484375 
0 0.6142578125 0.107421875 0.0234375 0.0234375 
0 0.5595703125 0.1220703125 0.0234375 0.0234375 
0 0.287109375 0.1025390625 0.0234375 0.0234375 
1 0.5283203125 0.8115234375 0.021484375 0.021484375 
0 0.4931640625 0.7841796875 0.01953125 0.01953125 
0 0.51171875 0.7998046875 0.01953125 0.01953125 
0 0.42578125 0.6142578125 0.0234375 0.0234375 
1 0.5048828125 0.849609375 0.0234375 0.0234375 
0 0.5478515625 0.7685546875 0.0224609375 0.0224609375 
0 0.4228515625 0.462890625 0.021484375 0.021484375 
0 0.4384765625 0.2802734375 0.021484375 0.021484375 
0 0.5302734375 0.33984375 0.021484375 0.021484375 
0 0.6142578125 0.4208984375 0.0224609375 0.0224609375 
1 0.6318359375 0.244140625 0.0224609375 0.0224609375 
0 0.3330078125 0.15625 0.021484375 0.021484375 
0 0.4521484375 0.23046875 0.021484375 0.021484375 
0 0.4501953125 0.322265625 0.0234375 0.0234375 
0 0.5361328125 0.666015625 0.021484375 0.021484375 
0 0.494140625 0.083984375 0.021484375 0.021484375 
0 0.4462890625 0.64453125 0.021484375 0.021484375 
0 0.4658203125 0.52734375 0.0234375 0.0234375 
0 0.7197265625 0.037109375 0.021484375 0.021484375 
1 0.564453125 0.384765625 0.021484375 0.021484375 
0 0.5888671875 0.2314453125 0.021484375 0.021484375 
0 0.357421875 0.20703125 0.021484375 0.021484375 
1 0.4814453125 0.31640625 0.021484375 0.021484375 
1 0.626953125 0.12109375 0.021484375 0.021484375 
0 0.33203125 0.0654296875 0.021484375 0.021484375 
0 0.498046875 0.3291015625 0.0234375 0.0234375 
0 0.4921875 0.34375 0.021484375 0.021484375 
0 0.6103515625 0.345703125 0.021484375 0.021484375 
1 0.4736328125 0.8330078125 0.0234375 0.0234375 
0 0.5126953125 0.5791015625 0.0234375 0.0234375 
0 0.455078125 0.796875 0.0224609375 0.0224609375 
0 0.615234375 0.2783203125 0.021484375 0.021484375 
0 0.478515625 0.6298828125 0.021484375 0.021484375 
0 0.494140625 0.1884765625 0.021484375 0.021484375 
0 0.552734375 0.47265625 0.0234375 0.0234375 
1 0.5205078125 0.103515625 0.021484375 0.021484375 
0 0.5615234375 0.27734375 0.0234375 0.0234375 
0 0.611328125 0.234375 0.0234375 0.0234375 
0 0.5556640625 0.62109375 0.0234375 0.0234375 
1 0.59765625 0.140625 0.021484375 0.021484375 
1 0.5126953125 0.6787109375 0.0224609375 0.0224609375 
0 0.431640625 0.408203125 0.0234375 0.0234375 
0 0.48828125 0.759765625 0.0224609375 0.0224609375 
1 0.4833984375 0.4580078125 0.021484375 0.021484375 
0 0.3154296875 0.244140625 0.021484375 0.021484375 
0 0.6650390625 0.1708984375 0.021484375 0.021484375 
0 0.5048828125 0.494140625 0.0234375 0.0234375 
1 0.47265625 0.2724609375 0.0224609375 0.0224609375 
0 0.3779296875 0.1865234375 0.0224609375 0.0224609375 
0 0.521484375 0.69921875 0.021484375 0.021484375 
0 0.4970703125 0.2431640625 0.021484375 0.021484375 
0 0.611328125 0.1611328125 0.021484375 0.021484375 
0 0.556640625 0.67578125 0.021484375 0.021484375 
1 0.490234375 0.1591796875 0.0224609375 0.0224609375 
1 0.5712890625 0.158203125 0.021484375 0.021484375 
1 0.4873046875 0.1259765625 0.021484375 0.021484375 
1 0.6015625 0.3330078125 0.021484375 0.021484375 
0 0.34765625 0.3798828125 0.021484375 0.021484375 
0 0.4794921875 0.1923828125 0.021484375 0.021484375 
0 0.5556640625 0.4013671875 0.0234375 0.0234375 
0 0.4951171875 0.1044921875 0.0234375 0.0234375 
0 0.384765625 0.2412109375 0.021484375 0.021484375 
0 0.3291015625 0.2099609375 0.0224609375 0.0224609375 
0 0.451171875 0.51953125 0.021484375 0.021484375 
0 0.6259765625 0.0341796875 0.0234375 0.0234375 
1 0.478515625 0.8662109375 0.0234375 0.0234375 
1 0.408203125 0.546875 0.021484375 0.021484375 
0 0.505859375 0.400390625 0.021484375 0.021484375 
0 0.443359375 0.3037109375 0.0234375 0.0234375 
0 0.5224609375 0.2548828125 0.021484375 0.021484375 
0 0.34765625 0.076171875 0.021484375 0.021484375 
0 0.3720703125 0.4990234375 0.0224609375 0.0224609375 
0 0.5537109375 0.3564453125 0.0234375 0.0234375 
0 0.568359375 0.572265625 0.0224609375 0.0224609375 
0 0.517578125 0.302734375 0.021484375 0.021484375 
0 0.5498046875 0.3037109375 0.0234375 0.0234375 
0 0.373046875 0.03125 0.021484375 0.021484375 
0 0.3515625 0.296875 0.0234375 0.0234375 
0 0.4658203125 0.578125 0.0234375 0.0234375 
0 0.4404296875 0.6884765625 0.021484375 0.021484375 
0 0.3798828125 0.2255859375 0.021484375 0.021484375 
0 0.576171875 0.177734375 0.021484375 0.021484375 
1 0.583984375 0.560546875 0.021484375 0.021484375 
0 0.4638671875 0.59375 0.0234375 0.0234375 
0 0.44921875 0.451171875 0.0224609375 0.0224609375 
1 0.3974609375 0.21875 0.021484375 0.021484375 
0 0.486328125 0.51953125 0.0234375 0.0234375 
0 0.3330078125 0.095703125 0.0234375 0.0234375 
0 0.4228515625 0.681640625 0.021484375 0.021484375 
0 0.5966796875 0.5263671875 0.021484375 0.021484375 
0 0.662109375 0.072265625 0.0224609375 0.0224609375 
0 0.453125 0.16015625 0.021484375 0.021484375 
0 0.2734375 0.0576171875 0.021484375 0.021484375 
0 0.30078125 0.07421875 0.0234375 0.0234375 
0 0.326171875 0.287109375 0.021484375 0.021484375 
1 0.4130859375 0.3017578125 0.021484375 0.021484375 
0 0.4375 0.58203125 0.0224609375 0.0224609375 
0 0.439453125 0.7705078125 0.025390625 0.025390625 
0 0.515625 0.474609375 0.0224609375 0.0224609375 
1 0.6767578125 0.1953125 0.021484375 0.021484375 
1 0.580078125 0.0302734375 0.0224609375 0.0224609375 
0 0.3388671875 0.236328125 0.0224609375 0.0224609375 
1 0.4619140625 0.73828125 0.021484375 0.021484375 
0 0.484375 0.6630859375 0.0234375 0.0234375 
0 0.5732421875 0.3720703125 0.021484375 0.021484375 
0 0.521484375 0.5009765625 0.021484375 0.021484375 
1 0.5654296875 0.521484375 0.0224609375 0.0224609375 
1 0.5986328125 0.4775390625 0.021484375 0.021484375 
0 0.3154296875 0.068359375 0.021484375 0.021484375 
0 0.689453125 0.1240234375 0.0234375 0.0234375 
0 0.572265625 0.5390625 0.021484375 0.021484375 
0 0.4521484375 0.7822265625 0.0224609375 0.0224609375 
0 0.4228515625 0.5107421875 0.021484375 0.021484375 
0 0.521484375 0.4580078125 0.0234375 0.0234375 
0 0.474609375 0.3349609375 0.0234375 0.0234375 
0 0.6123046875 0.1220703125 0.0234375 0.0234375 
0 0.4765625 0.388671875 0.021484375 0.021484375 
1 0.392578125 0.5888671875 0.021484375 0.021484375 
0 0.6171875 0.17578125 0.021484375 0.021484375 
0 0.5888671875 0.3935546875 0.0234375 0.0234375 
1 0.3837890625 0.4599609375 0.0224609375 0.0224609375 
0 0.50390625 0.599609375 0.0234375 0.0234375 
0 0.3974609375 0.427734375 0.021484375 0.021484375 
1 0.46875 0.4697265625 0.021484375 0.021484375 
0 0.4658203125 0.34765625 0.021484375 0.021484375 
0 0.634765625 0.373046875 0.021484375 0.021484375 
0 0.5419921875 0.38671875 0.0224609375 0.0224609375 
0 0.650390625 0.0537109375 0.021484375 0.021484375 
1 0.408203125 0.6201171875 0.0224609375 0.0224609375 
0 0.70703125 0.068359375 0.021484375 0.021484375 
0 0.4443359375 0.7490234375 0.021484375 0.021484375 
0 0.4501953125 0.033203125 0.0234375 0.0234375 
0 0.505859375 0.52734375 0.021484375 0.021484375 
0 0.6982421875 0.0439453125 0.021484375 0.021484375 
0 0.515625 0.63671875 0.021484375 0.021484375 
1 0.3603515625 0.044921875 0.021484375 0.021484375 
0 0.564453125 0.3291015625 0.021484375 0.021484375 
