0 0.5859375 0.482421875 0.021484375 0.021484375 
0 0.423828125 0.5791015625 0.021484375 0.021484375 
1 0.3544921875 0.4091796875 0.021484375 0.021484375 
1 0.3193359375 0.15234375 0.021484375 0.021484375 
1 0.326171875 0.197265625 0.021484375 0.021484375 
0 0.548828125 0.7353515625 0.021484375 0.021484375 
0 0.59375 0.212890625 0.021484375 0.021484375 
0 0.3896484375 0.390625 0.021484375 0.021484375 
1 0.67578125 0.130859375 0.021484375 0.021484375 
0 0.484375 0.751953125 0.01953125 0.01953125 
0 0.650390625 0.08203125 0.0234375 0.0234375 
0 0.49609375 0.3095703125 0.021484375 0.021484375 
0 0.4560546875 0.72265625 0.021484375 0.021484375 
1 0.5400390625 0.263671875 0.021484375 0.021484375 
0 0.576171875 0.3935546875 0.0224609375 0.0224609375 
0 0.470703125 0.3330078125 0.0224609375 0.0224609375 
0 0.6142578125 0.3818359375 0.0234375 0.0234375 
0 0.453125 0.1025390625 0.021484375 0.021484375 
1 0.5576171875 0.681640625 0.021484375 0.021484375 
1 0.6279296875 0.130859375 0.0224609375 0.0224609375 
0 0.4951171875 0.6748046875 0.021484375 0.021484375 
0 0.37109375 0.466796875 0.021484375 0.021484375 
0 0.3896484375 0.408203125 0.021484375 0.021484375 
1 0.5302734375 0.216796875 0.021484375 0.021484375 
0 0.677734375 0.15234375 0.021484375 0.021484375 
0 0.451171875 0.7529296875 0.021484375 0.021484375 
0 0.3759765625 0.4365234375 0.021484375 0.021484375 
0 0.45703125 0.517578125 0.021484375 0.021484375 
1 0.65234375 0.2978515625 0.021484375 0.021484375 
0 0.6845703125 0.1904296875 0.0234375 0.0234375 
0 0.693359375 0.0654296875 0.0234375 0.0234375 
1 0.4970703125 0.46875 0.021484375 0.021484375 
0 0.6689453125 0.0791015625 0.0224609375 0.0224609375 
0 0.6259765625 0.447265625 0.021484375 0.021484375 
1 0.5771484375 0.353515625 0.0224609375 0.0224609375 
0 0.5087890625 0.5029296875 0.021484375 0.021484375 
0 0.5048828125 0.57421875 0.0234375 0.0234375 
0 0.5 0.798828125 0.0224609375 0.0224609375 
0 0.533203125 0.58203125 0.021484375 0.021484375 
0 0.705078125 0.1103515625 0.0234375 0.0234375 
0 0.5458984375 0.5478515625 0.021484375 0.021484375 
0 0.6689453125 0.2734375 0.0234375 0.0234375 
0 0.541015625 0.1982421875 0.0234375 0.0234375 
0 0.5791015625 0.1611328125 0.021484375 0.021484375 
0 0.6376953125 0.2548828125 0.021484375 0.021484375 
0 0.46484375 0.5537109375 0.0234375 0.0234375 
0 0.5419921875 0.287109375 0.021484375 0.021484375 
0 0.6123046875 0.5419921875 0.0234375 0.0234375 
0 0.2861328125 0.09765625 0.021484375 0.021484375 
0 0.388671875 0.072265625 0.0234375 0.0234375 
0 0.3740234375 0.0419921875 0.021484375 0.021484375 
1 0.43359375 0.521484375 0.021484375 0.021484375 
0 0.3974609375 0.04296875 0.021484375 0.021484375 
0 0.5107421875 0.7666015625 0.0234375 0.0234375 
0 0.6142578125 0.138671875 0.0234375 0.0234375 
0 0.4765625 0.7333984375 0.0224609375 0.0224609375 
1 0.5302734375 0.158203125 0.021484375 0.021484375 
1 0.48828125 0.865234375 0.021484375 0.021484375 
0 0.5380859375 0.623046875 0.0234375 0.0234375 
1 0.4384765625 0.4521484375 0.021484375 0.021484375 
1 0.376953125 0.33984375 0.021484375 0.021484375 
0 0.60546875 0.32421875 0.0234375 0.0234375 
0 0.275390625 0.0556640625 0.0234375 0.0234375 
0 0.48046875 0.0732421875 0.021484375 0.021484375 
0 0.3525390625 0.1875 0.0234375 0.0234375 
0 0.5390625 0.7080078125 0.0234375 0.0234375 
1 0.2685546875 0.0322265625 0.0224609375 0.0224609375 
0 0.4912109375 0.734375 0.021484375 0.021484375 
1 0.6416015625 0.0361328125 0.021484375 0.021484375 
0 0.4384765625 0.40234375 0.021484375 0.021484375 
0 0.6259765625 0.349609375 0.021484375 0.021484375 
1 0.4482421875 0.1416015625 0.021484375 0.021484375 
0 0.4072265625 0.0556640625 0.021484375 0.021484375 
1 0.3408203125 0.095703125 0.021484375 0.021484375 
0 0.3046875 0.1044921875 0.021484375 0.021484375 
0 0.6279296875 0.4111328125 0.0234375 0.0234375 
0 0.599609375 0.2978515625 0.021484375 0.021484375 
1 0.5 0.5419921875 0.0224609375 0.0224609375 
1 0.58984375 0.1953125 0.0224609375 0.0224609375 
1 0.517578125 0.27734375 0.021484375 0.021484375 
0 0.349609375 0.146484375 0.021484375 0.021484375 
0 0.53125 0.4130859375 0.0234375 0.0234375 
0 0.388671875 0.5546875 0.021484375 0.021484375 
0 0.609375 0.271484375 0.0234375 0.0234375 
0 0.44140625 0.2998046875 0.0234375 0.0234375 
0 0.3974609375 0.291015625 0.021484375 0.021484375 
0 0.615234375 0.4931640625 0.021484375 0.021484375 
0 0.6923828125 0.0888671875 0.0234375 0.0234375 
0 0.4921875 0.1083984375 0.021484375 0.021484375 
0 0.44140625 0.3486328125 0.021484375 0.021484375 
0 0.5830078125 0.0361328125 0.021484375 0.021484375 
0 0.4794921875 0.6669921875 0.021484375 0.021484375 
0 0.5283203125 0.79296875 0.0234375 0.0234375 
0 0.4326171875 0.658203125 0.021484375 0.021484375 
0 0.31640625 0.0576171875 0.021484375 0.021484375 
1 0.71484375 0.0537109375 0.0224609375 0.0224609375 
1 0.462890625 0.5029296875 0.0224609375 0.0224609375 
0 0.529296875 0.75390625 0.025390625 0.025390625 
0 0.5693359375 0.1923828125 0.0234375 0.0234375 
1 0.4326171875 0.4765625 0.021484375 0.021484375 
1 0.59765625 0.0703125 0.0224609375 0.0224609375 
1 0.455078125 0.4287109375 0.021484375 0.021484375 
1 0.4228515625 0.04296875 0.0224609375 0.0224609375 
0 0.572265625 0.3271484375 0.0234375 0.0234375 
0 0.4091796875 0.5830078125 0.021484375 0.021484375 
0 0.41796875 0.3974609375 0.0234375 0.0234375 
1 0.4306640625 0.3701171875 0.021484375 0.021484375 
0 0.4228515625 0.6865234375 0.021484375 0.021484375 
0 0.5908203125 0.455078125 0.021484375 0.021484375 
0 0.6171875 0.3017578125 0.0224609375 0.0224609375 
0 0.720703125 0.037109375 0.0234375 0.0234375 
1 0.5185546875 0.2412109375 0.021484375 0.021484375 
1 0.5751953125 0.1787109375 0.021484375 0.021484375 
0 0.3076171875 0.1904296875 0.0234375 0.0234375 
0 0.515625 0.6826171875 0.0234375 0.0234375 
0 0.552734375 0.580078125 0.0224609375 0.0224609375 
