1 0.365234375 0.1044921875 0.021484375 0.021484375 
1 0.29296875 0.0390625 0.021484375 0.021484375 
0 0.5615234375 0.4150390625 0.0234375 0.0234375 
0 0.443359375 0.4931640625 0.0224609375 0.0224609375 
0 0.3876953125 0.43359375 0.021484375 0.021484375 
1 0.4609375 0.6103515625 0.021484375 0.021484375 
0 0.5625 0.54296875 0.021484375 0.021484375 
0 0.50390625 0.21875 0.0234375 0.0234375 
1 0.6083984375 0.4423828125 0.021484375 0.021484375 
1 0.4501953125 0.6435546875 0.021484375 0.021484375 
0 0.3984375 0.525390625 0.021484375 0.021484375 
0 0.435546875 0.091796875 0.021484375 0.021484375 
0 0.64453125 0.09765625 0.021484375 0.021484375 
0 0.3388671875 0.0771484375 0.021484375 0.021484375 
0 0.53125 0.7265625 0.021484375 0.021484375 
0 0.4267578125 0.39453125 0.0234375 0.0234375 
0 0.5068359375 0.3037109375 0.0234375 0.0234375 
1 0.4599609375 0.4306640625 0.021484375 0.021484375 
1 0.427734375 0.3623046875 0.021484375 0.021484375 
0 0.57421875 0.4541015625 0.0234375 0.0234375 
0 0.373046875 0.2216796875 0.021484375 0.021484375 
1 0.478515625 0.681640625 0.021484375 0.021484375 
0 0.548828125 0.26171875 0.021484375 0.021484375 
0 0.4775390625 0.876953125 0.0224609375 0.0224609375 
0 0.474609375 0.4638671875 0.021484375 0.021484375 
1 0.6748046875 0.03515625 0.021484375 0.021484375 
0 0.630859375 0.365234375 0.021484375 0.021484375 
0 0.47265625 0.57421875 0.021484375 0.021484375 
1 0.455078125 0.55078125 0.021484375 0.021484375 
0 0.470703125 0.365234375 0.021484375 0.021484375 
0 0.482421875 0.6005859375 0.021484375 0.021484375 
0 0.548828125 0.458984375 0.0234375 0.0234375 
0 0.6025390625 0.392578125 0.0234375 0.0234375 
0 0.41796875 0.669921875 0.021484375 0.021484375 
0 0.578125 0.60546875 0.021484375 0.021484375 
1 0.3623046875 0.400390625 0.021484375 0.021484375 
0 0.484375 0.4306640625 0.021484375 0.021484375 
0 0.3681640625 0.3525390625 0.021484375 0.021484375 
0 0.4423828125 0.4619140625 0.021484375 0.021484375 
0 0.4072265625 0.193359375 0.021484375 0.021484375 
1 0.619140625 0.3818359375 0.021484375 0.021484375 
0 0.583984375 0.5302734375 0.021484375 0.021484375 
0 0.49609375 0.8544921875 0.0234375 0.0234375 
0 0.6064453125 0.41015625 0.021484375 0.021484375 
1 0.544921875 0.783203125 0.021484375 0.021484375 
1 0.5634765625 0.525390625 0.021484375 0.021484375 
0 0.5 0.544921875 0.0234375 0.0234375 
0 0.392578125 0.390625 0.0224609375 0.0224609375 
0 0.5771484375 0.1376953125 0.0224609375 0.0224609375 
0 0.5166015625 0.37890625 0.021484375 0.021484375 
0 0.3212890625 0.0361328125 0.021484375 0.021484375 
0 0.4970703125 0.263671875 0.0234375 0.0234375 
1 0.470703125 0.7490234375 0.021484375 0.021484375 
0 0.365234375 0.2421875 0.021484375 0.021484375 
0 0.654296875 0.2958984375 0.0224609375 0.0224609375 
1 0.5224609375 0.072265625 0.021484375 0.021484375 
0 0.4541015625 0.07421875 0.0234375 0.0234375 
0 0.37890625 0.0517578125 0.0234375 0.0234375 
0 0.61328125 0.271484375 0.0234375 0.0234375 
0 0.544921875 0.53515625 0.021484375 0.021484375 
0 0.64453125 0.1630859375 0.0234375 0.0234375 
0 0.52734375 0.390625 0.0224609375 0.0224609375 
0 0.390625 0.142578125 0.0234375 0.0234375 
0 0.3486328125 0.384765625 0.021484375 0.021484375 
0 0.64453125 0.205078125 0.0234375 0.0234375 
0 0.5927734375 0.1923828125 0.021484375 0.021484375 
0 0.63671875 0.1220703125 0.0234375 0.0234375 
0 0.52734375 0.1748046875 0.021484375 0.021484375 
0 0.373046875 0.0322265625 0.021484375 0.021484375 
0 0.43359375 0.7294921875 0.0234375 0.0234375 
0 0.5986328125 0.3466796875 0.021484375 0.021484375 
0 0.3994140625 0.5595703125 0.021484375 0.021484375 
0 0.4814453125 0.0322265625 0.021484375 0.021484375 
1 0.5498046875 0.380859375 0.0224609375 0.0224609375 
0 0.42578125 0.2587890625 0.021484375 0.021484375 
0 0.39453125 0.2353515625 0.0234375 0.0234375 
0 0.5302734375 0.697265625 0.0234375 0.0234375 
1 0.3681640625 0.1201171875 0.021484375 0.021484375 
0 0.5556640625 0.6328125 0.0234375 0.0234375 
0 0.55859375 0.1806640625 0.021484375 0.021484375 
0 0.4130859375 0.6484375 0.0234375 0.0234375 
1 0.5654296875 0.2119140625 0.021484375 0.021484375 
1 0.533203125 0.439453125 0.0224609375 0.0224609375 
0 0.421875 0.5283203125 0.0234375 0.0234375 
0 0.623046875 0.3232421875 0.0234375 0.0234375 
0 0.4931640625 0.791015625 0.0224609375 0.0224609375 
0 0.49609375 0.87109375 0.0224609375 0.0224609375 
0 0.5205078125 0.453125 0.021484375 0.021484375 
1 0.6005859375 0.2978515625 0.021484375 0.021484375 
0 0.4384765625 0.248046875 0.021484375 0.021484375 
0 0.603515625 0.5048828125 0.021484375 0.021484375 
0 0.37890625 0.4599609375 0.0224609375 0.0224609375 
0 0.423828125 0.33203125 0.0234375 0.0234375 
0 0.5625 0.7666015625 0.025390625 0.025390625 
0 0.6455078125 0.3212890625 0.0234375 0.0234375 
0 0.427734375 0.697265625 0.021484375 0.021484375 
0 0.517578125 0.2060546875 0.0234375 0.0234375 
0 0.6962890625 0.060546875 0.021484375 0.021484375 
0 0.6220703125 0.22265625 0.021484375 0.021484375 
0 0.427734375 0.0537109375 0.021484375 0.021484375 
0 0.4814453125 0.0869140625 0.021484375 0.021484375 
1 0.4931640625 0.4541015625 0.021484375 0.021484375 
0 0.451171875 0.2958984375 0.021484375 0.021484375 
0 0.6220703125 0.453125 0.021484375 0.021484375 
1 0.49609375 0.107421875 0.021484375 0.021484375 
1 0.5498046875 0.474609375 0.0224609375 0.0224609375 
