0 0.6015625 0.4287109375 0.021484375 0.021484375 
0 0.576171875 0.6005859375 0.021484375 0.021484375 
0 0.4638671875 0.455078125 0.0234375 0.0234375 
0 0.6005859375 0.4462890625 0.021484375 0.021484375 
0 0.5048828125 0.48828125 0.0234375 0.0234375 
0 0.5966796875 0.0615234375 0.0234375 0.0234375 
0 0.630859375 0.2626953125 0.021484375 0.021484375 
0 0.546875 0.8330078125 0.0224609375 0.0224609375 
0 0.4775390625 0.5009765625 0.021484375 0.021484375 
0 0.365234375 0.3310546875 0.021484375 0.021484375 
0 0.5400390625 0.2607421875 0.021484375 0.021484375 
0 0.662109375 0.2470703125 0.021484375 0.021484375 
0 0.37109375 0.2802734375 0.0224609375 0.0224609375 
0 0.6962890625 0.0693359375 0.021484375 0.021484375 
0 0.4150390625 0.08984375 0.021484375 0.021484375 
0 0.57421875 0.158203125 0.0234375 0.0234375 
0 0.3349609375 0.306640625 0.0234375 0.0234375 
0 0.669921875 0.078125 0.0224609375 0.0224609375 
0 0.4462890625 0.26171875 0.0234375 0.0234375 
0 0.5654296875 0.7041015625 0.021484375 0.021484375 
0 0.54296875 0.501953125 0.021484375 0.021484375 
1 0.6083984375 0.318359375 0.021484375 0.021484375 
1 0.4482421875 0.1279296875 0.021484375 0.021484375 
1 0.443359375 0.046875 0.021484375 0.021484375 
1 0.4287109375 0.08203125 0.0224609375 0.0224609375 
0 0.4462890625 0.2919921875 0.021484375 0.021484375 
0 0.6455078125 0.1201171875 0.0234375 0.0234375 
0 0.51953125 0.3271484375 0.021484375 0.021484375 
0 0.6298828125 0.0380859375 0.0234375 0.0234375 
0 0.6181640625 0.283203125 0.021484375 0.021484375 
0 0.6591796875 0.2890625 0.021484375 0.021484375 
0 0.419921875 0.6650390625 0.0224609375 0.0224609375 
1 0.5283203125 0.5546875 0.021484375 0.021484375 
0 0.2939453125 0.0810546875 0.0224609375 0.0224609375 
0 0.4560546875 0.53515625 0.021484375 0.021484375 
1 0.33203125 0.20703125 0.021484375 0.021484375 
0 0.5830078125 0.0390625 0.021484375 0.021484375 
0 0.578125 0.3251953125 0.021484375 0.021484375 
0 0.521484375 0.4404296875 0.021484375 0.021484375 
0 0.4462890625 0.4609375 0.0234375 0.0234375 
0 0.384765625 0.0439453125 0.0234375 0.0234375 
1 0.5830078125 0.3408203125 0.021484375 0.021484375 
0 0.490234375 0.357421875 0.021484375 0.021484375 
0 0.5732421875 0.2958984375 0.0234375 0.0234375 
1 0.55859375 0.740234375 0.0224609375 0.0224609375 
0 0.515625 0.689453125 0.021484375 0.021484375 
1 0.3330078125 0.037109375 0.021484375 0.021484375 
0 0.4580078125 0.3515625 0.021484375 0.021484375 
0 0.5068359375 0.2880859375 0.021484375 0.021484375 
0 0.6572265625 0.2294921875 0.021484375 0.021484375 
0 0.423828125 0.5712890625 0.0234375 0.0234375 
1 0.6357421875 0.15234375 0.021484375 0.021484375 
1 0.5234375 0.125 0.021484375 0.021484375 
0 0.4658203125 0.892578125 0.025390625 0.025390625 
0 0.6181640625 0.4033203125 0.021484375 0.021484375 
0 0.474609375 0.654296875 0.021484375 0.021484375 
1 0.541015625 0.7685546875 0.0234375 0.0234375 
0 0.5966796875 0.2548828125 0.021484375 0.021484375 
0 0.369140625 0.1904296875 0.021484375 0.021484375 
0 0.46484375 0.1787109375 0.0234375 0.0234375 
1 0.44140625 0.3115234375 0.0224609375 0.0224609375 
0 0.4658203125 0.2958984375 0.021484375 0.021484375 
0 0.521484375 0.5126953125 0.021484375 0.021484375 
1 0.5283203125 0.23046875 0.021484375 0.021484375 
1 0.416015625 0.30078125 0.021484375 0.021484375 
0 0.625 0.44921875 0.021484375 0.021484375 
1 0.4755859375 0.3681640625 0.0224609375 0.0224609375 
0 0.4970703125 0.4658203125 0.021484375 0.021484375 
0 0.5078125 0.5322265625 0.0224609375 0.0224609375 
0 0.55078125 0.0322265625 0.0234375 0.0234375 
0 0.5576171875 0.18359375 0.021484375 0.021484375 
1 0.4658203125 0.6689453125 0.021484375 0.021484375 
1 0.392578125 0.37109375 0.0224609375 0.0224609375 
0 0.5263671875 0.66796875 0.021484375 0.021484375 
0 0.404296875 0.048828125 0.021484375 0.021484375 
0 0.6796875 0.2265625 0.021484375 0.021484375 
0 0.513671875 0.419921875 0.021484375 0.021484375 
0 0.5771484375 0.2568359375 0.021484375 0.021484375 
0 0.49609375 0.0732421875 0.0234375 0.0234375 
0 0.6474609375 0.091796875 0.021484375 0.021484375 
0 0.3037109375 0.1357421875 0.0234375 0.0234375 
0 0.44921875 0.07421875 0.021484375 0.021484375 
0 0.4814453125 0.7841796875 0.0224609375 0.0224609375 
0 0.3466796875 0.0703125 0.0224609375 0.0224609375 
1 0.548828125 0.1650390625 0.021484375 0.021484375 
0 0.474609375 0.16015625 0.0234375 0.0234375 
1 0.3955078125 0.4111328125 0.0224609375 0.0224609375 
0 0.384765625 0.2587890625 0.021484375 0.021484375 
0 0.3447265625 0.2236328125 0.021484375 0.021484375 
0 0.646484375 0.1748046875 0.021484375 0.021484375 
0 0.5927734375 0.1552734375 0.021484375 0.021484375 
0 0.3701171875 0.265625 0.0234375 0.0234375 
0 0.4814453125 0.091796875 0.021484375 0.021484375 
0 0.521484375 0.0625 0.021484375 0.021484375 
1 0.3837890625 0.1181640625 0.0224609375 0.0224609375 
0 0.5107421875 0.0947265625 0.021484375 0.021484375 
0 0.6015625 0.0419921875 0.0234375 0.0234375 
1 0.4248046875 0.388671875 0.0224609375 0.0224609375 
0 0.3359375 0.1337890625 0.021484375 0.021484375 
1 0.4345703125 0.689453125 0.021484375 0.021484375 
1 0.49609375 0.1669921875 0.021484375 0.021484375 
0 0.4384765625 0.416015625 0.0234375 0.0234375 
0 0.5498046875 0.3818359375 0.021484375 0.021484375 
0 0.544921875 0.6064453125 0.021484375 0.021484375 
1 0.595703125 0.2275390625 0.021484375 0.021484375 
1 0.48828125 0.3896484375 0.021484375 0.021484375 
1 0.6318359375 0.3857421875 0.021484375 0.021484375 
1 0.572265625 0.6259765625 0.021484375 0.021484375 
0 0.638671875 0.369140625 0.0224609375 0.0224609375 
0 0.5791015625 0.5771484375 0.0234375 0.0234375 
0 0.5869140625 0.5478515625 0.0234375 0.0234375 
0 0.5830078125 0.48828125 0.0224609375 0.0224609375 
0 0.4853515625 0.0595703125 0.0234375 0.0234375 
1 0.5263671875 0.79296875 0.021484375 0.021484375 
0 0.4287109375 0.2646484375 0.0234375 0.0234375 
0 0.4462890625 0.1083984375 0.0234375 0.0234375 
1 0.52734375 0.27734375 0.021484375 0.021484375 
1 0.5966796875 0.6044921875 0.021484375 0.021484375 
1 0.5478515625 0.5517578125 0.0224609375 0.0224609375 
0 0.5322265625 0.6494140625 0.021484375 0.021484375 
0 0.3271484375 0.1044921875 0.0234375 0.0234375 
0 0.509765625 0.177734375 0.021484375 0.021484375 
0 0.3798828125 0.4931640625 0.021484375 0.021484375 
1 0.591796875 0.6328125 0.021484375 0.021484375 
0 0.4765625 0.6796875 0.021484375 0.021484375 
1 0.5048828125 0.8291015625 0.021484375 0.021484375 
0 0.427734375 0.474609375 0.021484375 0.021484375 
1 0.51171875 0.869140625 0.0234375 0.0234375 
0 0.2890625 0.0986328125 0.0234375 0.0234375 
0 0.4541015625 0.826171875 0.021484375 0.021484375 
0 0.5986328125 0.5673828125 0.0234375 0.0234375 
0 0.4375 0.6162109375 0.021484375 0.021484375 
0 0.4541015625 0.4736328125 0.021484375 0.021484375 
0 0.453125 0.41796875 0.021484375 0.021484375 
1 0.421875 0.5966796875 0.021484375 0.021484375 
0 0.599609375 0.3349609375 0.0234375 0.0234375 
0 0.576171875 0.1748046875 0.0234375 0.0234375 
1 0.462890625 0.69921875 0.0224609375 0.0224609375 
0 0.666015625 0.1044921875 0.021484375 0.021484375 
0 0.5546875 0.798828125 0.01953125 0.01953125 
0 0.5068359375 0.669921875 0.0224609375 0.0224609375 
0 0.6259765625 0.060546875 0.021484375 0.021484375 
1 0.5703125 0.3994140625 0.021484375 0.021484375 
1 0.5048828125 0.1953125 0.021484375 0.021484375 
0 0.681640625 0.09375 0.021484375 0.021484375 
0 0.5458984375 0.287109375 0.021484375 0.021484375 
0 0.431640625 0.65234375 0.021484375 0.021484375 
0 0.6708984375 0.1796875 0.021484375 0.021484375 
1 0.443359375 0.5634765625 0.0224609375 0.0224609375 
0 0.5185546875 0.708984375 0.021484375 0.021484375 
0 0.3583984375 0.1650390625 0.0234375 0.0234375 
0 0.37109375 0.080078125 0.021484375 0.021484375 
0 0.5947265625 0.404296875 0.0234375 0.0234375 
0 0.662109375 0.154296875 0.021484375 0.021484375 
0 0.5029296875 0.78515625 0.0224609375 0.0224609375 
1 0.3486328125 0.3955078125 0.021484375 0.021484375 
0 0.2802734375 0.048828125 0.0234375 0.0234375 
1 0.314453125 0.1181640625 0.021484375 0.021484375 
1 0.36328125 0.046875 0.021484375 0.021484375 
0 0.5830078125 0.53125 0.0224609375 0.0224609375 
0 0.33984375 0.2802734375 0.021484375 0.021484375 
1 0.4560546875 0.68359375 0.0224609375 0.0224609375 
0 0.556640625 0.2705078125 0.0234375 0.0234375 
0 0.52734375 0.33984375 0.0234375 0.0234375 
0 0.572265625 0.3564453125 0.021484375 0.021484375 
1 0.4501953125 0.6259765625 0.021484375 0.021484375 
0 0.50390625 0.6240234375 0.0224609375 0.0224609375 
0 0.6181640625 0.462890625 0.021484375 0.021484375 
0 0.4404296875 0.1513671875 0.0234375 0.0234375 
0 0.486328125 0.8173828125 0.021484375 0.021484375 
0 0.595703125 0.5068359375 0.0234375 0.0234375 
0 0.4052734375 0.1767578125 0.021484375 0.021484375 
1 0.5234375 0.8486328125 0.021484375 0.021484375 
0 0.34765625 0.3759765625 0.0234375 0.0234375 
1 0.427734375 0.060546875 0.021484375 0.021484375 
0 0.3076171875 0.0595703125 0.021484375 0.021484375 
0 0.4580078125 0.8095703125 0.021484375 0.021484375 
0 0.4482421875 0.5791015625 0.0234375 0.0234375 
0 0.5439453125 0.1171875 0.021484375 0.021484375 
1 0.4794921875 0.3193359375 0.021484375 0.021484375 
0 0.373046875 0.314453125 0.0234375 0.0234375 
0 0.3828125 0.2294921875 0.021484375 0.021484375 
0 0.599609375 0.203125 0.021484375 0.021484375 
0 0.41015625 0.640625 0.0234375 0.0234375 
0 0.5283203125 0.634765625 0.021484375 0.021484375 
0 0.4365234375 0.5244140625 0.0224609375 0.0224609375 
0 0.4560546875 0.7939453125 0.025390625 0.025390625 
0 0.4853515625 0.5419921875 0.021484375 0.021484375 
0 0.47265625 0.6337890625 0.021484375 0.021484375 
0 0.42578125 0.193359375 0.021484375 0.021484375 
