0 0.3330078125 0.0595703125 0.021484375 0.021484375 
0 0.552734375 0.638671875 0.021484375 0.021484375 
0 0.373046875 0.103515625 0.0224609375 0.0224609375 
0 0.529296875 0.83984375 0.021484375 0.021484375 
1 0.6591796875 0.236328125 0.0224609375 0.0224609375 
0 0.7099609375 0.0830078125 0.0234375 0.0234375 
0 0.5068359375 0.33984375 0.0234375 0.0234375 
0 0.537109375 0.58203125 0.021484375 0.021484375 
0 0.3740234375 0.5078125 0.021484375 0.021484375 
1 0.5048828125 0.8740234375 0.021484375 0.021484375 
0 0.4169921875 0.4326171875 0.021484375 0.021484375 
1 0.41015625 0.1865234375 0.021484375 0.021484375 
1 0.3408203125 0.1318359375 0.021484375 0.021484375 
0 0.4091796875 0.5107421875 0.021484375 0.021484375 
0 0.3798828125 0.279296875 0.021484375 0.021484375 
0 0.404296875 0.1513671875 0.021484375 0.021484375 
0 0.509765625 0.68359375 0.0224609375 0.0224609375 
1 0.3369140625 0.1630859375 0.021484375 0.021484375 
0 0.490234375 0.845703125 0.01953125 0.01953125 
1 0.576171875 0.591796875 0.021484375 0.021484375 
0 0.35546875 0.3544921875 0.0234375 0.0234375 
0 0.580078125 0.6259765625 0.0234375 0.0234375 
0 0.5322265625 0.4736328125 0.021484375 0.021484375 
0 0.45703125 0.07421875 0.0234375 0.0234375 
0 0.4169921875 0.2265625 0.0234375 0.0234375 
1 0.6630859375 0.3037109375 0.021484375 0.021484375 
0 0.49609375 0.482421875 0.0224609375 0.0224609375 
1 0.3427734375 0.0400390625 0.021484375 0.021484375 
0 0.3759765625 0.1904296875 0.0224609375 0.0224609375 
0 0.5126953125 0.1630859375 0.021484375 0.021484375 
1 0.642578125 0.07421875 0.021484375 0.021484375 
0 0.5947265625 0.4970703125 0.021484375 0.021484375 
0 0.4912109375 0.5439453125 0.021484375 0.021484375 
0 0.388671875 0.2451171875 0.0224609375 0.0224609375 
0 0.5556640625 0.6005859375 0.021484375 0.021484375 
0 0.5751953125 0.6630859375 0.021484375 0.021484375 
1 0.4990234375 0.439453125 0.021484375 0.021484375 
0 0.5634765625 0.41796875 0.021484375 0.021484375 
0 0.640625 0.1005859375 0.021484375 0.021484375 
1 0.5498046875 0.666015625 0.021484375 0.021484375 
1 0.587890625 0.5654296875 0.021484375 0.021484375 
0 0.5703125 0.1953125 0.0224609375 0.0224609375 
1 0.4248046875 0.05078125 0.021484375 0.021484375 
0 0.48828125 0.4521484375 0.021484375 0.021484375 
1 0.5947265625 0.1748046875 0.021484375 0.021484375 
0 0.2880859375 0.0615234375 0.0224609375 0.0224609375 
0 0.4912109375 0.5732421875 0.021484375 0.021484375 
0 0.35546875 0.1650390625 0.021484375 0.021484375 
1 0.4814453125 0.72265625 0.0224609375 0.0224609375 
1 0.5146484375 0.3857421875 0.021484375 0.021484375 
0 0.458984375 0.3466796875 0.021484375 0.021484375 
0 0.4365234375 0.212890625 0.021484375 0.021484375 
0 0.498046875 0.591796875 0.021484375 0.021484375 
0 0.607421875 0.517578125 0.021484375 0.021484375 
0 0.3681640625 0.06640625 0.0224609375 0.0224609375 
0 0.5693359375 0.572265625 0.0234375 0.0234375 
0 0.5009765625 0.17578125 0.021484375 0.021484375 
1 0.44140625 0.6982421875 0.0224609375 0.0224609375 
0 0.4013671875 0.125 0.0224609375 0.0224609375 
0 0.6474609375 0.041015625 0.0234375 0.0234375 
0 0.49609375 0.3798828125 0.021484375 0.021484375 
0 0.4990234375 0.62890625 0.021484375 0.021484375 
0 0.431640625 0.2392578125 0.021484375 0.021484375 
0 0.5146484375 0.314453125 0.0224609375 0.0224609375 
1 0.482421875 0.31640625 0.021484375 0.021484375 
0 0.640625 0.2265625 0.0234375 0.0234375 
0 0.658203125 0.08203125 0.021484375 0.021484375 
0 0.4736328125 0.7412109375 0.021484375 0.021484375 
1 0.572265625 0.033203125 0.021484375 0.021484375 
1 0.498046875 0.326171875 0.021484375 0.021484375 
0 0.6435546875 0.3251953125 0.021484375 0.021484375 
0 0.4267578125 0.2841796875 0.0224609375 0.0224609375 
0 0.46484375 0.59765625 0.0234375 0.0234375 
0 0.7138671875 0.0625 0.021484375 0.021484375 
0 0.63671875 0.1650390625 0.0234375 0.0234375 
0 0.3701171875 0.3193359375 0.021484375 0.021484375 
0 0.544921875 0.1962890625 0.0234375 0.0234375 
0 0.52734375 0.0302734375 0.021484375 0.021484375 
1 0.404296875 0.08984375 0.0224609375 0.0224609375 
0 0.4951171875 0.701171875 0.021484375 0.021484375 
0 0.40625 0.0322265625 0.0234375 0.0234375 
1 0.6357421875 0.1240234375 0.021484375 0.021484375 
0 0.634765625 0.060546875 0.021484375 0.021484375 
1 0.4892578125 0.287109375 0.021484375 0.021484375 
0 0.40625 0.6015625 0.021484375 0.021484375 
0 0.4580078125 0.19921875 0.021484375 0.021484375 
0 0.4609375 0.8486328125 0.01953125 0.01953125 
0 0.310546875 0.1982421875 0.021484375 0.021484375 
1 0.306640625 0.0458984375 0.021484375 0.021484375 
1 0.521484375 0.5517578125 0.0224609375 0.0224609375 
0 0.61328125 0.53125 0.0234375 0.0234375 
0 0.583984375 0.3544921875 0.0234375 0.0234375 
0 0.5771484375 0.3203125 0.021484375 0.021484375 
0 0.5048828125 0.2353515625 0.021484375 0.021484375 
0 0.5224609375 0.3681640625 0.0234375 0.0234375 
0 0.5107421875 0.220703125 0.021484375 0.021484375 
0 0.5556640625 0.236328125 0.0234375 0.0234375 
0 0.3935546875 0.4111328125 0.0224609375 0.0224609375 
0 0.4599609375 0.12890625 0.021484375 0.021484375 
1 0.5498046875 0.439453125 0.021484375 0.021484375 
0 0.361328125 0.41015625 0.021484375 0.021484375 
0 0.572265625 0.5205078125 0.0234375 0.0234375 
0 0.619140625 0.4189453125 0.021484375 0.021484375 
0 0.3125 0.16796875 0.021484375 0.021484375 
0 0.5400390625 0.3798828125 0.021484375 0.021484375 
0 0.341796875 0.103515625 0.021484375 0.021484375 
0 0.4990234375 0.5029296875 0.0224609375 0.0224609375 
0 0.4150390625 0.552734375 0.0234375 0.0234375 
1 0.4443359375 0.1044921875 0.021484375 0.021484375 
0 0.5810546875 0.2978515625 0.021484375 0.021484375 
0 0.5224609375 0.708984375 0.021484375 0.021484375 
0 0.6064453125 0.3603515625 0.0224609375 0.0224609375 
0 0.5439453125 0.4208984375 0.021484375 0.021484375 
0 0.53125 0.2939453125 0.0234375 0.0234375 
1 0.38671875 0.0458984375 0.0224609375 0.0224609375 
0 0.5791015625 0.2177734375 0.0234375 0.0234375 
0 0.673828125 0.23828125 0.0234375 0.0234375 
0 0.5703125 0.71484375 0.021484375 0.021484375 
1 0.44140625 0.6240234375 0.021484375 0.021484375 
0 0.578125 0.43359375 0.0234375 0.0234375 
0 0.5517578125 0.3125 0.021484375 0.021484375 
0 0.48828125 0.1875 0.021484375 0.021484375 
0 0.39453125 0.3017578125 0.021484375 0.021484375 
0 0.55078125 0.7822265625 0.021484375 0.021484375 
1 0.5966796875 0.033203125 0.021484375 0.021484375 
0 0.4384765625 0.484375 0.0234375 0.0234375 
