1 0.4453125 0.1220703125 0.0224609375 0.0224609375 
1 0.46875 0.2451171875 0.021484375 0.021484375 
0 0.41015625 0.2431640625 0.021484375 0.021484375 
1 0.5986328125 0.05859375 0.021484375 0.021484375 
0 0.3095703125 0.0927734375 0.021484375 0.021484375 
0 0.525390625 0.5634765625 0.021484375 0.021484375 
0 0.4892578125 0.142578125 0.0234375 0.0234375 
0 0.5263671875 0.1455078125 0.0234375 0.0234375 
0 0.529296875 0.5419921875 0.021484375 0.021484375 
0 0.4833984375 0.419921875 0.021484375 0.021484375 
0 0.3828125 0.078125 0.021484375 0.021484375 
0 0.451171875 0.1806640625 0.021484375 0.021484375 
0 0.3603515625 0.4169921875 0.0224609375 0.0224609375 
0 0.6025390625 0.3349609375 0.021484375 0.021484375 
0 0.490234375 0.6748046875 0.0234375 0.0234375 
0 0.501953125 0.07421875 0.0234375 0.0234375 
0 0.3125 0.2236328125 0.0234375 0.0234375 
1 0.3955078125 0.55859375 0.0224609375 0.0224609375 
0 0.3564453125 0.1640625 0.021484375 0.021484375 
0 0.6240234375 0.12890625 0.0234375 0.0234375 
0 0.375 0.37890625 0.021484375 0.021484375 
0 0.380859375 0.2353515625 0.021484375 0.021484375 
0 0.5810546875 0.306640625 0.021484375 0.021484375 
0 0.44140625 0.4248046875 0.021484375 0.021484375 
0 0.6171875 0.376953125 0.021484375 0.021484375 
0 0.5888671875 0.5546875 0.021484375 0.021484375 
0 0.4638671875 0.0302734375 0.021484375 0.021484375 
0 0.5224609375 0.4453125 0.021484375 0.021484375 
1 0.509765625 0.1953125 0.0224609375 0.0224609375 
0 0.5791015625 0.3916015625 0.021484375 0.021484375 
0 0.63671875 0.296875 0.0234375 0.0234375 
0 0.4453125 0.7041015625 0.021484375 0.021484375 
0 0.439453125 0.6474609375 0.0234375 0.0234375 
0 0.607421875 0.248046875 0.021484375 0.021484375 
0 0.4208984375 0.548828125 0.021484375 0.021484375 
0 0.4892578125 0.4560546875 0.021484375 0.021484375 
0 0.5810546875 0.2734375 0.021484375 0.021484375 
1 0.4814453125 0.435546875 0.0224609375 0.0224609375 
0 0.5361328125 0.31640625 0.0224609375 0.0224609375 
0 0.37109375 0.1279296875 0.021484375 0.021484375 
0 0.4931640625 0.7060546875 0.0234375 0.0234375 
0 0.48828125 0.48046875 0.0234375 0.0234375 
1 0.59765625 0.4619140625 0.0224609375 0.0224609375 
0 0.4306640625 0.1396484375 0.021484375 0.021484375 
0 0.4306640625 0.3349609375 0.021484375 0.021484375 
1 0.46875 0.576171875 0.021484375 0.021484375 
1 0.4013671875 0.3828125 0.021484375 0.021484375 
0 0.5185546875 0.373046875 0.021484375 0.021484375 
0 0.580078125 0.1865234375 0.021484375 0.021484375 
1 0.484375 0.0703125 0.0224609375 0.0224609375 
0 0.537109375 0.3916015625 0.0234375 0.0234375 
1 0.4130859375 0.466796875 0.021484375 0.021484375 
0 0.6337890625 0.2333984375 0.021484375 0.021484375 
0 0.3515625 0.296875 0.021484375 0.021484375 
0 0.521484375 0.86328125 0.0224609375 0.0224609375 
0 0.5654296875 0.6162109375 0.0234375 0.0234375 
0 0.4921875 0.1875 0.0234375 0.0234375 
0 0.560546875 0.1171875 0.0224609375 0.0224609375 
1 0.4765625 0.31640625 0.021484375 0.021484375 
1 0.6640625 0.28515625 0.021484375 0.021484375 
1 0.431640625 0.5927734375 0.021484375 0.021484375 
0 0.4443359375 0.1572265625 0.021484375 0.021484375 
0 0.478515625 0.724609375 0.0234375 0.0234375 
0 0.4267578125 0.1826171875 0.021484375 0.021484375 
0 0.447265625 0.5712890625 0.021484375 0.021484375 
0 0.5576171875 0.037109375 0.0234375 0.0234375 
0 0.404296875 0.482421875 0.021484375 0.021484375 
0 0.4052734375 0.0751953125 0.0234375 0.0234375 
1 0.5966796875 0.1572265625 0.021484375 0.021484375 
0 0.400390625 0.3994140625 0.021484375 0.021484375 
1 0.5869140625 0.2353515625 0.0224609375 0.0224609375 
0 0.494140625 0.6328125 0.021484375 0.021484375 
1 0.564453125 0.4990234375 0.0224609375 0.0224609375 
1 0.298828125 0.0361328125 0.0224609375 0.0224609375 
0 0.4013671875 0.2880859375 0.021484375 0.021484375 
1 0.4599609375 0.3544921875 0.0224609375 0.0224609375 
0 0.4951171875 0.8408203125 0.01953125 0.01953125 
1 0.283203125 0.09765625 0.0224609375 0.0224609375 
0 0.494140625 0.58203125 0.0234375 0.0234375 
0 0.5947265625 0.4912109375 0.0224609375 0.0224609375 
0 0.4609375 0.669921875 0.0234375 0.0234375 
0 0.6298828125 0.1689453125 0.0234375 0.0234375 
0 0.61328125 0.091796875 0.0234375 0.0234375 
0 0.4677734375 0.486328125 0.0224609375 0.0224609375 
0 0.5185546875 0.7861328125 0.021484375 0.021484375 
0 0.638671875 0.271484375 0.0234375 0.0234375 
0 0.509765625 0.22265625 0.0224609375 0.0224609375 
0 0.404296875 0.056640625 0.021484375 0.021484375 
1 0.3681640625 0.10546875 0.021484375 0.021484375 
1 0.5478515625 0.5634765625 0.021484375 0.021484375 
0 0.650390625 0.0361328125 0.021484375 0.021484375 
1 0.6533203125 0.1005859375 0.021484375 0.021484375 
0 0.494140625 0.5546875 0.0224609375 0.0224609375 
0 0.5 0.236328125 0.0224609375 0.0224609375 
0 0.419921875 0.3056640625 0.021484375 0.021484375 
0 0.3623046875 0.4501953125 0.021484375 0.021484375 
0 0.4365234375 0.615234375 0.021484375 0.021484375 
0 0.5400390625 0.5009765625 0.021484375 0.021484375 
0 0.5380859375 0.5244140625 0.0234375 0.0234375 
0 0.5126953125 0.70703125 0.021484375 0.021484375 
0 0.5673828125 0.5888671875 0.021484375 0.021484375 
0 0.3134765625 0.0751953125 0.021484375 0.021484375 
1 0.6103515625 0.552734375 0.021484375 0.021484375 
0 0.3896484375 0.4140625 0.021484375 0.021484375 
0 0.5556640625 0.5166015625 0.021484375 0.021484375 
0 0.4150390625 0.6640625 0.0224609375 0.0224609375 
1 0.3896484375 0.1953125 0.021484375 0.021484375 
0 0.5205078125 0.2568359375 0.021484375 0.021484375 
0 0.439453125 0.10546875 0.0234375 0.0234375 
0 0.5205078125 0.0771484375 0.0234375 0.0234375 
1 0.4462890625 0.0693359375 0.021484375 0.021484375 
0 0.6982421875 0.0927734375 0.0234375 0.0234375 
0 0.5205078125 0.478515625 0.0234375 0.0234375 
0 0.380859375 0.2666015625 0.021484375 0.021484375 
0 0.701171875 0.1220703125 0.021484375 0.021484375 
0 0.646484375 0.208984375 0.021484375 0.021484375 
1 0.4765625 0.7607421875 0.021484375 0.021484375 
0 0.51171875 0.1328125 0.021484375 0.021484375 
0 0.5927734375 0.36328125 0.021484375 0.021484375 
0 0.6142578125 0.15234375 0.0234375 0.0234375 
0 0.5498046875 0.34375 0.0234375 0.0234375 
0 0.5478515625 0.4365234375 0.021484375 0.021484375 
1 0.5458984375 0.1474609375 0.0224609375 0.0224609375 
1 0.45703125 0.619140625 0.021484375 0.021484375 
1 0.6796875 0.1455078125 0.021484375 0.021484375 
0 0.6083984375 0.212890625 0.021484375 0.021484375 
0 0.3173828125 0.15625 0.021484375 0.021484375 
0 0.3388671875 0.16015625 0.0234375 0.0234375 
0 0.349609375 0.0390625 0.0234375 0.0234375 
0 0.427734375 0.478515625 0.021484375 0.021484375 
1 0.5458984375 0.63671875 0.021484375 0.021484375 
