0 0.54296875 0.703125 0.021484375 0.021484375 
0 0.443359375 0.60546875 0.021484375 0.021484375 
0 0.572265625 0.3115234375 0.0234375 0.0234375 
0 0.5146484375 0.8544921875 0.0224609375 0.0224609375 
0 0.388671875 0.203125 0.021484375 0.021484375 
0 0.4443359375 0.0947265625 0.021484375 0.021484375 
0 0.4345703125 0.296875 0.021484375 0.021484375 
1 0.5068359375 0.4912109375 0.021484375 0.021484375 
0 0.3681640625 0.37109375 0.021484375 0.021484375 
0 0.533203125 0.0859375 0.021484375 0.021484375 
0 0.5234375 0.1083984375 0.021484375 0.021484375 
1 0.4580078125 0.521484375 0.021484375 0.021484375 
0 0.43359375 0.625 0.0234375 0.0234375 
0 0.4150390625 0.2939453125 0.021484375 0.021484375 
0 0.4755859375 0.0478515625 0.0234375 0.0234375 
1 0.4736328125 0.4228515625 0.021484375 0.021484375 
0 0.396484375 0.2900390625 0.0234375 0.0234375 
0 0.58203125 0.2587890625 0.021484375 0.021484375 
1 0.5205078125 0.7412109375 0.0224609375 0.0224609375 
0 0.3408203125 0.1748046875 0.021484375 0.021484375 
0 0.494140625 0.05078125 0.0234375 0.0234375 
0 0.4052734375 0.53515625 0.0234375 0.0234375 
1 0.427734375 0.2158203125 0.021484375 0.021484375 
1 0.52734375 0.4775390625 0.021484375 0.021484375 
0 0.6669921875 0.126953125 0.021484375 0.021484375 
1 0.4453125 0.8095703125 0.0234375 0.0234375 
0 0.322265625 0.15625 0.021484375 0.021484375 
0 0.2919921875 0.05078125 0.021484375 0.021484375 
0 0.443359375 0.4716796875 0.021484375 0.021484375 
0 0.5068359375 0.8701171875 0.021484375 0.021484375 
0 0.462890625 0.796875 0.0224609375 0.0224609375 
0 0.4599609375 0.138671875 0.0234375 0.0234375 
0 0.45703125 0.6689453125 0.0234375 0.0234375 
1 0.5166015625 0.3427734375 0.021484375 0.021484375 
1 0.3662109375 0.1015625 0.0224609375 0.0224609375 
0 0.59375 0.06640625 0.0234375 0.0234375 
0 0.5556640625 0.5732421875 0.021484375 0.021484375 
0 0.4267578125 0.693359375 0.021484375 0.021484375 
0 0.5859375 0.3671875 0.0234375 0.0234375 
0 0.4609375 0.080078125 0.021484375 0.021484375 
1 0.6806640625 0.1142578125 0.021484375 0.021484375 
0 0.6005859375 0.3876953125 0.021484375 0.021484375 
1 0.4560546875 0.5068359375 0.0224609375 0.0224609375 
0 0.4931640625 0.5185546875 0.0234375 0.0234375 
0 0.5810546875 0.5673828125 0.021484375 0.021484375 
0 0.5625 0.2080078125 0.0234375 0.0234375 
1 0.427734375 0.392578125 0.0224609375 0.0224609375 
0 0.4248046875 0.6083984375 0.0234375 0.0234375 
0 0.513671875 0.783203125 0.01953125 0.01953125 
0 0.615234375 0.443359375 0.021484375 0.021484375 
1 0.34765625 0.32421875 0.021484375 0.021484375 
0 0.447265625 0.2744140625 0.021484375 0.021484375 
0 0.431640625 0.529296875 0.021484375 0.021484375 
0 0.6240234375 0.25390625 0.0234375 0.0234375 
0 0.541015625 0.130859375 0.0234375 0.0234375 
0 0.4990234375 0.4404296875 0.0234375 0.0234375 
0 0.6484375 0.0947265625 0.021484375 0.021484375 
0 0.4853515625 0.728515625 0.021484375 0.021484375 
1 0.3623046875 0.4296875 0.021484375 0.021484375 
0 0.4130859375 0.0849609375 0.021484375 0.021484375 
0 0.365234375 0.455078125 0.0224609375 0.0224609375 
0 0.5810546875 0.345703125 0.021484375 0.021484375 
1 0.671875 0.185546875 0.021484375 0.021484375 
0 0.5166015625 0.048828125 0.0234375 0.0234375 
1 0.49609375 0.376953125 0.0224609375 0.0224609375 
1 0.5400390625 0.16796875 0.021484375 0.021484375 
0 0.50390625 0.1298828125 0.0224609375 0.0224609375 
0 0.4541015625 0.404296875 0.0234375 0.0234375 
0 0.4755859375 0.8955078125 0.021484375 0.021484375 
1 0.533203125 0.0322265625 0.021484375 0.021484375 
0 0.560546875 0.126953125 0.021484375 0.021484375 
0 0.6806640625 0.095703125 0.021484375 0.021484375 
0 0.5673828125 0.541015625 0.021484375 0.021484375 
0 0.4580078125 0.1171875 0.021484375 0.021484375 
1 0.3935546875 0.4140625 0.021484375 0.021484375 
0 0.5078125 0.072265625 0.0234375 0.0234375 
1 0.443359375 0.0732421875 0.021484375 0.021484375 
0 0.58984375 0.0419921875 0.021484375 0.021484375 
0 0.4990234375 0.087890625 0.0234375 0.0234375 
0 0.34375 0.037109375 0.0234375 0.0234375 
0 0.5390625 0.248046875 0.0224609375 0.0224609375 
1 0.4580078125 0.2431640625 0.021484375 0.021484375 
1 0.4765625 0.765625 0.021484375 0.021484375 
0 0.5859375 0.2060546875 0.021484375 0.021484375 
0 0.4990234375 0.2939453125 0.021484375 0.021484375 
0 0.615234375 0.517578125 0.0224609375 0.0224609375 
1 0.373046875 0.0439453125 0.021484375 0.021484375 
1 0.537109375 0.6484375 0.021484375 0.021484375 
0 0.4814453125 0.62109375 0.0234375 0.0234375 
1 0.521484375 0.1533203125 0.0224609375 0.0224609375 
0 0.5791015625 0.4931640625 0.0224609375 0.0224609375 
0 0.4365234375 0.1318359375 0.021484375 0.021484375 
0 0.3974609375 0.05859375 0.0234375 0.0234375 
0 0.4580078125 0.583984375 0.021484375 0.021484375 
1 0.359375 0.3017578125 0.021484375 0.021484375 
1 0.5869140625 0.62109375 0.021484375 0.021484375 
0 0.3994140625 0.2568359375 0.021484375 0.021484375 
0 0.458984375 0.638671875 0.021484375 0.021484375 
0 0.5478515625 0.26171875 0.0234375 0.0234375 
0 0.478515625 0.287109375 0.021484375 0.021484375 
0 0.421875 0.37109375 0.0234375 0.0234375 
0 0.4404296875 0.7353515625 0.021484375 0.021484375 
0 0.517578125 0.80859375 0.0224609375 0.0224609375 
1 0.4990234375 0.1728515625 0.021484375 0.021484375 
1 0.6044921875 0.29296875 0.021484375 0.021484375 
0 0.541015625 0.4296875 0.021484375 0.021484375 
1 0.5478515625 0.8056640625 0.021484375 0.021484375 
0 0.6279296875 0.279296875 0.021484375 0.021484375 
1 0.5986328125 0.537109375 0.021484375 0.021484375 
0 0.345703125 0.119140625 0.021484375 0.021484375 
0 0.5556640625 0.5 0.0234375 0.0234375 
0 0.6669921875 0.0771484375 0.0234375 0.0234375 
0 0.60546875 0.224609375 0.021484375 0.021484375 
0 0.58203125 0.544921875 0.021484375 0.021484375 
0 0.6630859375 0.1982421875 0.0224609375 0.0224609375 
0 0.5361328125 0.326171875 0.021484375 0.021484375 
0 0.4677734375 0.607421875 0.021484375 0.021484375 
0 0.484375 0.2080078125 0.021484375 0.021484375 
1 0.580078125 0.1923828125 0.0224609375 0.0224609375 
0 0.6513671875 0.294921875 0.0234375 0.0234375 
1 0.66796875 0.2578125 0.0224609375 0.0224609375 
0 0.5322265625 0.7666015625 0.0224609375 0.0224609375 
0 0.4365234375 0.5654296875 0.021484375 0.021484375 
0 0.5439453125 0.1103515625 0.021484375 0.021484375 
0 0.3857421875 0.5419921875 0.021484375 0.021484375 
0 0.3369140625 0.1318359375 0.0234375 0.0234375 
0 0.595703125 0.3115234375 0.0234375 0.0234375 
0 0.361328125 0.19921875 0.0224609375 0.0224609375 
1 0.6083984375 0.267578125 0.021484375 0.021484375 
1 0.4296875 0.4658203125 0.0224609375 0.0224609375 
0 0.693359375 0.103515625 0.021484375 0.021484375 
0 0.337890625 0.0537109375 0.021484375 0.021484375 
0 0.654296875 0.16796875 0.0224609375 0.0224609375 
0 0.505859375 0.685546875 0.021484375 0.021484375 
0 0.361328125 0.0625 0.0234375 0.0234375 
1 0.388671875 0.11328125 0.0224609375 0.0224609375 
1 0.6650390625 0.0478515625 0.0224609375 0.0224609375 
0 0.4716796875 0.54296875 0.0234375 0.0234375 
0 0.537109375 0.5 0.0234375 0.0234375 
0 0.60546875 0.4052734375 0.021484375 0.021484375 
0 0.5625 0.349609375 0.0234375 0.0234375 
1 0.53515625 0.6806640625 0.0224609375 0.0224609375 
0 0.375 0.263671875 0.0224609375 0.0224609375 
1 0.423828125 0.1982421875 0.0224609375 0.0224609375 
1 0.3974609375 0.3154296875 0.021484375 0.021484375 
0 0.4453125 0.42578125 0.0234375 0.0234375 
0 0.6298828125 0.05078125 0.021484375 0.021484375 
0 0.529296875 0.2880859375 0.0234375 0.0234375 
