0 0.48046875 0.5078125 0.0234375 0.0234375 
0 0.6376953125 0.306640625 0.021484375 0.021484375 
0 0.54296875 0.2353515625 0.021484375 0.021484375 
0 0.5107421875 0.380859375 0.0224609375 0.0224609375 
0 0.48828125 0.2412109375 0.0234375 0.0234375 
1 0.32421875 0.08984375 0.0224609375 0.0224609375 
0 0.5078125 0.66015625 0.0234375 0.0234375 
0 0.3837890625 0.1396484375 0.0234375 0.0234375 
0 0.6259765625 0.2080078125 0.0224609375 0.0224609375 
1 0.6416015625 0.13671875 0.021484375 0.021484375 
0 0.5087890625 0.408203125 0.0234375 0.0234375 
0 0.3828125 0.1220703125 0.021484375 0.021484375 
1 0.490234375 0.650390625 0.0224609375 0.0224609375 
0 0.5341796875 0.1630859375 0.021484375 0.021484375 
0 0.4990234375 0.89453125 0.025390625 0.025390625 
0 0.3876953125 0.2236328125 0.0234375 0.0234375 
1 0.61328125 0.447265625 0.0224609375 0.0224609375 
0 0.515625 0.8603515625 0.0234375 0.0234375 
0 0.6650390625 0.076171875 0.021484375 0.021484375 
0 0.6015625 0.3828125 0.021484375 0.021484375 
1 0.5927734375 0.5263671875 0.021484375 0.021484375 
0 0.59375 0.0810546875 0.021484375 0.021484375 
0 0.53125 0.40625 0.021484375 0.021484375 
0 0.5986328125 0.2080078125 0.0234375 0.0234375 
0 0.625 0.1396484375 0.021484375 0.021484375 
0 0.5712890625 0.37890625 0.021484375 0.021484375 
1 0.4619140625 0.0546875 0.0224609375 0.0224609375 
1 0.513671875 0.2451171875 0.021484375 0.021484375 
0 0.498046875 0.5771484375 0.0234375 0.0234375 
0 0.5087890625 0.4287109375 0.0234375 0.0234375 
1 0.6533203125 0.0390625 0.021484375 0.021484375 
0 0.49609375 0.142578125 0.021484375 0.021484375 
0 0.4306640625 0.244140625 0.021484375 0.021484375 
1 0.3984375 0.4560546875 0.021484375 0.021484375 
0 0.580078125 0.2080078125 0.021484375 0.021484375 
0 0.4912109375 0.865234375 0.01953125 0.01953125 
1 0.6337890625 0.0390625 0.0224609375 0.0224609375 
0 0.4384765625 0.3330078125 0.021484375 0.021484375 
0 0.6552734375 0.2861328125 0.021484375 0.021484375 
0 0.4072265625 0.625 0.021484375 0.021484375 
0 0.4794921875 0.2578125 0.0234375 0.0234375 
0 0.4521484375 0.2353515625 0.0234375 0.0234375 
1 0.4833984375 0.302734375 0.021484375 0.021484375 
1 0.443359375 0.310546875 0.021484375 0.021484375 
1 0.60546875 0.4296875 0.021484375 0.021484375 
0 0.515625 0.177734375 0.0234375 0.0234375 
0 0.52734375 0.779296875 0.025390625 0.025390625 
1 0.6162109375 0.2314453125 0.021484375 0.021484375 
0 0.5986328125 0.5556640625 0.021484375 0.021484375 
0 0.5146484375 0.45703125 0.021484375 0.021484375 
0 0.671875 0.1796875 0.0234375 0.0234375 
0 0.673828125 0.123046875 0.021484375 0.021484375 
1 0.4990234375 0.603515625 0.021484375 0.021484375 
0 0.3662109375 0.0380859375 0.0234375 0.0234375 
0 0.537109375 0.1962890625 0.0234375 0.0234375 
0 0.369140625 0.3974609375 0.021484375 0.021484375 
0 0.3583984375 0.11328125 0.021484375 0.021484375 
0 0.5458984375 0.47265625 0.021484375 0.021484375 
0 0.53125 0.2783203125 0.0224609375 0.0224609375 
0 0.6171875 0.3896484375 0.0234375 0.0234375 
0 0.5830078125 0.1865234375 0.0234375 0.0234375 
1 0.556640625 0.2236328125 0.021484375 0.021484375 
0 0.62890625 0.2822265625 0.0234375 0.0234375 
0 0.4775390625 0.1513671875 0.0234375 0.0234375 
0 0.310546875 0.1513671875 0.0234375 0.0234375 
0 0.50390625 0.791015625 0.021484375 0.021484375 
0 0.513671875 0.4775390625 0.021484375 0.021484375 
1 0.5185546875 0.11328125 0.021484375 0.021484375 
0 0.4111328125 0.3740234375 0.0234375 0.0234375 
1 0.5888671875 0.6220703125 0.021484375 0.021484375 
0 0.498046875 0.447265625 0.021484375 0.021484375 
1 0.4228515625 0.60546875 0.021484375 0.021484375 
0 0.4990234375 0.125 0.0234375 0.0234375 
0 0.3681640625 0.1494140625 0.021484375 0.021484375 
0 0.61328125 0.16796875 0.0234375 0.0234375 
0 0.552734375 0.3857421875 0.0234375 0.0234375 
0 0.5625 0.0771484375 0.021484375 0.021484375 
0 0.5908203125 0.4521484375 0.0234375 0.0234375 
1 0.7099609375 0.072265625 0.021484375 0.021484375 
1 0.3896484375 0.408203125 0.021484375 0.021484375 
0 0.2958984375 0.08984375 0.021484375 0.021484375 
0 0.458984375 0.4423828125 0.0234375 0.0234375 
0 0.4052734375 0.51171875 0.021484375 0.021484375 
0 0.5712890625 0.59765625 0.0234375 0.0234375 
0 0.4677734375 0.3916015625 0.021484375 0.021484375 
0 0.3662109375 0.126953125 0.0224609375 0.0224609375 
1 0.56640625 0.111328125 0.021484375 0.021484375 
0 0.5224609375 0.2919921875 0.0234375 0.0234375 
0 0.392578125 0.1787109375 0.0234375 0.0234375 
0 0.462890625 0.890625 0.025390625 0.025390625 
1 0.607421875 0.1953125 0.0224609375 0.0224609375 
0 0.5390625 0.1162109375 0.0234375 0.0234375 
1 0.3544921875 0.3994140625 0.021484375 0.021484375 
0 0.64453125 0.16015625 0.021484375 0.021484375 
0 0.462890625 0.556640625 0.0234375 0.0234375 
0 0.4912109375 0.216796875 0.0224609375 0.0224609375 
0 0.544921875 0.8310546875 0.0224609375 0.0224609375 
1 0.4091796875 0.583984375 0.021484375 0.021484375 
0 0.478515625 0.41796875 0.021484375 0.021484375 
0 0.607421875 0.5185546875 0.0224609375 0.0224609375 
0 0.6181640625 0.4091796875 0.021484375 0.021484375 
1 0.3837890625 0.0595703125 0.021484375 0.021484375 
0 0.5810546875 0.146484375 0.0224609375 0.0224609375 
1 0.6015625 0.3193359375 0.021484375 0.021484375 
0 0.5146484375 0.0390625 0.0234375 0.0234375 
0 0.400390625 0.05859375 0.021484375 0.021484375 
0 0.4140625 0.1376953125 0.021484375 0.021484375 
0 0.525390625 0.2236328125 0.0234375 0.0234375 
0 0.5947265625 0.2431640625 0.021484375 0.021484375 
0 0.5478515625 0.2685546875 0.021484375 0.021484375 
0 0.4208984375 0.0625 0.021484375 0.021484375 
1 0.5 0.466796875 0.0224609375 0.0224609375 
1 0.466796875 0.6669921875 0.021484375 0.021484375 
1 0.6298828125 0.2509765625 0.021484375 0.021484375 
0 0.5615234375 0.189453125 0.0234375 0.0234375 
0 0.66015625 0.244140625 0.021484375 0.021484375 
0 0.3623046875 0.3203125 0.021484375 0.021484375 
0 0.6728515625 0.15234375 0.021484375 0.021484375 
0 0.4423828125 0.7763671875 0.021484375 0.021484375 
1 0.4296875 0.68359375 0.0224609375 0.0224609375 
0 0.4814453125 0.8359375 0.01953125 0.01953125 
0 0.3818359375 0.48046875 0.0224609375 0.0224609375 
1 0.3017578125 0.044921875 0.021484375 0.021484375 
0 0.5361328125 0.1357421875 0.0234375 0.0234375 
1 0.591796875 0.2880859375 0.021484375 0.021484375 
0 0.3798828125 0.4228515625 0.0234375 0.0234375 
1 0.5615234375 0.763671875 0.021484375 0.021484375 
0 0.3798828125 0.462890625 0.021484375 0.021484375 
0 0.337890625 0.1103515625 0.0234375 0.0234375 
0 0.6962890625 0.0625 0.0234375 0.0234375 
0 0.4716796875 0.6220703125 0.0234375 0.0234375 
