0 0.451171875 0.2392578125 0.021484375 0.021484375 
0 0.6240234375 0.3720703125 0.0234375 0.0234375 
0 0.609375 0.2861328125 0.0234375 0.0234375 
0 0.6103515625 0.40625 0.021484375 0.021484375 
0 0.4658203125 0.064453125 0.0224609375 0.0224609375 
0 0.5361328125 0.1376953125 0.0234375 0.0234375 
0 0.546875 0.375 0.0224609375 0.0224609375 
0 0.55859375 0.7900390625 0.025390625 0.025390625 
0 0.5 0.37109375 0.0224609375 0.0224609375 
1 0.5107421875 0.513671875 0.0224609375 0.0224609375 
0 0.615234375 0.1025390625 0.0224609375 0.0224609375 
1 0.400390625 0.609375 0.021484375 0.021484375 
1 0.33203125 0.2431640625 0.021484375 0.021484375 
0 0.61328125 0.35546875 0.021484375 0.021484375 
0 0.546875 0.294921875 0.021484375 0.021484375 
0 0.66796875 0.0556640625 0.0234375 0.0234375 
0 0.4072265625 0.1513671875 0.021484375 0.021484375 
0 0.5986328125 0.5478515625 0.021484375 0.021484375 
1 0.3203125 0.1279296875 0.0224609375 0.0224609375 
0 0.4697265625 0.498046875 0.021484375 0.021484375 
0 0.5087890625 0.56640625 0.021484375 0.021484375 
0 0.4697265625 0.591796875 0.0234375 0.0234375 
1 0.6982421875 0.095703125 0.021484375 0.021484375 
0 0.3017578125 0.0859375 0.0234375 0.0234375 
0 0.4599609375 0.0458984375 0.0234375 0.0234375 
0 0.6650390625 0.29296875 0.021484375 0.021484375 
0 0.35546875 0.1396484375 0.0234375 0.0234375 
0 0.61328125 0.310546875 0.0234375 0.0234375 
0 0.49609375 0.3427734375 0.021484375 0.021484375 
0 0.4306640625 0.431640625 0.0234375 0.0234375 
0 0.4619140625 0.1708984375 0.021484375 0.021484375 
0 0.345703125 0.3447265625 0.021484375 0.021484375 
0 0.392578125 0.232421875 0.0234375 0.0234375 
0 0.44140625 0.212890625 0.0234375 0.0234375 
0 0.3505859375 0.216796875 0.0224609375 0.0224609375 
0 0.57421875 0.5361328125 0.0234375 0.0234375 
0 0.3740234375 0.404296875 0.021484375 0.021484375 
0 0.572265625 0.095703125 0.021484375 0.021484375 
1 0.3095703125 0.2021484375 0.0224609375 0.0224609375 
0 0.4521484375 0.4814453125 0.0234375 0.0234375 
0 0.451171875 0.779296875 0.021484375 0.021484375 
0 0.357421875 0.388671875 0.021484375 0.021484375 
1 0.453125 0.427734375 0.021484375 0.021484375 
1 0.390625 0.1455078125 0.021484375 0.021484375 
0 0.5087890625 0.6708984375 0.021484375 0.021484375 
0 0.59375 0.1904296875 0.021484375 0.021484375 
0 0.55859375 0.7587890625 0.0234375 0.0234375 
1 0.525390625 0.8876953125 0.021484375 0.021484375 
0 0.544921875 0.83984375 0.0224609375 0.0224609375 
0 0.6435546875 0.2421875 0.0234375 0.0234375 
1 0.3310546875 0.26953125 0.0224609375 0.0224609375 
0 0.5263671875 0.5087890625 0.0234375 0.0234375 
1 0.5380859375 0.865234375 0.021484375 0.021484375 
0 0.3798828125 0.5283203125 0.021484375 0.021484375 
0 0.560546875 0.232421875 0.021484375 0.021484375 
0 0.537109375 0.716796875 0.0234375 0.0234375 
1 0.4697265625 0.4033203125 0.021484375 0.021484375 
0 0.431640625 0.720703125 0.0234375 0.0234375 
0 0.5087890625 0.2724609375 0.021484375 0.021484375 
0 0.4052734375 0.3623046875 0.0234375 0.0234375 
0 0.65234375 0.0869140625 0.021484375 0.021484375 
0 0.3974609375 0.2919921875 0.0234375 0.0234375 
0 0.6318359375 0.4111328125 0.021484375 0.021484375 
0 0.3369140625 0.0615234375 0.0234375 0.0234375 
0 0.556640625 0.064453125 0.021484375 0.021484375 
1 0.5654296875 0.1982421875 0.0224609375 0.0224609375 
0 0.5810546875 0.578125 0.021484375 0.021484375 
1 0.4794921875 0.203125 0.0224609375 0.0224609375 
0 0.427734375 0.4658203125 0.0234375 0.0234375 
1 0.4541015625 0.3984375 0.0224609375 0.0224609375 
0 0.5341796875 0.2822265625 0.021484375 0.021484375 
0 0.572265625 0.55859375 0.021484375 0.021484375 
0 0.541015625 0.6826171875 0.021484375 0.021484375 
0 0.33203125 0.1826171875 0.0234375 0.0234375 
1 0.4658203125 0.3115234375 0.021484375 0.021484375 
0 0.525390625 0.84375 0.0224609375 0.0224609375 
1 0.34765625 0.365234375 0.0224609375 0.0224609375 
0 0.521484375 0.2529296875 0.021484375 0.021484375 
0 0.4404296875 0.099609375 0.0234375 0.0234375 
0 0.462890625 0.8828125 0.0224609375 0.0224609375 
0 0.3212890625 0.1591796875 0.0234375 0.0234375 
0 0.6123046875 0.5361328125 0.0234375 0.0234375 
0 0.51953125 0.1982421875 0.0234375 0.0234375 
0 0.595703125 0.3603515625 0.021484375 0.021484375 
1 0.58203125 0.462890625 0.0224609375 0.0224609375 
0 0.474609375 0.0390625 0.021484375 0.021484375 
1 0.59765625 0.2705078125 0.021484375 0.021484375 
0 0.5498046875 0.4072265625 0.021484375 0.021484375 
0 0.6162109375 0.1435546875 0.021484375 0.021484375 
0 0.4267578125 0.13671875 0.0234375 0.0234375 
0 0.576171875 0.42578125 0.021484375 0.021484375 
0 0.41015625 0.0654296875 0.0234375 0.0234375 
0 0.5556640625 0.4501953125 0.021484375 0.021484375 
0 0.5703125 0.1259765625 0.021484375 0.021484375 
0 0.4189453125 0.400390625 0.021484375 0.021484375 
0 0.4375 0.283203125 0.021484375 0.021484375 
1 0.5478515625 0.64453125 0.021484375 0.021484375 
1 0.3466796875 0.1708984375 0.021484375 0.021484375 
0 0.4638671875 0.8603515625 0.0224609375 0.0224609375 
0 0.47265625 0.138671875 0.0224609375 0.0224609375 
1 0.48828125 0.5146484375 0.0224609375 0.0224609375 
1 0.353515625 0.3037109375 0.0224609375 0.0224609375 
0 0.3720703125 0.1962890625 0.0224609375 0.0224609375 
0 0.408203125 0.580078125 0.021484375 0.021484375 
0 0.5302734375 0.0400390625 0.021484375 0.021484375 
0 0.369140625 0.1728515625 0.021484375 0.021484375 
0 0.451171875 0.3193359375 0.0234375 0.0234375 
0 0.564453125 0.359375 0.0234375 0.0234375 
0 0.6396484375 0.216796875 0.021484375 0.021484375 
0 0.4619140625 0.51953125 0.021484375 0.021484375 
0 0.451171875 0.8408203125 0.01953125 0.01953125 
0 0.576171875 0.2177734375 0.021484375 0.021484375 
1 0.5224609375 0.8623046875 0.0234375 0.0234375 
0 0.525390625 0.0732421875 0.0234375 0.0234375 
0 0.5498046875 0.1591796875 0.021484375 0.021484375 
1 0.3876953125 0.4990234375 0.021484375 0.021484375 
0 0.5859375 0.3330078125 0.0224609375 0.0224609375 
0 0.5908203125 0.298828125 0.0234375 0.0234375 
0 0.5732421875 0.6708984375 0.021484375 0.021484375 
0 0.427734375 0.248046875 0.021484375 0.021484375 
0 0.4013671875 0.4140625 0.0224609375 0.0224609375 
0 0.7001953125 0.11328125 0.0234375 0.0234375 
1 0.560546875 0.7216796875 0.021484375 0.021484375 
0 0.66796875 0.0888671875 0.0234375 0.0234375 
0 0.654296875 0.13671875 0.0234375 0.0234375 
0 0.4248046875 0.5810546875 0.0234375 0.0234375 
0 0.345703125 0.31640625 0.021484375 0.021484375 
0 0.3740234375 0.078125 0.021484375 0.021484375 
0 0.302734375 0.134765625 0.021484375 0.021484375 
1 0.646484375 0.3251953125 0.021484375 0.021484375 
1 0.4638671875 0.5556640625 0.021484375 0.021484375 
1 0.5341796875 0.7705078125 0.021484375 0.021484375 
0 0.4443359375 0.80078125 0.0224609375 0.0224609375 
1 0.64453125 0.0654296875 0.021484375 0.021484375 
0 0.65625 0.115234375 0.0224609375 0.0224609375 
0 0.6162109375 0.439453125 0.021484375 0.021484375 
0 0.4990234375 0.1904296875 0.021484375 0.021484375 
0 0.3505859375 0.2529296875 0.021484375 0.021484375 
0 0.484375 0.474609375 0.021484375 0.021484375 
1 0.4912109375 0.74609375 0.021484375 0.021484375 
1 0.421875 0.3203125 0.0224609375 0.0224609375 
0 0.5146484375 0.3916015625 0.021484375 0.021484375 
0 0.5341796875 0.1611328125 0.0234375 0.0234375 
0 0.4267578125 0.158203125 0.0234375 0.0234375 
