0 0.5712890625 0.572265625 0.021484375 0.021484375 
0 0.36328125 0.044921875 0.021484375 0.021484375 
1 0.578125 0.5419921875 0.021484375 0.021484375 
1 0.4443359375 0.6640625 0.021484375 0.021484375 
1 0.501953125 0.2490234375 0.021484375 0.021484375 
0 0.5283203125 0.6826171875 0.0234375 0.0234375 
0 0.5634765625 0.3671875 0.0224609375 0.0224609375 
0 0.5869140625 0.0390625 0.021484375 0.021484375 
0 0.623046875 0.3876953125 0.0234375 0.0234375 
1 0.6328125 0.08984375 0.0224609375 0.0224609375 
0 0.5546875 0.3271484375 0.0234375 0.0234375 
0 0.4111328125 0.25 0.0224609375 0.0224609375 
1 0.4453125 0.349609375 0.021484375 0.021484375 
0 0.5615234375 0.595703125 0.0224609375 0.0224609375 
0 0.486328125 0.0380859375 0.021484375 0.021484375 
0 0.5068359375 0.572265625 0.021484375 0.021484375 
0 0.3916015625 0.099609375 0.021484375 0.021484375 
1 0.326171875 0.0869140625 0.021484375 0.021484375 
0 0.3408203125 0.080078125 0.021484375 0.021484375 
1 0.3779296875 0.375 0.0224609375 0.0224609375 
0 0.33984375 0.1728515625 0.021484375 0.021484375 
0 0.4189453125 0.609375 0.0234375 0.0234375 
0 0.3251953125 0.0693359375 0.021484375 0.021484375 
0 0.5400390625 0.3017578125 0.021484375 0.021484375 
0 0.4482421875 0.564453125 0.0234375 0.0234375 
0 0.5908203125 0.1728515625 0.0234375 0.0234375 
0 0.357421875 0.0771484375 0.021484375 0.021484375 
0 0.5244140625 0.5234375 0.021484375 0.021484375 
0 0.5537109375 0.3896484375 0.0234375 0.0234375 
0 0.369140625 0.2705078125 0.021484375 0.021484375 
0 0.4130859375 0.6484375 0.021484375 0.021484375 
0 0.416015625 0.392578125 0.021484375 0.021484375 
0 0.4951171875 0.70703125 0.021484375 0.021484375 
0 0.49609375 0.142578125 0.021484375 0.021484375 
0 0.630859375 0.1962890625 0.021484375 0.021484375 
0 0.5849609375 0.2509765625 0.0234375 0.0234375 
0 0.6376953125 0.275390625 0.021484375 0.021484375 
0 0.44921875 0.775390625 0.021484375 0.021484375 
0 0.4375 0.42578125 0.0234375 0.0234375 
0 0.4453125 0.296875 0.021484375 0.021484375 
0 0.44921875 0.1396484375 0.021484375 0.021484375 
1 0.4443359375 0.478515625 0.021484375 0.021484375 
1 0.4521484375 0.080078125 0.021484375 0.021484375 
0 0.5966796875 0.1484375 0.021484375 0.021484375 
0 0.37109375 0.1015625 0.0224609375 0.0224609375 
0 0.333984375 0.125 0.021484375 0.021484375 
0 0.4697265625 0.5380859375 0.021484375 0.021484375 
0 0.5634765625 0.22265625 0.0234375 0.0234375 
0 0.5576171875 0.732421875 0.021484375 0.021484375 
0 0.53515625 0.232421875 0.0234375 0.0234375 
0 0.609375 0.166015625 0.021484375 0.021484375 
1 0.4951171875 0.072265625 0.021484375 0.021484375 
0 0.4296875 0.052734375 0.0234375 0.0234375 
0 0.4873046875 0.3916015625 0.021484375 0.021484375 
1 0.5498046875 0.193359375 0.021484375 0.021484375 
0 0.517578125 0.859375 0.0224609375 0.0224609375 
0 0.388671875 0.5029296875 0.0234375 0.0234375 
0 0.578125 0.4970703125 0.021484375 0.021484375 
0 0.4619140625 0.869140625 0.01953125 0.01953125 
0 0.625 0.056640625 0.0234375 0.0234375 
0 0.3388671875 0.34765625 0.0234375 0.0234375 
0 0.68359375 0.130859375 0.021484375 0.021484375 
0 0.5244140625 0.755859375 0.025390625 0.025390625 
0 0.43359375 0.7099609375 0.021484375 0.021484375 
0 0.5009765625 0.1943359375 0.0234375 0.0234375 
0 0.6826171875 0.0654296875 0.021484375 0.021484375 
0 0.4423828125 0.2666015625 0.021484375 0.021484375 
0 0.5400390625 0.8427734375 0.025390625 0.025390625 
1 0.5673828125 0.751953125 0.0234375 0.0234375 
1 0.5810546875 0.0673828125 0.021484375 0.021484375 
0 0.4169921875 0.6943359375 0.021484375 0.021484375 
1 0.611328125 0.146484375 0.021484375 0.021484375 
0 0.46875 0.224609375 0.021484375 0.021484375 
1 0.6044921875 0.5732421875 0.0224609375 0.0224609375 
0 0.505859375 0.2998046875 0.021484375 0.021484375 
0 0.4169921875 0.3232421875 0.0234375 0.0234375 
0 0.4052734375 0.2646484375 0.021484375 0.021484375 
0 0.44921875 0.3203125 0.0234375 0.0234375 
0 0.486328125 0.8876953125 0.0224609375 0.0224609375 
1 0.46484375 0.744140625 0.021484375 0.021484375 
0 0.541015625 0.6484375 0.0224609375 0.0224609375 
1 0.552734375 0.796875 0.0234375 0.0234375 
0 0.6259765625 0.1220703125 0.021484375 0.021484375 
0 0.544921875 0.3740234375 0.021484375 0.021484375 
1 0.4599609375 0.505859375 0.021484375 0.021484375 
0 0.5458984375 0.0458984375 0.0234375 0.0234375 
0 0.703125 0.0537109375 0.021484375 0.021484375 
0 0.40234375 0.28125 0.021484375 0.021484375 
0 0.39453125 0.4638671875 0.021484375 0.021484375 
0 0.658203125 0.177734375 0.021484375 0.021484375 
0 0.5107421875 0.353515625 0.021484375 0.021484375 
0 0.41015625 0.2001953125 0.021484375 0.021484375 
0 0.5185546875 0.3134765625 0.021484375 0.021484375 
0 0.5537109375 0.09765625 0.0224609375 0.0224609375 
0 0.478515625 0.328125 0.021484375 0.021484375 
0 0.5322265625 0.275390625 0.0234375 0.0234375 
0 0.4833984375 0.05859375 0.0234375 0.0234375 
1 0.626953125 0.1572265625 0.021484375 0.021484375 
0 0.400390625 0.1259765625 0.0234375 0.0234375 
0 0.666015625 0.0478515625 0.021484375 0.021484375 
0 0.642578125 0.0556640625 0.021484375 0.021484375 
1 0.3662109375 0.3935546875 0.021484375 0.021484375 
0 0.4912109375 0.736328125 0.0224609375 0.0224609375 
1 0.3427734375 0.0634765625 0.021484375 0.021484375 
0 0.4775390625 0.8125 0.0234375 0.0234375 
0 0.5107421875 0.66796875 0.0234375 0.0234375 
0 0.419921875 0.5224609375 0.021484375 0.021484375 
1 0.5771484375 0.203125 0.0224609375 0.0224609375 
0 0.501953125 0.1591796875 0.021484375 0.021484375 
1 0.5244140625 0.4228515625 0.021484375 0.021484375 
0 0.5048828125 0.8203125 0.025390625 0.025390625 
0 0.6064453125 0.2431640625 0.0234375 0.0234375 
0 0.4013671875 0.41796875 0.0224609375 0.0224609375 
0 0.5625 0.66015625 0.021484375 0.021484375 
0 0.4638671875 0.4326171875 0.0224609375 0.0224609375 
0 0.5009765625 0.8505859375 0.0234375 0.0234375 
0 0.5029296875 0.1796875 0.0234375 0.0234375 
0 0.3837890625 0.283203125 0.0234375 0.0234375 
0 0.5947265625 0.5068359375 0.0234375 0.0234375 
0 0.5078125 0.1123046875 0.021484375 0.021484375 
0 0.5029296875 0.78515625 0.01953125 0.01953125 
0 0.6689453125 0.12109375 0.0234375 0.0234375 
0 0.599609375 0.392578125 0.0234375 0.0234375 
1 0.6533203125 0.291015625 0.021484375 0.021484375 
