0 0.4873046875 0.4482421875 0.021484375 0.021484375 
0 0.3828125 0.04296875 0.0224609375 0.0224609375 
0 0.5146484375 0.857421875 0.0234375 0.0234375 
1 0.4912109375 0.2470703125 0.021484375 0.021484375 
1 0.4619140625 0.8515625 0.021484375 0.021484375 
0 0.4501953125 0.4775390625 0.0224609375 0.0224609375 
0 0.4462890625 0.8203125 0.025390625 0.025390625 
0 0.3505859375 0.1640625 0.021484375 0.021484375 
1 0.5927734375 0.6337890625 0.021484375 0.021484375 
0 0.4033203125 0.296875 0.021484375 0.021484375 
0 0.46484375 0.78515625 0.021484375 0.021484375 
1 0.373046875 0.443359375 0.0224609375 0.0224609375 
1 0.388671875 0.0634765625 0.021484375 0.021484375 
1 0.4033203125 0.447265625 0.0224609375 0.0224609375 
0 0.6845703125 0.11328125 0.021484375 0.021484375 
1 0.5283203125 0.3671875 0.021484375 0.021484375 
1 0.376953125 0.1796875 0.021484375 0.021484375 
0 0.505859375 0.2666015625 0.0234375 0.0234375 
1 0.4462890625 0.125 0.021484375 0.021484375 
0 0.5 0.384765625 0.0234375 0.0234375 
1 0.3916015625 0.5576171875 0.021484375 0.021484375 
0 0.4287109375 0.3798828125 0.021484375 0.021484375 
0 0.494140625 0.1748046875 0.021484375 0.021484375 
0 0.451171875 0.7470703125 0.021484375 0.021484375 
1 0.4873046875 0.6513671875 0.021484375 0.021484375 
1 0.4345703125 0.1474609375 0.0224609375 0.0224609375 
1 0.3623046875 0.1376953125 0.0224609375 0.0224609375 
0 0.345703125 0.212890625 0.0224609375 0.0224609375 
1 0.6328125 0.41796875 0.0224609375 0.0224609375 
0 0.525390625 0.5390625 0.021484375 0.021484375 
0 0.48828125 0.2041015625 0.0234375 0.0234375 
1 0.6142578125 0.357421875 0.0224609375 0.0224609375 
0 0.587890625 0.541015625 0.021484375 0.021484375 
0 0.6982421875 0.08984375 0.021484375 0.021484375 
0 0.466796875 0.8291015625 0.01953125 0.01953125 
1 0.546875 0.13671875 0.0224609375 0.0224609375 
0 0.521484375 0.5126953125 0.021484375 0.021484375 
1 0.5771484375 0.5712890625 0.0224609375 0.0224609375 
0 0.5576171875 0.3515625 0.0234375 0.0234375 
0 0.5341796875 0.802734375 0.01953125 0.01953125 
0 0.4072265625 0.1455078125 0.021484375 0.021484375 
0 0.3544921875 0.4130859375 0.0234375 0.0234375 
0 0.408203125 0.5126953125 0.021484375 0.021484375 
0 0.521484375 0.3935546875 0.021484375 0.021484375 
0 0.5185546875 0.3505859375 0.021484375 0.021484375 
0 0.50390625 0.2314453125 0.021484375 0.021484375 
0 0.458984375 0.1806640625 0.0234375 0.0234375 
1 0.62890625 0.2158203125 0.021484375 0.021484375 
0 0.44140625 0.2529296875 0.021484375 0.021484375 
0 0.662109375 0.2646484375 0.0234375 0.0234375 
0 0.4521484375 0.27734375 0.021484375 0.021484375 
0 0.6484375 0.087890625 0.0234375 0.0234375 
0 0.447265625 0.1572265625 0.021484375 0.021484375 
1 0.673828125 0.2529296875 0.0224609375 0.0224609375 
0 0.646484375 0.1494140625 0.021484375 0.021484375 
0 0.5068359375 0.5634765625 0.0234375 0.0234375 
1 0.333984375 0.134765625 0.0224609375 0.0224609375 
0 0.6240234375 0.462890625 0.021484375 0.021484375 
0 0.5576171875 0.1513671875 0.021484375 0.021484375 
0 0.521484375 0.763671875 0.01953125 0.01953125 
0 0.4580078125 0.572265625 0.021484375 0.021484375 
0 0.4794921875 0.189453125 0.0234375 0.0234375 
0 0.7138671875 0.052734375 0.0224609375 0.0224609375 
0 0.6826171875 0.0693359375 0.0234375 0.0234375 
1 0.5029296875 0.4111328125 0.021484375 0.021484375 
0 0.5 0.03125 0.0234375 0.0234375 
0 0.470703125 0.2685546875 0.0234375 0.0234375 
0 0.4765625 0.4814453125 0.021484375 0.021484375 
0 0.3154296875 0.2412109375 0.0224609375 0.0224609375 
0 0.431640625 0.1875 0.0234375 0.0234375 
1 0.3232421875 0.283203125 0.0224609375 0.0224609375 
1 0.5810546875 0.2724609375 0.0224609375 0.0224609375 
0 0.486328125 0.048828125 0.0234375 0.0234375 
0 0.478515625 0.7451171875 0.0234375 0.0234375 
0 0.4921875 0.12890625 0.0234375 0.0234375 
0 0.44140625 0.224609375 0.0224609375 0.0224609375 
0 0.447265625 0.3154296875 0.021484375 0.021484375 
1 0.423828125 0.203125 0.021484375 0.021484375 
1 0.482421875 0.310546875 0.021484375 0.021484375 
0 0.40625 0.48046875 0.021484375 0.021484375 
1 0.4150390625 0.623046875 0.021484375 0.021484375 
0 0.6943359375 0.1533203125 0.0234375 0.0234375 
1 0.6015625 0.5771484375 0.0224609375 0.0224609375 
0 0.353515625 0.060546875 0.0234375 0.0234375 
1 0.6611328125 0.2314453125 0.021484375 0.021484375 
0 0.638671875 0.1298828125 0.021484375 0.021484375 
0 0.498046875 0.07421875 0.0234375 0.0234375 
0 0.6669921875 0.0576171875 0.021484375 0.021484375 
0 0.568359375 0.4345703125 0.021484375 0.021484375 
0 0.568359375 0.1025390625 0.021484375 0.021484375 
0 0.330078125 0.2138671875 0.0234375 0.0234375 
0 0.505859375 0.119140625 0.0224609375 0.0224609375 
1 0.41015625 0.2763671875 0.021484375 0.021484375 
0 0.439453125 0.078125 0.021484375 0.021484375 
0 0.482421875 0.703125 0.021484375 0.021484375 
1 0.44140625 0.0615234375 0.0224609375 0.0224609375 
1 0.40625 0.2490234375 0.021484375 0.021484375 
1 0.5380859375 0.3056640625 0.021484375 0.021484375 
0 0.5390625 0.4658203125 0.021484375 0.021484375 
0 0.5703125 0.0830078125 0.021484375 0.021484375 
0 0.482421875 0.0908203125 0.0234375 0.0234375 
1 0.5537109375 0.6689453125 0.021484375 0.021484375 
1 0.6337890625 0.3525390625 0.021484375 0.021484375 
0 0.62109375 0.0517578125 0.021484375 0.021484375 
0 0.517578125 0.658203125 0.021484375 0.021484375 
0 0.6533203125 0.1943359375 0.021484375 0.021484375 
0 0.4169921875 0.1826171875 0.021484375 0.021484375 
0 0.416015625 0.08984375 0.0234375 0.0234375 
0 0.3818359375 0.0810546875 0.021484375 0.021484375 
0 0.6298828125 0.373046875 0.021484375 0.021484375 
0 0.4873046875 0.365234375 0.0234375 0.0234375 
1 0.5693359375 0.728515625 0.021484375 0.021484375 
1 0.546875 0.3994140625 0.021484375 0.021484375 
0 0.5673828125 0.5205078125 0.021484375 0.021484375 
0 0.5048828125 0.3671875 0.0224609375 0.0224609375 
0 0.4580078125 0.6669921875 0.0234375 0.0234375 
0 0.44921875 0.3466796875 0.0234375 0.0234375 
0 0.5283203125 0.625 0.021484375 0.021484375 
0 0.4140625 0.640625 0.021484375 0.021484375 
0 0.5517578125 0.3798828125 0.021484375 0.021484375 
0 0.4755859375 0.8134765625 0.0224609375 0.0224609375 
0 0.5185546875 0.06640625 0.021484375 0.021484375 
0 0.5830078125 0.287109375 0.0234375 0.0234375 
1 0.6650390625 0.1689453125 0.0224609375 0.0224609375 
0 0.556640625 0.0439453125 0.021484375 0.021484375 
1 0.6318359375 0.388671875 0.021484375 0.021484375 
0 0.5703125 0.4072265625 0.021484375 0.021484375 
0 0.3896484375 0.1982421875 0.0234375 0.0234375 
1 0.484375 0.4326171875 0.021484375 0.021484375 
1 0.6259765625 0.0732421875 0.021484375 0.021484375 
1 0.4931640625 0.8291015625 0.021484375 0.021484375 
1 0.5205078125 0.73046875 0.021484375 0.021484375 
0 0.4482421875 0.4560546875 0.021484375 0.021484375 
