1 0.4228515625 0.484375 0.0224609375 0.0224609375 
0 0.5126953125 0.2841796875 0.0234375 0.0234375 
0 0.5615234375 0.376953125 0.021484375 0.021484375 
1 0.546875 0.4130859375 0.021484375 0.021484375 
0 0.64453125 0.1025390625 0.0234375 0.0234375 
0 0.5634765625 0.5078125 0.021484375 0.021484375 
1 0.58203125 0.046875 0.021484375 0.021484375 
0 0.328125 0.16796875 0.021484375 0.021484375 
0 0.564453125 0.3115234375 0.0234375 0.0234375 
1 0.4169921875 0.591796875 0.0224609375 0.0224609375 
0 0.41015625 0.5185546875 0.0234375 0.0234375 
0 0.451171875 0.0478515625 0.0234375 0.0234375 
1 0.4619140625 0.03125 0.021484375 0.021484375 
1 0.3017578125 0.0419921875 0.0224609375 0.0224609375 
1 0.4384765625 0.296875 0.0224609375 0.0224609375 
0 0.501953125 0.48828125 0.021484375 0.021484375 
0 0.4208984375 0.3916015625 0.021484375 0.021484375 
0 0.5078125 0.05078125 0.021484375 0.021484375 
0 0.6513671875 0.083984375 0.0234375 0.0234375 
0 0.4765625 0.447265625 0.021484375 0.021484375 
0 0.630859375 0.4091796875 0.021484375 0.021484375 
0 0.47265625 0.53125 0.021484375 0.021484375 
1 0.328125 0.1435546875 0.0224609375 0.0224609375 
0 0.455078125 0.3173828125 0.021484375 0.021484375 
0 0.572265625 0.69140625 0.0234375 0.0234375 
0 0.4345703125 0.1708984375 0.021484375 0.021484375 
0 0.4013671875 0.251953125 0.021484375 0.021484375 
1 0.435546875 0.2119140625 0.021484375 0.021484375 
1 0.48828125 0.1044921875 0.021484375 0.021484375 
0 0.5576171875 0.5263671875 0.0224609375 0.0224609375 
0 0.4853515625 0.7216796875 0.0234375 0.0234375 
1 0.3271484375 0.28125 0.021484375 0.021484375 
1 0.5205078125 0.6083984375 0.021484375 0.021484375 
0 0.5517578125 0.3271484375 0.021484375 0.021484375 
0 0.6064453125 0.1728515625 0.0224609375 0.0224609375 
0 0.5107421875 0.1552734375 0.021484375 0.021484375 
0 0.4599609375 0.8173828125 0.0224609375 0.0224609375 
0 0.6416015625 0.2578125 0.0234375 0.0234375 
0 0.4453125 0.7275390625 0.0234375 0.0234375 
1 0.4609375 0.646484375 0.021484375 0.021484375 
1 0.5615234375 0.1171875 0.021484375 0.021484375 
1 0.5478515625 0.693359375 0.021484375 0.021484375 
0 0.5400390625 0.4814453125 0.021484375 0.021484375 
0 0.578125 0.4287109375 0.0234375 0.0234375 
0 0.494140625 0.673828125 0.021484375 0.021484375 
0 0.6025390625 0.53125 0.021484375 0.021484375 
1 0.5732421875 0.5556640625 0.021484375 0.021484375 
0 0.5380859375 0.787109375 0.025390625 0.025390625 
0 0.5537109375 0.1435546875 0.0234375 0.0234375 
0 0.6533203125 0.18359375 0.0234375 0.0234375 
0 0.5166015625 0.564453125 0.021484375 0.021484375 
0 0.4931640625 0.7529296875 0.025390625 0.025390625 
0 0.40625 0.1748046875 0.021484375 0.021484375 
1 0.5791015625 0.3876953125 0.021484375 0.021484375 
0 0.455078125 0.7080078125 0.021484375 0.021484375 
0 0.3876953125 0.529296875 0.021484375 0.021484375 
0 0.451171875 0.2529296875 0.0234375 0.0234375 
1 0.5380859375 0.3544921875 0.021484375 0.021484375 
0 0.376953125 0.26953125 0.021484375 0.021484375 
0 0.46484375 0.748046875 0.0234375 0.0234375 
1 0.3681640625 0.185546875 0.021484375 0.021484375 
0 0.6328125 0.0576171875 0.021484375 0.021484375 
0 0.5341796875 0.705078125 0.0234375 0.0234375 
0 0.5185546875 0.21484375 0.0234375 0.0234375 
0 0.3623046875 0.1201171875 0.0234375 0.0234375 
0 0.646484375 0.1533203125 0.021484375 0.021484375 
0 0.466796875 0.3388671875 0.021484375 0.021484375 
0 0.6162109375 0.40625 0.0234375 0.0234375 
0 0.703125 0.0888671875 0.0234375 0.0234375 
0 0.451171875 0.2373046875 0.0234375 0.0234375 
0 0.4658203125 0.283203125 0.021484375 0.021484375 
1 0.3203125 0.197265625 0.021484375 0.021484375 
0 0.44921875 0.1689453125 0.021484375 0.021484375 
0 0.4296875 0.69921875 0.021484375 0.021484375 
1 0.52734375 0.6767578125 0.021484375 0.021484375 
0 0.62109375 0.158203125 0.0234375 0.0234375 
1 0.396484375 0.3828125 0.021484375 0.021484375 
0 0.4208984375 0.28125 0.021484375 0.021484375 
0 0.4619140625 0.0986328125 0.021484375 0.021484375 
0 0.3818359375 0.47265625 0.0234375 0.0234375 
1 0.412109375 0.369140625 0.021484375 0.021484375 
0 0.4208984375 0.2451171875 0.021484375 0.021484375 
0 0.6474609375 0.05859375 0.021484375 0.021484375 
0 0.58203125 0.2744140625 0.021484375 0.021484375 
0 0.505859375 0.744140625 0.0224609375 0.0224609375 
1 0.578125 0.1015625 0.021484375 0.021484375 
0 0.6474609375 0.2900390625 0.021484375 0.021484375 
1 0.390625 0.365234375 0.021484375 0.021484375 
0 0.384765625 0.1513671875 0.021484375 0.021484375 
0 0.4619140625 0.419921875 0.021484375 0.021484375 
0 0.49609375 0.6240234375 0.0234375 0.0234375 
1 0.392578125 0.05078125 0.021484375 0.021484375 
0 0.5361328125 0.17578125 0.0234375 0.0234375 
0 0.3583984375 0.2421875 0.0234375 0.0234375 
0 0.44921875 0.5205078125 0.021484375 0.021484375 
1 0.462890625 0.486328125 0.021484375 0.021484375 
0 0.4970703125 0.46484375 0.021484375 0.021484375 
1 0.451171875 0.4599609375 0.021484375 0.021484375 
0 0.560546875 0.060546875 0.021484375 0.021484375 
0 0.5009765625 0.095703125 0.021484375 0.021484375 
0 0.5576171875 0.2109375 0.0234375 0.0234375 
0 0.591796875 0.3203125 0.0224609375 0.0224609375 
0 0.58203125 0.4736328125 0.021484375 0.021484375 
0 0.62109375 0.1396484375 0.021484375 0.021484375 
0 0.50390625 0.716796875 0.021484375 0.021484375 
0 0.5205078125 0.40234375 0.0234375 0.0234375 
0 0.599609375 0.486328125 0.021484375 0.021484375 
0 0.552734375 0.4716796875 0.0234375 0.0234375 
0 0.4873046875 0.7783203125 0.0234375 0.0234375 
0 0.5771484375 0.5234375 0.021484375 0.021484375 
0 0.6513671875 0.3232421875 0.0224609375 0.0224609375 
0 0.603515625 0.0556640625 0.0234375 0.0234375 
1 0.3779296875 0.4326171875 0.021484375 0.021484375 
1 0.56640625 0.0361328125 0.021484375 0.021484375 
1 0.509765625 0.8466796875 0.0234375 0.0234375 
0 0.392578125 0.185546875 0.0224609375 0.0224609375 
1 0.482421875 0.474609375 0.021484375 0.021484375 
1 0.5390625 0.119140625 0.021484375 0.021484375 
0 0.4853515625 0.33203125 0.021484375 0.021484375 
1 0.6826171875 0.0986328125 0.021484375 0.021484375 
1 0.3193359375 0.078125 0.0224609375 0.0224609375 
0 0.40625 0.12109375 0.021484375 0.021484375 
0 0.5009765625 0.1884765625 0.021484375 0.021484375 
0 0.435546875 0.0634765625 0.0234375 0.0234375 
1 0.4775390625 0.81640625 0.0234375 0.0234375 
0 0.5283203125 0.130859375 0.021484375 0.021484375 
0 0.462890625 0.3642578125 0.021484375 0.021484375 
0 0.349609375 0.0537109375 0.0234375 0.0234375 
0 0.50390625 0.51953125 0.021484375 0.021484375 
1 0.6796875 0.0576171875 0.021484375 0.021484375 
