0 0.548828125 0.4140625 0.0234375 0.0234375 
0 0.5205078125 0.8818359375 0.0224609375 0.0224609375 
0 0.544921875 0.03515625 0.0234375 0.0234375 
0 0.494140625 0.57421875 0.021484375 0.021484375 
0 0.4443359375 0.537109375 0.0224609375 0.0224609375 
0 0.4228515625 0.177734375 0.021484375 0.021484375 
0 0.2861328125 0.10546875 0.021484375 0.021484375 
0 0.2861328125 0.0830078125 0.021484375 0.021484375 
0 0.341796875 0.25 0.021484375 0.021484375 
0 0.435546875 0.7724609375 0.021484375 0.021484375 
0 0.59765625 0.4736328125 0.0224609375 0.0224609375 
1 0.5673828125 0.5859375 0.021484375 0.021484375 
1 0.646484375 0.306640625 0.021484375 0.021484375 
0 0.3603515625 0.080078125 0.021484375 0.021484375 
0 0.4267578125 0.0458984375 0.0224609375 0.0224609375 
0 0.41015625 0.6025390625 0.0234375 0.0234375 
0 0.6171875 0.271484375 0.021484375 0.021484375 
1 0.603515625 0.22265625 0.021484375 0.021484375 
0 0.6357421875 0.3701171875 0.0224609375 0.0224609375 
0 0.451171875 0.3642578125 0.021484375 0.021484375 
0 0.396484375 0.0869140625 0.021484375 0.021484375 
0 0.4130859375 0.076171875 0.0224609375 0.0224609375 
0 0.7177734375 0.0361328125 0.021484375 0.021484375 
0 0.5302734375 0.546875 0.021484375 0.021484375 
1 0.333984375 0.2900390625 0.021484375 0.021484375 
1 0.400390625 0.484375 0.021484375 0.021484375 
0 0.5478515625 0.3515625 0.021484375 0.021484375 
0 0.62890625 0.310546875 0.0234375 0.0234375 
0 0.375 0.1357421875 0.0224609375 0.0224609375 
0 0.61328125 0.46875 0.0224609375 0.0224609375 
1 0.560546875 0.6728515625 0.021484375 0.021484375 
0 0.5185546875 0.26953125 0.021484375 0.021484375 
0 0.4638671875 0.1640625 0.0234375 0.0234375 
1 0.599609375 0.24609375 0.021484375 0.021484375 
0 0.380859375 0.3955078125 0.0234375 0.0234375 
0 0.4609375 0.458984375 0.0234375 0.0234375 
1 0.5166015625 0.5986328125 0.021484375 0.021484375 
1 0.482421875 0.076171875 0.021484375 0.021484375 
0 0.6171875 0.1806640625 0.0234375 0.0234375 
0 0.53515625 0.0859375 0.021484375 0.021484375 
0 0.3662109375 0.451171875 0.021484375 0.021484375 
0 0.5048828125 0.77734375 0.0224609375 0.0224609375 
0 0.5185546875 0.49609375 0.0224609375 0.0224609375 
0 0.6318359375 0.2685546875 0.0234375 0.0234375 
1 0.7021484375 0.0986328125 0.021484375 0.021484375 
0 0.296875 0.056640625 0.021484375 0.021484375 
0 0.533203125 0.1796875 0.021484375 0.021484375 
1 0.419921875 0.283203125 0.021484375 0.021484375 
0 0.521484375 0.5712890625 0.021484375 0.021484375 
1 0.41796875 0.4267578125 0.0224609375 0.0224609375 
0 0.388671875 0.5234375 0.021484375 0.021484375 
0 0.32421875 0.1748046875 0.0234375 0.0234375 
0 0.4013671875 0.4482421875 0.021484375 0.021484375 
0 0.455078125 0.6708984375 0.021484375 0.021484375 
0 0.634765625 0.3447265625 0.021484375 0.021484375 
0 0.455078125 0.34375 0.021484375 0.021484375 
0 0.513671875 0.326171875 0.0234375 0.0234375 
1 0.2978515625 0.1728515625 0.0224609375 0.0224609375 
0 0.5078125 0.4638671875 0.021484375 0.021484375 
0 0.4794921875 0.6513671875 0.021484375 0.021484375 
0 0.3818359375 0.048828125 0.0234375 0.0234375 
0 0.564453125 0.7119140625 0.021484375 0.021484375 
0 0.63671875 0.162109375 0.0234375 0.0234375 
0 0.43359375 0.1279296875 0.021484375 0.021484375 
0 0.46484375 0.22265625 0.021484375 0.021484375 
0 0.42578125 0.115234375 0.021484375 0.021484375 
0 0.5048828125 0.7099609375 0.0234375 0.0234375 
0 0.5458984375 0.658203125 0.0224609375 0.0224609375 
1 0.5087890625 0.1337890625 0.0224609375 0.0224609375 
0 0.587890625 0.3740234375 0.0234375 0.0234375 
0 0.3955078125 0.041015625 0.021484375 0.021484375 
0 0.6015625 0.14453125 0.021484375 0.021484375 
0 0.4296875 0.6640625 0.021484375 0.021484375 
0 0.4580078125 0.583984375 0.0234375 0.0234375 
0 0.2880859375 0.04296875 0.021484375 0.021484375 
1 0.62109375 0.20703125 0.021484375 0.021484375 
1 0.3427734375 0.3701171875 0.021484375 0.021484375 
1 0.5927734375 0.171875 0.021484375 0.021484375 
0 0.59765625 0.0458984375 0.0234375 0.0234375 
0 0.62890625 0.0986328125 0.021484375 0.021484375 
0 0.6181640625 0.072265625 0.021484375 0.021484375 
1 0.4755859375 0.8154296875 0.021484375 0.021484375 
0 0.5009765625 0.1064453125 0.021484375 0.021484375 
0 0.5712890625 0.2734375 0.021484375 0.021484375 
1 0.4580078125 0.5126953125 0.021484375 0.021484375 
0 0.4912109375 0.2099609375 0.021484375 0.021484375 
0 0.3974609375 0.2470703125 0.021484375 0.021484375 
0 0.4443359375 0.208984375 0.0234375 0.0234375 
0 0.59375 0.599609375 0.0234375 0.0234375 
0 0.427734375 0.3076171875 0.021484375 0.021484375 
0 0.5595703125 0.0751953125 0.0234375 0.0234375 
0 0.5830078125 0.3427734375 0.0224609375 0.0224609375 
0 0.4990234375 0.2958984375 0.0224609375 0.0224609375 
0 0.501953125 0.6845703125 0.0234375 0.0234375 
1 0.326171875 0.1318359375 0.021484375 0.021484375 
0 0.4404296875 0.1455078125 0.021484375 0.021484375 
0 0.53515625 0.2685546875 0.021484375 0.021484375 
0 0.3876953125 0.068359375 0.021484375 0.021484375 
0 0.4404296875 0.29296875 0.021484375 0.021484375 
0 0.5498046875 0.2607421875 0.021484375 0.021484375 
1 0.421875 0.6181640625 0.0224609375 0.0224609375 
1 0.384765625 0.421875 0.021484375 0.021484375 
0 0.3876953125 0.3671875 0.0234375 0.0234375 
0 0.3408203125 0.1142578125 0.0234375 0.0234375 
0 0.5703125 0.7333984375 0.0234375 0.0234375 
0 0.3935546875 0.5380859375 0.0234375 0.0234375 
0 0.37890625 0.3125 0.021484375 0.021484375 
0 0.5146484375 0.0810546875 0.0234375 0.0234375 
0 0.55078125 0.451171875 0.0234375 0.0234375 
0 0.3447265625 0.0712890625 0.021484375 0.021484375 
1 0.40625 0.4169921875 0.0224609375 0.0224609375 
0 0.4853515625 0.486328125 0.0234375 0.0234375 
0 0.4326171875 0.58984375 0.0234375 0.0234375 
0 0.4150390625 0.15625 0.021484375 0.021484375 
0 0.68359375 0.0458984375 0.0234375 0.0234375 
0 0.455078125 0.2509765625 0.0234375 0.0234375 
0 0.4697265625 0.1416015625 0.0234375 0.0234375 
0 0.4931640625 0.451171875 0.0234375 0.0234375 
0 0.5361328125 0.22265625 0.0234375 0.0234375 
1 0.6650390625 0.1220703125 0.0224609375 0.0224609375 
0 0.44140625 0.69921875 0.021484375 0.021484375 
0 0.591796875 0.2998046875 0.0234375 0.0234375 
0 0.626953125 0.224609375 0.0234375 0.0234375 
0 0.41015625 0.3193359375 0.021484375 0.021484375 
0 0.3115234375 0.048828125 0.0224609375 0.0224609375 
0 0.5498046875 0.490234375 0.021484375 0.021484375 
0 0.466796875 0.0703125 0.0234375 0.0234375 
1 0.3642578125 0.412109375 0.021484375 0.021484375 
0 0.3837890625 0.328125 0.021484375 0.021484375 
0 0.4599609375 0.7236328125 0.0224609375 0.0224609375 
0 0.6279296875 0.0390625 0.021484375 0.021484375 
1 0.583984375 0.501953125 0.021484375 0.021484375 
1 0.4990234375 0.15625 0.021484375 0.021484375 
0 0.369140625 0.15234375 0.021484375 0.021484375 
0 0.6201171875 0.248046875 0.0234375 0.0234375 
0 0.53125 0.8603515625 0.0224609375 0.0224609375 
0 0.58984375 0.1201171875 0.0234375 0.0234375 
1 0.46875 0.4306640625 0.0224609375 0.0224609375 
0 0.4853515625 0.71484375 0.0234375 0.0234375 
0 0.5732421875 0.109375 0.021484375 0.021484375 
0 0.4736328125 0.466796875 0.021484375 0.021484375 
0 0.4365234375 0.4306640625 0.0234375 0.0234375 
1 0.529296875 0.1298828125 0.0224609375 0.0224609375 
0 0.48046875 0.8740234375 0.0234375 0.0234375 
0 0.5634765625 0.458984375 0.021484375 0.021484375 
0 0.447265625 0.03515625 0.0234375 0.0234375 
1 0.6044921875 0.361328125 0.021484375 0.021484375 
1 0.3203125 0.0947265625 0.021484375 0.021484375 
0 0.5576171875 0.044921875 0.021484375 0.021484375 
1 0.4990234375 0.0595703125 0.0224609375 0.0224609375 
0 0.3203125 0.2041015625 0.021484375 0.021484375 
0 0.48046875 0.23828125 0.0234375 0.0234375 
0 0.486328125 0.619140625 0.021484375 0.021484375 
0 0.3603515625 0.435546875 0.021484375 0.021484375 
0 0.4169921875 0.5673828125 0.0234375 0.0234375 
0 0.5478515625 0.171875 0.0234375 0.0234375 
0 0.3642578125 0.19921875 0.0224609375 0.0224609375 
0 0.4140625 0.509765625 0.021484375 0.021484375 
0 0.349609375 0.1552734375 0.0234375 0.0234375 
0 0.5732421875 0.0576171875 0.021484375 0.021484375 
1 0.3349609375 0.05078125 0.021484375 0.021484375 
0 0.6328125 0.447265625 0.0234375 0.0234375 
1 0.5302734375 0.658203125 0.0224609375 0.0224609375 
0 0.6005859375 0.5625 0.021484375 0.021484375 
0 0.36328125 0.2138671875 0.0234375 0.0234375 
0 0.2939453125 0.138671875 0.021484375 0.021484375 
1 0.658203125 0.1611328125 0.021484375 0.021484375 
0 0.5078125 0.3740234375 0.0234375 0.0234375 
0 0.609375 0.517578125 0.021484375 0.021484375 
1 0.56640625 0.43359375 0.021484375 0.021484375 
0 0.6181640625 0.416015625 0.0234375 0.0234375 
0 0.5888671875 0.2626953125 0.0234375 0.0234375 
0 0.337890625 0.2099609375 0.021484375 0.021484375 
0 0.4384765625 0.412109375 0.0234375 0.0234375 
0 0.5693359375 0.1708984375 0.021484375 0.021484375 
0 0.419921875 0.228515625 0.021484375 0.021484375 
0 0.4765625 0.4521484375 0.0234375 0.0234375 
0 0.3212890625 0.1123046875 0.021484375 0.021484375 
1 0.322265625 0.2685546875 0.0224609375 0.0224609375 
0 0.572265625 0.4833984375 0.0224609375 0.0224609375 
