0 0.4892578125 0.57421875 0.0234375 0.0234375 
1 0.3642578125 0.4384765625 0.021484375 0.021484375 
0 0.5185546875 0.650390625 0.0234375 0.0234375 
0 0.5322265625 0.744140625 0.0234375 0.0234375 
0 0.625 0.107421875 0.021484375 0.021484375 
0 0.4921875 0.4951171875 0.0224609375 0.0224609375 
1 0.5654296875 0.2216796875 0.021484375 0.021484375 
0 0.4365234375 0.576171875 0.0234375 0.0234375 
0 0.6142578125 0.234375 0.0224609375 0.0224609375 
0 0.4931640625 0.154296875 0.0234375 0.0234375 
0 0.3447265625 0.380859375 0.0234375 0.0234375 
0 0.486328125 0.25 0.0234375 0.0234375 
1 0.509765625 0.8203125 0.0234375 0.0234375 
0 0.45703125 0.5263671875 0.0234375 0.0234375 
0 0.55859375 0.412109375 0.021484375 0.021484375 
0 0.43359375 0.0546875 0.0234375 0.0234375 
0 0.5068359375 0.5439453125 0.0234375 0.0234375 
0 0.5517578125 0.8203125 0.0234375 0.0234375 
1 0.65625 0.24609375 0.021484375 0.021484375 
1 0.5 0.169921875 0.021484375 0.021484375 
0 0.2890625 0.125 0.0234375 0.0234375 
0 0.38671875 0.251953125 0.021484375 0.021484375 
0 0.47265625 0.302734375 0.0234375 0.0234375 
0 0.369140625 0.173828125 0.021484375 0.021484375 
0 0.4462890625 0.33984375 0.021484375 0.021484375 
0 0.609375 0.1474609375 0.021484375 0.021484375 
0 0.685546875 0.076171875 0.0224609375 0.0224609375 
0 0.5908203125 0.21875 0.0234375 0.0234375 
0 0.33984375 0.044921875 0.021484375 0.021484375 
1 0.54296875 0.12890625 0.021484375 0.021484375 
0 0.3662109375 0.2578125 0.021484375 0.021484375 
0 0.552734375 0.6591796875 0.021484375 0.021484375 
1 0.458984375 0.4130859375 0.0224609375 0.0224609375 
1 0.40625 0.1396484375 0.0224609375 0.0224609375 
0 0.431640625 0.404296875 0.021484375 0.021484375 
0 0.361328125 0.3525390625 0.0234375 0.0234375 
0 0.5009765625 0.6044921875 0.021484375 0.021484375 
0 0.470703125 0.88671875 0.01953125 0.01953125 
1 0.4296875 0.6416015625 0.021484375 0.021484375 
0 0.4189453125 0.33203125 0.021484375 0.021484375 
0 0.466796875 0.615234375 0.021484375 0.021484375 
0 0.3759765625 0.408203125 0.0224609375 0.0224609375 
0 0.365234375 0.0771484375 0.0224609375 0.0224609375 
1 0.66015625 0.302734375 0.021484375 0.021484375 
0 0.3330078125 0.3095703125 0.0234375 0.0234375 
0 0.580078125 0.310546875 0.0234375 0.0234375 
0 0.4892578125 0.3134765625 0.0234375 0.0234375 
0 0.482421875 0.560546875 0.021484375 0.021484375 
0 0.341796875 0.091796875 0.0234375 0.0234375 
1 0.49609375 0.3623046875 0.021484375 0.021484375 
0 0.60546875 0.41015625 0.021484375 0.021484375 
0 0.6103515625 0.19921875 0.021484375 0.021484375 
0 0.3818359375 0.03515625 0.0234375 0.0234375 
0 0.462890625 0.7236328125 0.021484375 0.021484375 
0 0.5986328125 0.5302734375 0.021484375 0.021484375 
0 0.4296875 0.6708984375 0.021484375 0.021484375 
0 0.52734375 0.197265625 0.021484375 0.021484375 
0 0.44921875 0.36328125 0.0234375 0.0234375 
0 0.58203125 0.572265625 0.021484375 0.021484375 
1 0.5458984375 0.466796875 0.0224609375 0.0224609375 
1 0.4794921875 0.7041015625 0.021484375 0.021484375 
0 0.568359375 0.6884765625 0.0234375 0.0234375 
0 0.5048828125 0.0859375 0.021484375 0.021484375 
1 0.388671875 0.1044921875 0.021484375 0.021484375 
0 0.556640625 0.0615234375 0.0224609375 0.0224609375 
1 0.5966796875 0.4794921875 0.0224609375 0.0224609375 
0 0.5751953125 0.474609375 0.021484375 0.021484375 
0 0.4892578125 0.40234375 0.0234375 0.0234375 
1 0.5322265625 0.3310546875 0.021484375 0.021484375 
0 0.5400390625 0.7783203125 0.021484375 0.021484375 
0 0.431640625 0.46875 0.0234375 0.0234375 
0 0.48046875 0.125 0.021484375 0.021484375 
0 0.568359375 0.0302734375 0.0224609375 0.0224609375 
0 0.3857421875 0.0673828125 0.0234375 0.0234375 
0 0.5625 0.3359375 0.0224609375 0.0224609375 
0 0.5556640625 0.158203125 0.0234375 0.0234375 
1 0.5068359375 0.244140625 0.021484375 0.021484375 
0 0.568359375 0.4345703125 0.021484375 0.021484375 
0 0.4912109375 0.0576171875 0.0234375 0.0234375 
0 0.46484375 0.05859375 0.021484375 0.021484375 
1 0.5361328125 0.6015625 0.021484375 0.021484375 
0 0.5615234375 0.5302734375 0.021484375 0.021484375 
0 0.556640625 0.2880859375 0.021484375 0.021484375 
0 0.41796875 0.3759765625 0.021484375 0.021484375 
0 0.59765625 0.099609375 0.021484375 0.021484375 
0 0.4716796875 0.5966796875 0.0234375 0.0234375 
1 0.521484375 0.3916015625 0.0224609375 0.0224609375 
1 0.400390625 0.154296875 0.021484375 0.021484375 
1 0.3740234375 0.310546875 0.021484375 0.021484375 
0 0.6298828125 0.26953125 0.021484375 0.021484375 
0 0.4072265625 0.0791015625 0.021484375 0.021484375 
1 0.4697265625 0.681640625 0.021484375 0.021484375 
0 0.44140625 0.3798828125 0.021484375 0.021484375 
1 0.462890625 0.546875 0.0224609375 0.0224609375 
1 0.5693359375 0.728515625 0.0224609375 0.0224609375 
0 0.3193359375 0.130859375 0.0234375 0.0234375 
0 0.541015625 0.1845703125 0.021484375 0.021484375 
0 0.5712890625 0.6025390625 0.021484375 0.021484375 
1 0.4638671875 0.1328125 0.021484375 0.021484375 
0 0.2978515625 0.1748046875 0.021484375 0.021484375 
