0 0.568359375 0.671875 0.0234375 0.0234375 
1 0.4140625 0.47265625 0.021484375 0.021484375 
0 0.423828125 0.6796875 0.021484375 0.021484375 
1 0.58203125 0.248046875 0.021484375 0.021484375 
0 0.517578125 0.52734375 0.021484375 0.021484375 
0 0.3466796875 0.24609375 0.021484375 0.021484375 
1 0.6533203125 0.2333984375 0.0224609375 0.0224609375 
0 0.490234375 0.8310546875 0.025390625 0.025390625 
1 0.3701171875 0.0419921875 0.0224609375 0.0224609375 
0 0.568359375 0.4921875 0.021484375 0.021484375 
0 0.484375 0.87109375 0.025390625 0.025390625 
1 0.41796875 0.517578125 0.021484375 0.021484375 
0 0.6201171875 0.353515625 0.0234375 0.0234375 
0 0.4697265625 0.5859375 0.0234375 0.0234375 
0 0.693359375 0.072265625 0.0234375 0.0234375 
1 0.3330078125 0.1796875 0.021484375 0.021484375 
0 0.4521484375 0.10546875 0.021484375 0.021484375 
1 0.34765625 0.107421875 0.021484375 0.021484375 
0 0.419921875 0.177734375 0.021484375 0.021484375 
0 0.4443359375 0.1689453125 0.0234375 0.0234375 
0 0.5947265625 0.486328125 0.021484375 0.021484375 
0 0.47265625 0.3935546875 0.021484375 0.021484375 
0 0.494140625 0.5078125 0.021484375 0.021484375 
0 0.5283203125 0.171875 0.0234375 0.0234375 
0 0.548828125 0.0771484375 0.0224609375 0.0224609375 
0 0.634765625 0.19921875 0.021484375 0.021484375 
1 0.4296875 0.4970703125 0.0224609375 0.0224609375 
0 0.515625 0.888671875 0.025390625 0.025390625 
1 0.515625 0.2783203125 0.021484375 0.021484375 
0 0.43359375 0.5625 0.021484375 0.021484375 
0 0.6845703125 0.1923828125 0.021484375 0.021484375 
0 0.5517578125 0.2685546875 0.021484375 0.021484375 
0 0.4169921875 0.37109375 0.021484375 0.021484375 
0 0.5556640625 0.30859375 0.0234375 0.0234375 
0 0.5009765625 0.5439453125 0.021484375 0.021484375 
0 0.4072265625 0.220703125 0.021484375 0.021484375 
0 0.5576171875 0.1201171875 0.021484375 0.021484375 
1 0.7080078125 0.091796875 0.021484375 0.021484375 
0 0.630859375 0.048828125 0.0234375 0.0234375 
1 0.3515625 0.2041015625 0.0224609375 0.0224609375 
0 0.517578125 0.6689453125 0.021484375 0.021484375 
1 0.283203125 0.076171875 0.021484375 0.021484375 
1 0.3623046875 0.3984375 0.021484375 0.021484375 
0 0.357421875 0.2841796875 0.0234375 0.0234375 
0 0.5283203125 0.81640625 0.01953125 0.01953125 
0 0.5029296875 0.3408203125 0.021484375 0.021484375 
0 0.35546875 0.23046875 0.0224609375 0.0224609375 
0 0.5751953125 0.5615234375 0.021484375 0.021484375 
1 0.537109375 0.3330078125 0.021484375 0.021484375 
0 0.490234375 0.685546875 0.021484375 0.021484375 
0 0.443359375 0.34765625 0.021484375 0.021484375 
0 0.484375 0.3701171875 0.021484375 0.021484375 
0 0.4794921875 0.19921875 0.0234375 0.0234375 
1 0.55859375 0.7158203125 0.021484375 0.021484375 
1 0.6455078125 0.1845703125 0.021484375 0.021484375 
0 0.517578125 0.3583984375 0.021484375 0.021484375 
0 0.4990234375 0.806640625 0.0224609375 0.0224609375 
0 0.357421875 0.2568359375 0.0224609375 0.0224609375 
0 0.349609375 0.0908203125 0.0224609375 0.0224609375 
1 0.556640625 0.1669921875 0.021484375 0.021484375 
0 0.453125 0.14453125 0.021484375 0.021484375 
0 0.3359375 0.23046875 0.0234375 0.0234375 
0 0.533203125 0.095703125 0.021484375 0.021484375 
0 0.3916015625 0.3994140625 0.021484375 0.021484375 
0 0.53515625 0.3125 0.021484375 0.021484375 
0 0.5185546875 0.6474609375 0.021484375 0.021484375 
0 0.4111328125 0.14453125 0.021484375 0.021484375 
0 0.4912109375 0.3291015625 0.0224609375 0.0224609375 
0 0.3076171875 0.181640625 0.021484375 0.021484375 
0 0.4052734375 0.04296875 0.021484375 0.021484375 
0 0.46484375 0.1806640625 0.0234375 0.0234375 
0 0.5390625 0.650390625 0.0234375 0.0234375 
0 0.6298828125 0.1513671875 0.021484375 0.021484375 
0 0.3310546875 0.1376953125 0.0224609375 0.0224609375 
1 0.623046875 0.314453125 0.021484375 0.021484375 
0 0.4013671875 0.435546875 0.0234375 0.0234375 
0 0.4462890625 0.298828125 0.0224609375 0.0224609375 
0 0.625 0.2978515625 0.021484375 0.021484375 
1 0.662109375 0.1455078125 0.0224609375 0.0224609375 
0 0.5 0.8486328125 0.021484375 0.021484375 
0 0.515625 0.8642578125 0.025390625 0.025390625 
1 0.2685546875 0.044921875 0.0224609375 0.0224609375 
0 0.2802734375 0.095703125 0.021484375 0.021484375 
1 0.544921875 0.60546875 0.0224609375 0.0224609375 
0 0.4970703125 0.400390625 0.0234375 0.0234375 
1 0.46875 0.4580078125 0.0224609375 0.0224609375 
1 0.5517578125 0.74609375 0.021484375 0.021484375 
1 0.646484375 0.3779296875 0.021484375 0.021484375 
0 0.505859375 0.30078125 0.021484375 0.021484375 
0 0.478515625 0.6083984375 0.021484375 0.021484375 
0 0.515625 0.8486328125 0.0224609375 0.0224609375 
0 0.5478515625 0.830078125 0.0234375 0.0234375 
0 0.4267578125 0.7353515625 0.021484375 0.021484375 
0 0.5439453125 0.1396484375 0.0234375 0.0234375 
0 0.4638671875 0.6220703125 0.021484375 0.021484375 
0 0.3349609375 0.3173828125 0.0234375 0.0234375 
0 0.5 0.251953125 0.0234375 0.0234375 
0 0.4794921875 0.2900390625 0.021484375 0.021484375 
0 0.4794921875 0.3427734375 0.021484375 0.021484375 
1 0.6171875 0.109375 0.021484375 0.021484375 
1 0.5107421875 0.443359375 0.021484375 0.021484375 
0 0.5595703125 0.5654296875 0.021484375 0.021484375 
1 0.5380859375 0.8544921875 0.0234375 0.0234375 
0 0.623046875 0.0712890625 0.021484375 0.021484375 
0 0.4716796875 0.634765625 0.021484375 0.021484375 
0 0.552734375 0.591796875 0.0234375 0.0234375 
0 0.4228515625 0.4541015625 0.021484375 0.021484375 
1 0.6083984375 0.2236328125 0.0224609375 0.0224609375 
0 0.572265625 0.3818359375 0.021484375 0.021484375 
0 0.4326171875 0.0595703125 0.021484375 0.021484375 
0 0.3994140625 0.5126953125 0.0234375 0.0234375 
0 0.6943359375 0.0498046875 0.021484375 0.021484375 
0 0.4423828125 0.396484375 0.0234375 0.0234375 
0 0.6630859375 0.1650390625 0.021484375 0.021484375 
0 0.6015625 0.5498046875 0.021484375 0.021484375 
0 0.3056640625 0.1494140625 0.021484375 0.021484375 
0 0.3818359375 0.123046875 0.021484375 0.021484375 
0 0.5947265625 0.0400390625 0.0224609375 0.0224609375 
0 0.6025390625 0.0849609375 0.021484375 0.021484375 
0 0.4345703125 0.2626953125 0.0224609375 0.0224609375 
1 0.4345703125 0.4306640625 0.021484375 0.021484375 
0 0.4375 0.20703125 0.021484375 0.021484375 
0 0.470703125 0.2568359375 0.0234375 0.0234375 
0 0.4287109375 0.087890625 0.0234375 0.0234375 
0 0.4931640625 0.2177734375 0.0234375 0.0234375 
0 0.4912109375 0.765625 0.0224609375 0.0224609375 
0 0.634765625 0.408203125 0.021484375 0.021484375 
0 0.41015625 0.0732421875 0.0234375 0.0234375 
0 0.5966796875 0.1630859375 0.021484375 0.021484375 
1 0.4580078125 0.3447265625 0.0224609375 0.0224609375 
0 0.369140625 0.0576171875 0.0234375 0.0234375 
1 0.3681640625 0.470703125 0.021484375 0.021484375 
1 0.4833984375 0.1806640625 0.021484375 0.021484375 
1 0.3896484375 0.4482421875 0.021484375 0.021484375 
0 0.3720703125 0.1728515625 0.021484375 0.021484375 
1 0.583984375 0.615234375 0.0224609375 0.0224609375 
0 0.5048828125 0.6181640625 0.0224609375 0.0224609375 
0 0.5615234375 0.2080078125 0.0234375 0.0234375 
1 0.46484375 0.5283203125 0.021484375 0.021484375 
0 0.6650390625 0.2939453125 0.0224609375 0.0224609375 
0 0.5703125 0.4296875 0.0234375 0.0234375 
0 0.6181640625 0.380859375 0.021484375 0.021484375 
0 0.46875 0.48828125 0.0234375 0.0234375 
