0 0.2998046875 0.130859375 0.021484375 0.021484375 
0 0.33984375 0.287109375 0.0234375 0.0234375 
0 0.478515625 0.263671875 0.0234375 0.0234375 
0 0.5869140625 0.08984375 0.021484375 0.021484375 
1 0.6767578125 0.1572265625 0.021484375 0.021484375 
0 0.6669921875 0.0322265625 0.0234375 0.0234375 
1 0.4111328125 0.5771484375 0.0224609375 0.0224609375 
1 0.568359375 0.7158203125 0.021484375 0.021484375 
1 0.4658203125 0.4365234375 0.021484375 0.021484375 
0 0.4541015625 0.626953125 0.021484375 0.021484375 
0 0.5224609375 0.484375 0.0234375 0.0234375 
1 0.6484375 0.2705078125 0.021484375 0.021484375 
0 0.6357421875 0.1162109375 0.0234375 0.0234375 
1 0.6064453125 0.30078125 0.021484375 0.021484375 
0 0.4208984375 0.4873046875 0.021484375 0.021484375 
0 0.537109375 0.1865234375 0.0234375 0.0234375 
1 0.5517578125 0.5830078125 0.0224609375 0.0224609375 
0 0.365234375 0.1357421875 0.021484375 0.021484375 
1 0.5283203125 0.8740234375 0.0234375 0.0234375 
0 0.296875 0.072265625 0.021484375 0.021484375 
0 0.439453125 0.2041015625 0.0234375 0.0234375 
0 0.5 0.28515625 0.021484375 0.021484375 
0 0.583984375 0.318359375 0.0234375 0.0234375 
0 0.58203125 0.072265625 0.021484375 0.021484375 
1 0.4345703125 0.3916015625 0.021484375 0.021484375 
0 0.5263671875 0.7451171875 0.021484375 0.021484375 
0 0.4921875 0.40234375 0.021484375 0.021484375 
1 0.5146484375 0.04296875 0.0224609375 0.0224609375 
1 0.490234375 0.794921875 0.0234375 0.0234375 
0 0.599609375 0.4990234375 0.0224609375 0.0224609375 
1 0.3974609375 0.2998046875 0.021484375 0.021484375 
1 0.50390625 0.5556640625 0.021484375 0.021484375 
0 0.6240234375 0.359375 0.021484375 0.021484375 
0 0.646484375 0.2919921875 0.0234375 0.0234375 
0 0.412109375 0.419921875 0.021484375 0.021484375 
0 0.599609375 0.326171875 0.0234375 0.0234375 
0 0.55078125 0.4287109375 0.0234375 0.0234375 
1 0.4619140625 0.1328125 0.021484375 0.021484375 
0 0.673828125 0.080078125 0.021484375 0.021484375 
0 0.419921875 0.0751953125 0.021484375 0.021484375 
0 0.3359375 0.3369140625 0.021484375 0.021484375 
0 0.669921875 0.1357421875 0.021484375 0.021484375 
0 0.3369140625 0.2255859375 0.0234375 0.0234375 
0 0.513671875 0.1279296875 0.021484375 0.021484375 
0 0.681640625 0.1787109375 0.0224609375 0.0224609375 
1 0.5546875 0.50390625 0.021484375 0.021484375 
0 0.515625 0.3173828125 0.021484375 0.021484375 
0 0.56640625 0.1298828125 0.0234375 0.0234375 
0 0.51171875 0.76171875 0.01953125 0.01953125 
0 0.5146484375 0.6923828125 0.021484375 0.021484375 
0 0.462890625 0.455078125 0.021484375 0.021484375 
1 0.5927734375 0.5615234375 0.021484375 0.021484375 
1 0.4013671875 0.0771484375 0.021484375 0.021484375 
0 0.4560546875 0.3623046875 0.021484375 0.021484375 
0 0.568359375 0.2880859375 0.021484375 0.021484375 
1 0.6005859375 0.349609375 0.021484375 0.021484375 
1 0.349609375 0.0546875 0.021484375 0.021484375 
0 0.5625 0.166015625 0.0234375 0.0234375 
0 0.3662109375 0.0400390625 0.0234375 0.0234375 
0 0.3291015625 0.046875 0.021484375 0.021484375 
0 0.4140625 0.166015625 0.0224609375 0.0224609375 
0 0.7080078125 0.0419921875 0.021484375 0.021484375 
1 0.5703125 0.421875 0.021484375 0.021484375 
1 0.53125 0.6337890625 0.021484375 0.021484375 
1 0.525390625 0.51953125 0.0224609375 0.0224609375 
0 0.5146484375 0.26953125 0.0234375 0.0234375 
0 0.4033203125 0.2314453125 0.021484375 0.021484375 
1 0.4755859375 0.486328125 0.021484375 0.021484375 
1 0.4716796875 0.578125 0.0224609375 0.0224609375 
0 0.3310546875 0.1318359375 0.021484375 0.021484375 
0 0.5556640625 0.3916015625 0.021484375 0.021484375 
0 0.4697265625 0.8291015625 0.025390625 0.025390625 
0 0.44140625 0.740234375 0.0224609375 0.0224609375 
0 0.41796875 0.6005859375 0.0224609375 0.0224609375 
0 0.666015625 0.111328125 0.0234375 0.0234375 
0 0.51953125 0.197265625 0.0234375 0.0234375 
0 0.6357421875 0.1533203125 0.021484375 0.021484375 
0 0.4736328125 0.8564453125 0.0224609375 0.0224609375 
0 0.466796875 0.1142578125 0.021484375 0.021484375 
0 0.5908203125 0.599609375 0.021484375 0.021484375 
0 0.6240234375 0.4462890625 0.021484375 0.021484375 
0 0.3857421875 0.4990234375 0.021484375 0.021484375 
1 0.6572265625 0.162109375 0.021484375 0.021484375 
0 0.634765625 0.1923828125 0.021484375 0.021484375 
0 0.5302734375 0.818359375 0.0234375 0.0234375 
0 0.5048828125 0.87890625 0.021484375 0.021484375 
1 0.423828125 0.4638671875 0.0224609375 0.0224609375 
0 0.4365234375 0.6435546875 0.021484375 0.021484375 
0 0.451171875 0.6416015625 0.021484375 0.021484375 
0 0.3720703125 0.208984375 0.0234375 0.0234375 
1 0.4150390625 0.615234375 0.021484375 0.021484375 
0 0.689453125 0.0634765625 0.021484375 0.021484375 
0 0.5859375 0.435546875 0.0224609375 0.0224609375 
1 0.521484375 0.2431640625 0.021484375 0.021484375 
0 0.4912109375 0.064453125 0.021484375 0.021484375 
0 0.4892578125 0.5654296875 0.021484375 0.021484375 
0 0.466796875 0.876953125 0.0224609375 0.0224609375 
1 0.4765625 0.5048828125 0.021484375 0.021484375 
0 0.4189453125 0.5166015625 0.0234375 0.0234375 
0 0.5419921875 0.3974609375 0.0234375 0.0234375 
0 0.4765625 0.7431640625 0.021484375 0.021484375 
0 0.4541015625 0.3203125 0.0234375 0.0234375 
0 0.513671875 0.353515625 0.021484375 0.021484375 
0 0.392578125 0.587890625 0.0234375 0.0234375 
0 0.4365234375 0.2626953125 0.021484375 0.021484375 
1 0.3876953125 0.1708984375 0.021484375 0.021484375 
0 0.3671875 0.474609375 0.021484375 0.021484375 
1 0.5751953125 0.2333984375 0.021484375 0.021484375 
0 0.546875 0.150390625 0.0224609375 0.0224609375 
