0 0.37890625 0.203125 0.021484375 0.021484375 
0 0.6865234375 0.1630859375 0.021484375 0.021484375 
0 0.376953125 0.2685546875 0.0224609375 0.0224609375 
1 0.693359375 0.1015625 0.0224609375 0.0224609375 
1 0.3935546875 0.2822265625 0.0224609375 0.0224609375 
0 0.427734375 0.625 0.021484375 0.021484375 
0 0.345703125 0.29296875 0.0234375 0.0234375 
0 0.578125 0.595703125 0.0224609375 0.0224609375 
0 0.4189453125 0.6669921875 0.021484375 0.021484375 
0 0.669921875 0.05078125 0.0234375 0.0234375 
1 0.560546875 0.6064453125 0.0224609375 0.0224609375 
0 0.5927734375 0.58984375 0.021484375 0.021484375 
1 0.5 0.1298828125 0.021484375 0.021484375 
0 0.3525390625 0.275390625 0.0234375 0.0234375 
0 0.5361328125 0.35546875 0.021484375 0.021484375 
0 0.6162109375 0.13671875 0.0234375 0.0234375 
0 0.5 0.0625 0.021484375 0.021484375 
0 0.4404296875 0.2392578125 0.021484375 0.021484375 
0 0.533203125 0.3857421875 0.021484375 0.021484375 
1 0.541015625 0.7001953125 0.0224609375 0.0224609375 
0 0.67578125 0.1923828125 0.0234375 0.0234375 
0 0.5634765625 0.7080078125 0.021484375 0.021484375 
0 0.486328125 0.111328125 0.0234375 0.0234375 
0 0.48046875 0.78125 0.025390625 0.025390625 
1 0.5966796875 0.544921875 0.0224609375 0.0224609375 
0 0.416015625 0.1015625 0.021484375 0.021484375 
1 0.6533203125 0.22265625 0.0224609375 0.0224609375 
1 0.607421875 0.0966796875 0.021484375 0.021484375 
0 0.419921875 0.044921875 0.021484375 0.021484375 
0 0.40625 0.033203125 0.0234375 0.0234375 
1 0.5859375 0.06640625 0.021484375 0.021484375 
0 0.4013671875 0.619140625 0.021484375 0.021484375 
0 0.544921875 0.052734375 0.0234375 0.0234375 
0 0.5615234375 0.1982421875 0.021484375 0.021484375 
0 0.58984375 0.4580078125 0.021484375 0.021484375 
0 0.455078125 0.099609375 0.0234375 0.0234375 
0 0.416015625 0.529296875 0.0234375 0.0234375 
0 0.47265625 0.6455078125 0.0224609375 0.0224609375 
0 0.5302734375 0.412109375 0.0234375 0.0234375 
0 0.521484375 0.7412109375 0.021484375 0.021484375 
0 0.353515625 0.388671875 0.0224609375 0.0224609375 
0 0.39453125 0.0625 0.021484375 0.021484375 
0 0.3486328125 0.208984375 0.0234375 0.0234375 
1 0.3125 0.0771484375 0.021484375 0.021484375 
0 0.3828125 0.1005859375 0.021484375 0.021484375 
0 0.5283203125 0.439453125 0.0234375 0.0234375 
0 0.2978515625 0.048828125 0.021484375 0.021484375 
0 0.439453125 0.5732421875 0.021484375 0.021484375 
1 0.357421875 0.3564453125 0.021484375 0.021484375 
0 0.5595703125 0.736328125 0.0224609375 0.0224609375 
0 0.6455078125 0.14453125 0.0224609375 0.0224609375 
0 0.5390625 0.8056640625 0.0234375 0.0234375 
0 0.45703125 0.7607421875 0.01953125 0.01953125 
0 0.4130859375 0.123046875 0.021484375 0.021484375 
0 0.5029296875 0.6767578125 0.021484375 0.021484375 
0 0.5791015625 0.2490234375 0.021484375 0.021484375 
0 0.482421875 0.240234375 0.0234375 0.0234375 
0 0.5302734375 0.490234375 0.0234375 0.0234375 
1 0.33203125 0.125 0.021484375 0.021484375 
0 0.4033203125 0.4833984375 0.021484375 0.021484375 
0 0.640625 0.375 0.021484375 0.021484375 
0 0.3798828125 0.435546875 0.0234375 0.0234375 
0 0.6455078125 0.060546875 0.021484375 0.021484375 
0 0.626953125 0.1123046875 0.021484375 0.021484375 
0 0.5107421875 0.646484375 0.0234375 0.0234375 
1 0.607421875 0.24609375 0.021484375 0.021484375 
0 0.3388671875 0.0927734375 0.021484375 0.021484375 
1 0.5302734375 0.6044921875 0.0224609375 0.0224609375 
0 0.625 0.4375 0.0234375 0.0234375 
0 0.7001953125 0.1162109375 0.0234375 0.0234375 
0 0.46875 0.4306640625 0.0234375 0.0234375 
0 0.48046875 0.1787109375 0.0224609375 0.0224609375 
0 0.4150390625 0.4609375 0.0234375 0.0234375 
0 0.2890625 0.08203125 0.021484375 0.021484375 
0 0.501953125 0.494140625 0.0224609375 0.0224609375 
0 0.4921875 0.572265625 0.021484375 0.021484375 
0 0.505859375 0.103515625 0.021484375 0.021484375 
0 0.6943359375 0.1484375 0.0234375 0.0234375 
1 0.400390625 0.23828125 0.021484375 0.021484375 
0 0.638671875 0.0380859375 0.0234375 0.0234375 
1 0.4111328125 0.064453125 0.021484375 0.021484375 
0 0.4638671875 0.6630859375 0.0224609375 0.0224609375 
0 0.6064453125 0.513671875 0.0234375 0.0234375 
1 0.626953125 0.26953125 0.0224609375 0.0224609375 
0 0.4111328125 0.3134765625 0.0224609375 0.0224609375 
0 0.4443359375 0.5009765625 0.021484375 0.021484375 
0 0.5341796875 0.3212890625 0.021484375 0.021484375 
0 0.5771484375 0.09375 0.021484375 0.021484375 
