0 0.48828125 0.8232421875 0.0224609375 0.0224609375 
0 0.5986328125 0.1953125 0.021484375 0.021484375 
0 0.5390625 0.3154296875 0.021484375 0.021484375 
0 0.55078125 0.486328125 0.0224609375 0.0224609375 
0 0.458984375 0.271484375 0.0224609375 0.0224609375 
0 0.4306640625 0.384765625 0.021484375 0.021484375 
0 0.4599609375 0.8232421875 0.0224609375 0.0224609375 
0 0.4580078125 0.4296875 0.0234375 0.0234375 
0 0.4677734375 0.380859375 0.0234375 0.0234375 
0 0.5322265625 0.166015625 0.0234375 0.0234375 
0 0.5947265625 0.5849609375 0.021484375 0.021484375 
0 0.6865234375 0.0732421875 0.021484375 0.021484375 
0 0.5478515625 0.3505859375 0.0234375 0.0234375 
0 0.5830078125 0.662109375 0.021484375 0.021484375 
1 0.3662109375 0.283203125 0.021484375 0.021484375 
1 0.3916015625 0.3095703125 0.021484375 0.021484375 
1 0.482421875 0.37109375 0.021484375 0.021484375 
0 0.3173828125 0.150390625 0.0234375 0.0234375 
0 0.3544921875 0.3876953125 0.021484375 0.021484375 
1 0.48046875 0.662109375 0.0224609375 0.0224609375 
1 0.4541015625 0.068359375 0.0224609375 0.0224609375 
0 0.41015625 0.4794921875 0.021484375 0.021484375 
1 0.640625 0.3984375 0.021484375 0.021484375 
0 0.5703125 0.384765625 0.021484375 0.021484375 
0 0.5302734375 0.6865234375 0.021484375 0.021484375 
0 0.501953125 0.81640625 0.021484375 0.021484375 
0 0.462890625 0.6982421875 0.021484375 0.021484375 
0 0.564453125 0.1806640625 0.0234375 0.0234375 
1 0.470703125 0.41015625 0.0224609375 0.0224609375 
0 0.46875 0.6015625 0.021484375 0.021484375 
1 0.462890625 0.134765625 0.0224609375 0.0224609375 
1 0.587890625 0.2353515625 0.021484375 0.021484375 
0 0.6181640625 0.1943359375 0.021484375 0.021484375 
0 0.447265625 0.697265625 0.0234375 0.0234375 
0 0.62890625 0.169921875 0.0234375 0.0234375 
0 0.4521484375 0.59765625 0.021484375 0.021484375 
1 0.681640625 0.19140625 0.0224609375 0.0224609375 
0 0.58984375 0.318359375 0.021484375 0.021484375 
0 0.53515625 0.330078125 0.0234375 0.0234375 
1 0.5625 0.4541015625 0.021484375 0.021484375 
0 0.5126953125 0.73046875 0.021484375 0.021484375 
0 0.5078125 0.1064453125 0.021484375 0.021484375 
0 0.4521484375 0.251953125 0.021484375 0.021484375 
0 0.423828125 0.607421875 0.0234375 0.0234375 
0 0.552734375 0.08203125 0.021484375 0.021484375 
0 0.5322265625 0.37109375 0.0234375 0.0234375 
0 0.427734375 0.72265625 0.021484375 0.021484375 
1 0.5 0.6884765625 0.021484375 0.021484375 
0 0.4921875 0.466796875 0.021484375 0.021484375 
0 0.529296875 0.482421875 0.0234375 0.0234375 
1 0.7080078125 0.0615234375 0.021484375 0.021484375 
0 0.53515625 0.041015625 0.0224609375 0.0224609375 
0 0.4482421875 0.1435546875 0.021484375 0.021484375 
0 0.556640625 0.6806640625 0.021484375 0.021484375 
0 0.466796875 0.212890625 0.0234375 0.0234375 
0 0.4052734375 0.580078125 0.021484375 0.021484375 
0 0.474609375 0.099609375 0.021484375 0.021484375 
0 0.6455078125 0.2197265625 0.021484375 0.021484375 
0 0.587890625 0.5478515625 0.0234375 0.0234375 
0 0.427734375 0.4580078125 0.021484375 0.021484375 
0 0.4833984375 0.732421875 0.0234375 0.0234375 
0 0.6005859375 0.29296875 0.0234375 0.0234375 
0 0.6826171875 0.0947265625 0.021484375 0.021484375 
0 0.345703125 0.0859375 0.021484375 0.021484375 
0 0.5771484375 0.1572265625 0.021484375 0.021484375 
0 0.3916015625 0.517578125 0.021484375 0.021484375 
0 0.4228515625 0.28125 0.021484375 0.021484375 
0 0.3408203125 0.15234375 0.0234375 0.0234375 
1 0.5263671875 0.8896484375 0.0234375 0.0234375 
0 0.498046875 0.8427734375 0.025390625 0.025390625 
0 0.6064453125 0.4921875 0.0234375 0.0234375 
1 0.5224609375 0.6162109375 0.021484375 0.021484375 
1 0.5751953125 0.33203125 0.0224609375 0.0224609375 
0 0.4140625 0.1357421875 0.021484375 0.021484375 
0 0.357421875 0.2470703125 0.0234375 0.0234375 
1 0.3173828125 0.1337890625 0.021484375 0.021484375 
1 0.498046875 0.2900390625 0.021484375 0.021484375 
0 0.4169921875 0.310546875 0.0234375 0.0234375 
0 0.443359375 0.5498046875 0.021484375 0.021484375 
0 0.3115234375 0.0400390625 0.021484375 0.021484375 
1 0.63671875 0.09375 0.021484375 0.021484375 
0 0.2763671875 0.0634765625 0.0234375 0.0234375 
1 0.537109375 0.6513671875 0.021484375 0.021484375 
1 0.37890625 0.0859375 0.021484375 0.021484375 
0 0.359375 0.2080078125 0.021484375 0.021484375 
0 0.615234375 0.0888671875 0.021484375 0.021484375 
1 0.3310546875 0.279296875 0.021484375 0.021484375 
0 0.53125 0.08203125 0.021484375 0.021484375 
0 0.46484375 0.23046875 0.021484375 0.021484375 
1 0.5224609375 0.296875 0.021484375 0.021484375 
1 0.4208984375 0.654296875 0.021484375 0.021484375 
0 0.4228515625 0.435546875 0.021484375 0.021484375 
0 0.546875 0.4423828125 0.021484375 0.021484375 
1 0.630859375 0.2470703125 0.021484375 0.021484375 
0 0.5263671875 0.2236328125 0.021484375 0.021484375 
0 0.5947265625 0.4365234375 0.0234375 0.0234375 
0 0.4501953125 0.7197265625 0.021484375 0.021484375 
1 0.576171875 0.6767578125 0.021484375 0.021484375 
0 0.6015625 0.0693359375 0.021484375 0.021484375 
0 0.4658203125 0.080078125 0.021484375 0.021484375 
0 0.5419921875 0.2666015625 0.0234375 0.0234375 
1 0.4794921875 0.875 0.0234375 0.0234375 
1 0.7177734375 0.0361328125 0.021484375 0.021484375 
1 0.3935546875 0.208984375 0.021484375 0.021484375 
0 0.6748046875 0.2119140625 0.021484375 0.021484375 
0 0.5830078125 0.39453125 0.021484375 0.021484375 
0 0.4580078125 0.1044921875 0.021484375 0.021484375 
1 0.537109375 0.1318359375 0.0224609375 0.0224609375 
0 0.560546875 0.1650390625 0.021484375 0.021484375 
1 0.44140625 0.0966796875 0.021484375 0.021484375 
1 0.3828125 0.169921875 0.0224609375 0.0224609375 
1 0.5185546875 0.580078125 0.021484375 0.021484375 
0 0.5 0.876953125 0.025390625 0.025390625 
1 0.4296875 0.0693359375 0.021484375 0.021484375 
0 0.5146484375 0.8359375 0.0224609375 0.0224609375 
0 0.4267578125 0.33984375 0.021484375 0.021484375 
1 0.5595703125 0.0498046875 0.021484375 0.021484375 
0 0.4443359375 0.123046875 0.0234375 0.0234375 
0 0.541015625 0.24609375 0.021484375 0.021484375 
1 0.548828125 0.7177734375 0.0224609375 0.0224609375 
0 0.34765625 0.234375 0.021484375 0.021484375 
1 0.5673828125 0.4697265625 0.021484375 0.021484375 
0 0.5556640625 0.2568359375 0.021484375 0.021484375 
0 0.5517578125 0.7861328125 0.01953125 0.01953125 
0 0.5302734375 0.349609375 0.0234375 0.0234375 
0 0.43359375 0.744140625 0.021484375 0.021484375 
0 0.5458984375 0.388671875 0.021484375 0.021484375 
0 0.41796875 0.05078125 0.021484375 0.021484375 
0 0.49609375 0.1904296875 0.0234375 0.0234375 
0 0.3642578125 0.1298828125 0.0234375 0.0234375 
1 0.56640625 0.2119140625 0.0224609375 0.0224609375 
0 0.4716796875 0.5615234375 0.0224609375 0.0224609375 
0 0.5166015625 0.3623046875 0.0224609375 0.0224609375 
0 0.501953125 0.7421875 0.0234375 0.0234375 
0 0.646484375 0.32421875 0.021484375 0.021484375 
0 0.6259765625 0.1396484375 0.0234375 0.0234375 
1 0.3388671875 0.3505859375 0.0224609375 0.0224609375 
0 0.3818359375 0.2724609375 0.021484375 0.021484375 
1 0.439453125 0.6689453125 0.021484375 0.021484375 
1 0.3154296875 0.169921875 0.021484375 0.021484375 
0 0.5302734375 0.7041015625 0.0234375 0.0234375 
1 0.6953125 0.1240234375 0.0224609375 0.0224609375 
