0 0.4228515625 0.4736328125 0.021484375 0.021484375 
1 0.4814453125 0.82421875 0.021484375 0.021484375 
0 0.4775390625 0.5478515625 0.021484375 0.021484375 
1 0.47265625 0.185546875 0.0224609375 0.0224609375 
0 0.3447265625 0.2587890625 0.0234375 0.0234375 
0 0.2880859375 0.0625 0.0234375 0.0234375 
0 0.6298828125 0.224609375 0.021484375 0.021484375 
0 0.4228515625 0.67578125 0.021484375 0.021484375 
0 0.5068359375 0.3076171875 0.021484375 0.021484375 
1 0.6064453125 0.17578125 0.021484375 0.021484375 
0 0.529296875 0.3564453125 0.0234375 0.0234375 
0 0.5966796875 0.4091796875 0.0224609375 0.0224609375 
0 0.4423828125 0.7470703125 0.0234375 0.0234375 
0 0.4755859375 0.4921875 0.021484375 0.021484375 
0 0.5234375 0.8173828125 0.021484375 0.021484375 
0 0.5908203125 0.2333984375 0.021484375 0.021484375 
1 0.3798828125 0.1904296875 0.0224609375 0.0224609375 
1 0.4931640625 0.67578125 0.021484375 0.021484375 
0 0.6357421875 0.0498046875 0.021484375 0.021484375 
0 0.50390625 0.75390625 0.01953125 0.01953125 
0 0.41796875 0.365234375 0.0234375 0.0234375 
1 0.3193359375 0.1708984375 0.021484375 0.021484375 
1 0.4296875 0.08984375 0.021484375 0.021484375 
0 0.5634765625 0.4814453125 0.0234375 0.0234375 
0 0.4541015625 0.662109375 0.0234375 0.0234375 
0 0.5126953125 0.0537109375 0.0234375 0.0234375 
0 0.5625 0.4091796875 0.021484375 0.021484375 
1 0.5966796875 0.3046875 0.0224609375 0.0224609375 
1 0.4521484375 0.8193359375 0.021484375 0.021484375 
0 0.59375 0.0546875 0.021484375 0.021484375 
0 0.48046875 0.1279296875 0.0234375 0.0234375 
1 0.3232421875 0.0595703125 0.021484375 0.021484375 
0 0.4775390625 0.4716796875 0.0224609375 0.0224609375 
1 0.3310546875 0.1591796875 0.021484375 0.021484375 
0 0.509765625 0.3642578125 0.0224609375 0.0224609375 
0 0.5771484375 0.1044921875 0.021484375 0.021484375 
1 0.3837890625 0.087890625 0.021484375 0.021484375 
1 0.482421875 0.3359375 0.0224609375 0.0224609375 
0 0.53125 0.689453125 0.021484375 0.021484375 
0 0.517578125 0.392578125 0.0234375 0.0234375 
0 0.3896484375 0.2841796875 0.0234375 0.0234375 
1 0.462890625 0.1103515625 0.021484375 0.021484375 
0 0.4736328125 0.2255859375 0.0224609375 0.0224609375 
1 0.478515625 0.1005859375 0.0224609375 0.0224609375 
0 0.4658203125 0.3798828125 0.0234375 0.0234375 
0 0.5029296875 0.1923828125 0.021484375 0.021484375 
0 0.447265625 0.5830078125 0.0234375 0.0234375 
0 0.4833984375 0.4375 0.021484375 0.021484375 
0 0.6611328125 0.1884765625 0.0234375 0.0234375 
1 0.6123046875 0.080078125 0.0224609375 0.0224609375 
1 0.5625 0.3408203125 0.0224609375 0.0224609375 
0 0.443359375 0.1875 0.0224609375 0.0224609375 
0 0.5302734375 0.1103515625 0.021484375 0.021484375 
1 0.5439453125 0.1572265625 0.021484375 0.021484375 
0 0.3291015625 0.076171875 0.021484375 0.021484375 
0 0.6181640625 0.2373046875 0.021484375 0.021484375 
0 0.544921875 0.26171875 0.021484375 0.021484375 
0 0.345703125 0.0927734375 0.021484375 0.021484375 
1 0.3935546875 0.3544921875 0.021484375 0.021484375 
0 0.3671875 0.3212890625 0.021484375 0.021484375 
1 0.3095703125 0.1064453125 0.021484375 0.021484375 
0 0.6357421875 0.4306640625 0.0224609375 0.0224609375 
1 0.5029296875 0.2880859375 0.021484375 0.021484375 
0 0.673828125 0.05078125 0.0234375 0.0234375 
0 0.5693359375 0.4609375 0.0234375 0.0234375 
0 0.59375 0.5771484375 0.0234375 0.0234375 
0 0.5078125 0.14453125 0.021484375 0.021484375 
0 0.38671875 0.154296875 0.0224609375 0.0224609375 
1 0.4765625 0.41796875 0.021484375 0.021484375 
0 0.626953125 0.251953125 0.0224609375 0.0224609375 
1 0.4111328125 0.34765625 0.021484375 0.021484375 
0 0.4619140625 0.7958984375 0.025390625 0.025390625 
0 0.408203125 0.6513671875 0.021484375 0.021484375 
1 0.380859375 0.2138671875 0.0224609375 0.0224609375 
0 0.5107421875 0.2705078125 0.0234375 0.0234375 
