0 0.3564453125 0.34765625 0.0224609375 0.0224609375 
0 0.689453125 0.03125 0.021484375 0.021484375 
1 0.62109375 0.28125 0.021484375 0.021484375 
0 0.380859375 0.484375 0.021484375 0.021484375 
1 0.375 0.0458984375 0.0224609375 0.0224609375 
0 0.5390625 0.1103515625 0.021484375 0.021484375 
0 0.5986328125 0.3271484375 0.021484375 0.021484375 
0 0.380859375 0.2763671875 0.021484375 0.021484375 
1 0.54296875 0.46484375 0.021484375 0.021484375 
1 0.3974609375 0.392578125 0.021484375 0.021484375 
0 0.5859375 0.19140625 0.021484375 0.021484375 
0 0.5126953125 0.3974609375 0.021484375 0.021484375 
0 0.4716796875 0.6083984375 0.021484375 0.021484375 
0 0.6123046875 0.51953125 0.021484375 0.021484375 
0 0.423828125 0.595703125 0.0234375 0.0234375 
1 0.4970703125 0.103515625 0.021484375 0.021484375 
0 0.443359375 0.5947265625 0.0234375 0.0234375 
0 0.4521484375 0.638671875 0.021484375 0.021484375 
0 0.439453125 0.1904296875 0.0224609375 0.0224609375 
0 0.564453125 0.33203125 0.0224609375 0.0224609375 
0 0.443359375 0.1689453125 0.021484375 0.021484375 
0 0.654296875 0.1455078125 0.0234375 0.0234375 
0 0.48828125 0.7919921875 0.0224609375 0.0224609375 
0 0.462890625 0.298828125 0.021484375 0.021484375 
0 0.435546875 0.12109375 0.0234375 0.0234375 
0 0.6005859375 0.4716796875 0.021484375 0.021484375 
1 0.4853515625 0.1962890625 0.021484375 0.021484375 
1 0.4775390625 0.5830078125 0.021484375 0.021484375 
0 0.4619140625 0.7705078125 0.0224609375 0.0224609375 
1 0.3896484375 0.2060546875 0.021484375 0.021484375 
1 0.5654296875 0.1494140625 0.0224609375 0.0224609375 
0 0.6181640625 0.1650390625 0.021484375 0.021484375 
0 0.5830078125 0.2705078125 0.021484375 0.021484375 
0 0.5693359375 0.455078125 0.021484375 0.021484375 
1 0.5517578125 0.4873046875 0.0224609375 0.0224609375 
1 0.48046875 0.7138671875 0.021484375 0.021484375 
0 0.505859375 0.4560546875 0.0234375 0.0234375 
0 0.5947265625 0.0634765625 0.0234375 0.0234375 
1 0.6064453125 0.041015625 0.0224609375 0.0224609375 
0 0.337890625 0.1953125 0.021484375 0.021484375 
0 0.6171875 0.0576171875 0.021484375 0.021484375 
0 0.6259765625 0.4384765625 0.021484375 0.021484375 
0 0.46484375 0.75 0.0234375 0.0234375 
0 0.3447265625 0.044921875 0.0234375 0.0234375 
1 0.515625 0.5 0.0224609375 0.0224609375 
0 0.486328125 0.603515625 0.0234375 0.0234375 
1 0.5205078125 0.3232421875 0.021484375 0.021484375 
0 0.501953125 0.6826171875 0.021484375 0.021484375 
0 0.4130859375 0.3564453125 0.0234375 0.0234375 
0 0.3154296875 0.2265625 0.021484375 0.021484375 
0 0.5751953125 0.4052734375 0.021484375 0.021484375 
0 0.697265625 0.0625 0.021484375 0.021484375 
0 0.423828125 0.333984375 0.021484375 0.021484375 
0 0.4267578125 0.4599609375 0.021484375 0.021484375 
0 0.4267578125 0.103515625 0.021484375 0.021484375 
1 0.4697265625 0.6826171875 0.021484375 0.021484375 
0 0.3603515625 0.404296875 0.0234375 0.0234375 
0 0.6396484375 0.3681640625 0.021484375 0.021484375 
0 0.3857421875 0.5517578125 0.021484375 0.021484375 
0 0.4560546875 0.0947265625 0.021484375 0.021484375 
0 0.5712890625 0.5712890625 0.021484375 0.021484375 
1 0.529296875 0.642578125 0.021484375 0.021484375 
0 0.4482421875 0.408203125 0.021484375 0.021484375 
0 0.62890625 0.125 0.021484375 0.021484375 
1 0.646484375 0.3837890625 0.0224609375 0.0224609375 
1 0.404296875 0.18359375 0.0224609375 0.0224609375 
1 0.5537109375 0.61328125 0.021484375 0.021484375 
1 0.517578125 0.693359375 0.0224609375 0.0224609375 
0 0.5966796875 0.3056640625 0.0224609375 0.0224609375 
0 0.5263671875 0.748046875 0.021484375 0.021484375 
0 0.62890625 0.1796875 0.021484375 0.021484375 
0 0.4375 0.5263671875 0.021484375 0.021484375 
1 0.580078125 0.2080078125 0.021484375 0.021484375 
0 0.453125 0.2060546875 0.021484375 0.021484375 
0 0.3701171875 0.3349609375 0.0224609375 0.0224609375 
1 0.462890625 0.109375 0.0224609375 0.0224609375 
0 0.5361328125 0.2099609375 0.021484375 0.021484375 
1 0.4580078125 0.859375 0.021484375 0.021484375 
0 0.501953125 0.58984375 0.021484375 0.021484375 
0 0.4609375 0.6572265625 0.0234375 0.0234375 
0 0.486328125 0.171875 0.021484375 0.021484375 
1 0.533203125 0.4130859375 0.0224609375 0.0224609375 
0 0.4091796875 0.2978515625 0.021484375 0.021484375 
1 0.4482421875 0.4609375 0.021484375 0.021484375 
0 0.462890625 0.4755859375 0.021484375 0.021484375 
0 0.365234375 0.2431640625 0.0234375 0.0234375 
0 0.458984375 0.876953125 0.021484375 0.021484375 
0 0.548828125 0.5146484375 0.021484375 0.021484375 
1 0.666015625 0.216796875 0.021484375 0.021484375 
0 0.6181640625 0.03125 0.0234375 0.0234375 
0 0.6640625 0.173828125 0.021484375 0.021484375 
0 0.474609375 0.25 0.021484375 0.021484375 
0 0.4384765625 0.4951171875 0.0234375 0.0234375 
0 0.4140625 0.5634765625 0.021484375 0.021484375 
0 0.4912109375 0.2646484375 0.021484375 0.021484375 
0 0.2685546875 0.0390625 0.0234375 0.0234375 
0 0.5849609375 0.4501953125 0.021484375 0.021484375 
1 0.4326171875 0.2587890625 0.0224609375 0.0224609375 
0 0.5361328125 0.3701171875 0.0224609375 0.0224609375 
0 0.494140625 0.3515625 0.0234375 0.0234375 
1 0.6865234375 0.173828125 0.0224609375 0.0224609375 
1 0.4697265625 0.0517578125 0.021484375 0.021484375 
0 0.3984375 0.5859375 0.0234375 0.0234375 
0 0.3056640625 0.0390625 0.0234375 0.0234375 
1 0.529296875 0.802734375 0.021484375 0.021484375 
0 0.4130859375 0.6533203125 0.021484375 0.021484375 
1 0.4482421875 0.4775390625 0.021484375 0.021484375 
0 0.5634765625 0.642578125 0.021484375 0.021484375 
0 0.478515625 0.1552734375 0.021484375 0.021484375 
0 0.4384765625 0.6318359375 0.0234375 0.0234375 
