0 0.533203125 0.3837890625 0.0224609375 0.0224609375 
0 0.490234375 0.1083984375 0.021484375 0.021484375 
0 0.5146484375 0.337890625 0.0234375 0.0234375 
0 0.498046875 0.71484375 0.0234375 0.0234375 
0 0.3447265625 0.1416015625 0.021484375 0.021484375 
1 0.6259765625 0.1279296875 0.021484375 0.021484375 
0 0.4892578125 0.74609375 0.021484375 0.021484375 
0 0.4052734375 0.482421875 0.021484375 0.021484375 
1 0.4140625 0.3798828125 0.021484375 0.021484375 
0 0.517578125 0.7724609375 0.0234375 0.0234375 
0 0.5322265625 0.3134765625 0.021484375 0.021484375 
0 0.40234375 0.1884765625 0.021484375 0.021484375 
0 0.5478515625 0.2890625 0.021484375 0.021484375 
0 0.5390625 0.693359375 0.0224609375 0.0224609375 
0 0.482421875 0.52734375 0.0234375 0.0234375 
0 0.556640625 0.4033203125 0.0234375 0.0234375 
0 0.396484375 0.5478515625 0.021484375 0.021484375 
0 0.34375 0.32421875 0.0234375 0.0234375 
0 0.5380859375 0.8447265625 0.0234375 0.0234375 
0 0.6298828125 0.2333984375 0.0234375 0.0234375 
1 0.33203125 0.2919921875 0.0224609375 0.0224609375 
0 0.6083984375 0.0888671875 0.021484375 0.021484375 
0 0.56640625 0.681640625 0.021484375 0.021484375 
0 0.5224609375 0.5302734375 0.021484375 0.021484375 
0 0.5107421875 0.8076171875 0.01953125 0.01953125 
0 0.369140625 0.4609375 0.0224609375 0.0224609375 
1 0.427734375 0.0341796875 0.021484375 0.021484375 
1 0.5048828125 0.4169921875 0.0224609375 0.0224609375 
1 0.38671875 0.142578125 0.021484375 0.021484375 
0 0.5234375 0.6064453125 0.0224609375 0.0224609375 
0 0.498046875 0.8515625 0.021484375 0.021484375 
0 0.580078125 0.6748046875 0.021484375 0.021484375 
0 0.453125 0.1171875 0.0224609375 0.0224609375 
1 0.6474609375 0.130859375 0.021484375 0.021484375 
0 0.40234375 0.5927734375 0.021484375 0.021484375 
0 0.3837890625 0.474609375 0.021484375 0.021484375 
0 0.470703125 0.2177734375 0.021484375 0.021484375 
1 0.4130859375 0.505859375 0.021484375 0.021484375 
0 0.5966796875 0.4892578125 0.021484375 0.021484375 
1 0.4384765625 0.4501953125 0.021484375 0.021484375 
0 0.41796875 0.6689453125 0.021484375 0.021484375 
1 0.423828125 0.4765625 0.0224609375 0.0224609375 
0 0.556640625 0.1298828125 0.021484375 0.021484375 
0 0.462890625 0.4580078125 0.0224609375 0.0224609375 
0 0.5078125 0.3623046875 0.0224609375 0.0224609375 
0 0.63671875 0.037109375 0.021484375 0.021484375 
0 0.55078125 0.0546875 0.021484375 0.021484375 
1 0.42578125 0.6455078125 0.0224609375 0.0224609375 
0 0.466796875 0.1083984375 0.0234375 0.0234375 
0 0.5068359375 0.869140625 0.0234375 0.0234375 
0 0.5146484375 0.0498046875 0.0234375 0.0234375 
0 0.5009765625 0.521484375 0.021484375 0.021484375 
0 0.359375 0.0927734375 0.021484375 0.021484375 
0 0.6650390625 0.2412109375 0.021484375 0.021484375 
0 0.587890625 0.63671875 0.021484375 0.021484375 
0 0.466796875 0.611328125 0.0234375 0.0234375 
0 0.5986328125 0.5810546875 0.021484375 0.021484375 
0 0.51171875 0.4345703125 0.021484375 0.021484375 
0 0.5341796875 0.619140625 0.021484375 0.021484375 
1 0.3935546875 0.43359375 0.0224609375 0.0224609375 
0 0.4931640625 0.380859375 0.021484375 0.021484375 
0 0.55078125 0.5322265625 0.021484375 0.021484375 
0 0.5146484375 0.1845703125 0.0234375 0.0234375 
0 0.494140625 0.228515625 0.0234375 0.0234375 
0 0.3671875 0.1728515625 0.021484375 0.021484375 
0 0.537109375 0.2275390625 0.021484375 0.021484375 
0 0.5927734375 0.4248046875 0.0234375 0.0234375 
0 0.5615234375 0.578125 0.021484375 0.021484375 
0 0.58984375 0.3525390625 0.0234375 0.0234375 
0 0.66796875 0.1083984375 0.021484375 0.021484375 
0 0.572265625 0.3369140625 0.021484375 0.021484375 
0 0.501953125 0.7548828125 0.0224609375 0.0224609375 
0 0.619140625 0.0517578125 0.021484375 0.021484375 
0 0.427734375 0.712890625 0.021484375 0.021484375 
0 0.4404296875 0.4189453125 0.021484375 0.021484375 
0 0.396484375 0.466796875 0.021484375 0.021484375 
1 0.453125 0.533203125 0.021484375 0.021484375 
1 0.533203125 0.0341796875 0.021484375 0.021484375 
0 0.51953125 0.5712890625 0.021484375 0.021484375 
0 0.42578125 0.5830078125 0.021484375 0.021484375 
0 0.494140625 0.146484375 0.021484375 0.021484375 
0 0.5908203125 0.5478515625 0.0234375 0.0234375 
1 0.61328125 0.154296875 0.0224609375 0.0224609375 
0 0.447265625 0.5546875 0.0234375 0.0234375 
1 0.6611328125 0.2939453125 0.021484375 0.021484375 
0 0.53125 0.7783203125 0.0224609375 0.0224609375 
0 0.443359375 0.2080078125 0.0234375 0.0234375 
1 0.4716796875 0.828125 0.0234375 0.0234375 
0 0.4296875 0.50390625 0.0234375 0.0234375 
0 0.53515625 0.189453125 0.021484375 0.021484375 
0 0.3623046875 0.134765625 0.021484375 0.021484375 
0 0.4267578125 0.5458984375 0.021484375 0.021484375 
0 0.4599609375 0.0830078125 0.0234375 0.0234375 
1 0.4140625 0.46484375 0.021484375 0.021484375 
0 0.3994140625 0.12890625 0.0234375 0.0234375 
0 0.4658203125 0.755859375 0.0224609375 0.0224609375 
1 0.46875 0.478515625 0.0224609375 0.0224609375 
1 0.3564453125 0.400390625 0.021484375 0.021484375 
0 0.439453125 0.3037109375 0.021484375 0.021484375 
0 0.4990234375 0.25390625 0.021484375 0.021484375 
0 0.4609375 0.2685546875 0.021484375 0.021484375 
1 0.5302734375 0.859375 0.021484375 0.021484375 
0 0.544921875 0.5693359375 0.021484375 0.021484375 
0 0.580078125 0.1259765625 0.0234375 0.0234375 
1 0.5634765625 0.466796875 0.021484375 0.021484375 
1 0.552734375 0.0302734375 0.021484375 0.021484375 
0 0.4189453125 0.267578125 0.0234375 0.0234375 
0 0.470703125 0.1259765625 0.0224609375 0.0224609375 
0 0.4833984375 0.2470703125 0.021484375 0.021484375 
0 0.28125 0.0625 0.021484375 0.021484375 
0 0.564453125 0.59765625 0.0224609375 0.0224609375 
0 0.4521484375 0.76171875 0.01953125 0.01953125 
0 0.4892578125 0.611328125 0.0234375 0.0234375 
0 0.435546875 0.6181640625 0.0224609375 0.0224609375 
0 0.439453125 0.177734375 0.021484375 0.021484375 
0 0.4150390625 0.076171875 0.0234375 0.0234375 
0 0.60546875 0.4716796875 0.021484375 0.021484375 
0 0.474609375 0.8955078125 0.01953125 0.01953125 
0 0.5205078125 0.6796875 0.0234375 0.0234375 
1 0.6318359375 0.087890625 0.0224609375 0.0224609375 
1 0.2998046875 0.123046875 0.021484375 0.021484375 
0 0.466796875 0.42578125 0.0224609375 0.0224609375 
1 0.5185546875 0.2294921875 0.021484375 0.021484375 
1 0.517578125 0.888671875 0.021484375 0.021484375 
0 0.669921875 0.0458984375 0.021484375 0.021484375 
0 0.619140625 0.2109375 0.021484375 0.021484375 
0 0.322265625 0.2080078125 0.0234375 0.0234375 
0 0.6826171875 0.2158203125 0.0234375 0.0234375 
