0 0.5986328125 0.58203125 0.021484375 0.021484375 
0 0.55859375 0.7802734375 0.01953125 0.01953125 
1 0.521484375 0.0732421875 0.0224609375 0.0224609375 
0 0.3857421875 0.490234375 0.0234375 0.0234375 
0 0.6298828125 0.3740234375 0.0234375 0.0234375 
1 0.291015625 0.099609375 0.021484375 0.021484375 
1 0.5732421875 0.3916015625 0.021484375 0.021484375 
0 0.4619140625 0.115234375 0.021484375 0.021484375 
0 0.4365234375 0.767578125 0.0224609375 0.0224609375 
0 0.458984375 0.7451171875 0.021484375 0.021484375 
0 0.53515625 0.6513671875 0.021484375 0.021484375 
0 0.5947265625 0.4228515625 0.0234375 0.0234375 
1 0.5732421875 0.6044921875 0.0224609375 0.0224609375 
0 0.6357421875 0.40234375 0.021484375 0.021484375 
0 0.462890625 0.6357421875 0.021484375 0.021484375 
0 0.57421875 0.3310546875 0.021484375 0.021484375 
0 0.4580078125 0.0625 0.021484375 0.021484375 
0 0.607421875 0.388671875 0.0234375 0.0234375 
0 0.71484375 0.05078125 0.021484375 0.021484375 
0 0.4716796875 0.1875 0.021484375 0.021484375 
0 0.552734375 0.4775390625 0.0234375 0.0234375 
0 0.525390625 0.1865234375 0.021484375 0.021484375 
0 0.4970703125 0.1279296875 0.0224609375 0.0224609375 
0 0.669921875 0.0908203125 0.021484375 0.021484375 
0 0.4609375 0.146484375 0.0224609375 0.0224609375 
0 0.49609375 0.294921875 0.021484375 0.021484375 
0 0.517578125 0.6669921875 0.021484375 0.021484375 
0 0.4814453125 0.7666015625 0.0224609375 0.0224609375 
0 0.51953125 0.599609375 0.021484375 0.021484375 
0 0.5419921875 0.4951171875 0.021484375 0.021484375 
1 0.4814453125 0.8056640625 0.0234375 0.0234375 
0 0.5166015625 0.326171875 0.021484375 0.021484375 
1 0.548828125 0.14453125 0.021484375 0.021484375 
0 0.5537109375 0.7314453125 0.021484375 0.021484375 
1 0.4951171875 0.0517578125 0.021484375 0.021484375 
0 0.4775390625 0.6337890625 0.021484375 0.021484375 
0 0.470703125 0.1298828125 0.021484375 0.021484375 
1 0.62109375 0.177734375 0.021484375 0.021484375 
0 0.43359375 0.6015625 0.0234375 0.0234375 
0 0.48046875 0.4375 0.021484375 0.021484375 
1 0.6181640625 0.4267578125 0.0224609375 0.0224609375 
1 0.5732421875 0.2900390625 0.0224609375 0.0224609375 
0 0.4423828125 0.076171875 0.021484375 0.021484375 
1 0.505859375 0.4580078125 0.021484375 0.021484375 
1 0.6826171875 0.2001953125 0.0224609375 0.0224609375 
0 0.5947265625 0.185546875 0.021484375 0.021484375 
0 0.45703125 0.7939453125 0.0224609375 0.0224609375 
0 0.63671875 0.42578125 0.021484375 0.021484375 
1 0.640625 0.052734375 0.021484375 0.021484375 
0 0.36328125 0.1708984375 0.0224609375 0.0224609375 
0 0.4208984375 0.451171875 0.0234375 0.0234375 
0 0.55859375 0.05078125 0.0234375 0.0234375 
0 0.462890625 0.5234375 0.0224609375 0.0224609375 
0 0.3828125 0.1025390625 0.021484375 0.021484375 
0 0.3388671875 0.2978515625 0.021484375 0.021484375 
0 0.5439453125 0.5439453125 0.0234375 0.0234375 
0 0.6435546875 0.177734375 0.021484375 0.021484375 
0 0.5771484375 0.3603515625 0.0234375 0.0234375 
0 0.3623046875 0.109375 0.0234375 0.0234375 
1 0.5888671875 0.2294921875 0.021484375 0.021484375 
1 0.5966796875 0.138671875 0.0224609375 0.0224609375 
0 0.3369140625 0.1513671875 0.021484375 0.021484375 
0 0.572265625 0.693359375 0.0234375 0.0234375 
0 0.4228515625 0.3095703125 0.0234375 0.0234375 
1 0.6279296875 0.1943359375 0.0224609375 0.0224609375 
1 0.490234375 0.888671875 0.021484375 0.021484375 
1 0.5146484375 0.4716796875 0.021484375 0.021484375 
0 0.421875 0.0810546875 0.0234375 0.0234375 
0 0.5986328125 0.4765625 0.021484375 0.021484375 
0 0.443359375 0.2353515625 0.021484375 0.021484375 
1 0.701171875 0.091796875 0.021484375 0.021484375 
0 0.4775390625 0.7314453125 0.0234375 0.0234375 
1 0.501953125 0.22265625 0.021484375 0.021484375 
0 0.359375 0.2578125 0.021484375 0.021484375 
0 0.5341796875 0.130859375 0.021484375 0.021484375 
0 0.4140625 0.0390625 0.0234375 0.0234375 
0 0.427734375 0.5478515625 0.021484375 0.021484375 
0 0.560546875 0.2080078125 0.021484375 0.021484375 
1 0.490234375 0.6064453125 0.0224609375 0.0224609375 
0 0.5439453125 0.24609375 0.021484375 0.021484375 
0 0.408203125 0.0576171875 0.0234375 0.0234375 
0 0.5712890625 0.55859375 0.0234375 0.0234375 
1 0.5810546875 0.072265625 0.0224609375 0.0224609375 
0 0.3916015625 0.2890625 0.0234375 0.0234375 
0 0.6796875 0.1689453125 0.0224609375 0.0224609375 
0 0.4892578125 0.82421875 0.0234375 0.0234375 
1 0.3857421875 0.455078125 0.0224609375 0.0224609375 
0 0.4296875 0.1259765625 0.0234375 0.0234375 
0 0.6669921875 0.052734375 0.0224609375 0.0224609375 
0 0.5009765625 0.375 0.0234375 0.0234375 
0 0.384765625 0.5498046875 0.0234375 0.0234375 
0 0.51171875 0.7880859375 0.01953125 0.01953125 
0 0.298828125 0.0732421875 0.021484375 0.021484375 
0 0.4716796875 0.5087890625 0.021484375 0.021484375 
0 0.5654296875 0.373046875 0.0234375 0.0234375 
1 0.390625 0.205078125 0.021484375 0.021484375 
1 0.4296875 0.4267578125 0.0224609375 0.0224609375 
1 0.5751953125 0.125 0.0224609375 0.0224609375 
0 0.361328125 0.23046875 0.021484375 0.021484375 
0 0.619140625 0.46484375 0.0234375 0.0234375 
0 0.357421875 0.193359375 0.0234375 0.0234375 
0 0.521484375 0.2216796875 0.021484375 0.021484375 
1 0.5322265625 0.4091796875 0.021484375 0.021484375 
0 0.3984375 0.5654296875 0.021484375 0.021484375 
0 0.521484375 0.693359375 0.0234375 0.0234375 
0 0.435546875 0.0966796875 0.0234375 0.0234375 
0 0.4482421875 0.642578125 0.0234375 0.0234375 
0 0.5009765625 0.427734375 0.021484375 0.021484375 
0 0.5849609375 0.166015625 0.0224609375 0.0224609375 
0 0.3662109375 0.36328125 0.021484375 0.021484375 
0 0.4951171875 0.2587890625 0.021484375 0.021484375 
1 0.494140625 0.5498046875 0.021484375 0.021484375 
1 0.65625 0.2841796875 0.0224609375 0.0224609375 
0 0.5576171875 0.5244140625 0.021484375 0.021484375 
0 0.6494140625 0.248046875 0.021484375 0.021484375 
0 0.490234375 0.65234375 0.021484375 0.021484375 
1 0.484375 0.064453125 0.021484375 0.021484375 
1 0.6953125 0.130859375 0.021484375 0.021484375 
1 0.4169921875 0.3818359375 0.021484375 0.021484375 
0 0.6884765625 0.0703125 0.021484375 0.021484375 
0 0.5537109375 0.03515625 0.021484375 0.021484375 
0 0.4443359375 0.3134765625 0.0234375 0.0234375 
0 0.4990234375 0.7763671875 0.01953125 0.01953125 
0 0.6337890625 0.328125 0.0234375 0.0234375 
0 0.5498046875 0.6220703125 0.021484375 0.021484375 
0 0.603515625 0.5400390625 0.021484375 0.021484375 
0 0.369140625 0.0703125 0.0234375 0.0234375 
0 0.3056640625 0.1689453125 0.021484375 0.021484375 
0 0.38671875 0.17578125 0.021484375 0.021484375 
0 0.61328125 0.216796875 0.0224609375 0.0224609375 
0 0.4140625 0.275390625 0.021484375 0.021484375 
0 0.4140625 0.3662109375 0.0234375 0.0234375 
1 0.4716796875 0.6044921875 0.021484375 0.021484375 
0 0.3408203125 0.1748046875 0.0234375 0.0234375 
0 0.3447265625 0.1162109375 0.021484375 0.021484375 
0 0.615234375 0.3515625 0.021484375 0.021484375 
0 0.4697265625 0.1025390625 0.021484375 0.021484375 
1 0.5986328125 0.271484375 0.021484375 0.021484375 
0 0.447265625 0.4033203125 0.0234375 0.0234375 
0 0.6318359375 0.34375 0.021484375 0.021484375 
1 0.5009765625 0.1591796875 0.021484375 0.021484375 
0 0.6748046875 0.212890625 0.021484375 0.021484375 
1 0.7158203125 0.03125 0.021484375 0.021484375 
0 0.5126953125 0.275390625 0.021484375 0.021484375 
0 0.537109375 0.3837890625 0.0234375 0.0234375 
0 0.388671875 0.3203125 0.021484375 0.021484375 
1 0.3291015625 0.0546875 0.021484375 0.021484375 
0 0.451171875 0.04296875 0.0224609375 0.0224609375 
0 0.447265625 0.2900390625 0.0234375 0.0234375 
1 0.4443359375 0.2099609375 0.021484375 0.021484375 
0 0.4248046875 0.6357421875 0.0224609375 0.0224609375 
