0 0.5654296875 0.0888671875 0.021484375 0.021484375 
0 0.37109375 0.3232421875 0.021484375 0.021484375 
1 0.3466796875 0.1328125 0.021484375 0.021484375 
0 0.6630859375 0.173828125 0.021484375 0.021484375 
0 0.41015625 0.5361328125 0.0234375 0.0234375 
0 0.6494140625 0.0908203125 0.0234375 0.0234375 
0 0.640625 0.32421875 0.0234375 0.0234375 
0 0.5126953125 0.3603515625 0.021484375 0.021484375 
1 0.650390625 0.109375 0.021484375 0.021484375 
0 0.5849609375 0.6376953125 0.0234375 0.0234375 
0 0.4345703125 0.25 0.021484375 0.021484375 
0 0.6298828125 0.1640625 0.021484375 0.021484375 
0 0.5830078125 0.5830078125 0.021484375 0.021484375 
1 0.4853515625 0.2626953125 0.0224609375 0.0224609375 
0 0.4990234375 0.5458984375 0.021484375 0.021484375 
0 0.458984375 0.21484375 0.0224609375 0.0224609375 
0 0.4267578125 0.1767578125 0.021484375 0.021484375 
0 0.3974609375 0.3251953125 0.0234375 0.0234375 
0 0.326171875 0.205078125 0.0234375 0.0234375 
0 0.2958984375 0.0693359375 0.021484375 0.021484375 
0 0.5830078125 0.318359375 0.0234375 0.0234375 
0 0.4580078125 0.60546875 0.021484375 0.021484375 
0 0.5927734375 0.345703125 0.0234375 0.0234375 
0 0.46484375 0.3828125 0.0234375 0.0234375 
0 0.400390625 0.55078125 0.021484375 0.021484375 
1 0.2685546875 0.033203125 0.021484375 0.021484375 
1 0.611328125 0.0419921875 0.021484375 0.021484375 
0 0.4140625 0.3369140625 0.0234375 0.0234375 
1 0.4873046875 0.6435546875 0.021484375 0.021484375 
1 0.4677734375 0.171875 0.0224609375 0.0224609375 
0 0.478515625 0.1279296875 0.0234375 0.0234375 
0 0.3857421875 0.0634765625 0.021484375 0.021484375 
0 0.548828125 0.2197265625 0.021484375 0.021484375 
1 0.41796875 0.09375 0.021484375 0.021484375 
0 0.515625 0.1337890625 0.021484375 0.021484375 
1 0.4794921875 0.36328125 0.021484375 0.021484375 
0 0.326171875 0.1064453125 0.0224609375 0.0224609375 
1 0.3857421875 0.095703125 0.0224609375 0.0224609375 
0 0.4560546875 0.064453125 0.021484375 0.021484375 
1 0.5478515625 0.1474609375 0.021484375 0.021484375 
0 0.6572265625 0.19140625 0.0224609375 0.0224609375 
1 0.4013671875 0.279296875 0.021484375 0.021484375 
1 0.666015625 0.25 0.0224609375 0.0224609375 
0 0.591796875 0.455078125 0.0234375 0.0234375 
1 0.34375 0.2353515625 0.021484375 0.021484375 
0 0.4423828125 0.7373046875 0.021484375 0.021484375 
0 0.4365234375 0.0859375 0.0234375 0.0234375 
1 0.4091796875 0.041015625 0.021484375 0.021484375 
1 0.529296875 0.0927734375 0.0224609375 0.0224609375 
1 0.4599609375 0.4228515625 0.021484375 0.021484375 
0 0.6767578125 0.111328125 0.021484375 0.021484375 
0 0.5029296875 0.0927734375 0.0234375 0.0234375 
0 0.4775390625 0.7353515625 0.0234375 0.0234375 
0 0.51953125 0.1728515625 0.0234375 0.0234375 
0 0.5361328125 0.8134765625 0.021484375 0.021484375 
0 0.6396484375 0.0390625 0.0234375 0.0234375 
0 0.6767578125 0.0927734375 0.021484375 0.021484375 
0 0.35546875 0.146484375 0.021484375 0.021484375 
0 0.470703125 0.7587890625 0.0224609375 0.0224609375 
0 0.5126953125 0.306640625 0.021484375 0.021484375 
0 0.4052734375 0.6015625 0.021484375 0.021484375 
0 0.4384765625 0.57421875 0.0224609375 0.0224609375 
0 0.47265625 0.515625 0.021484375 0.021484375 
0 0.3359375 0.306640625 0.021484375 0.021484375 
0 0.32421875 0.248046875 0.021484375 0.021484375 
0 0.5380859375 0.2353515625 0.0224609375 0.0224609375 
0 0.611328125 0.28125 0.0234375 0.0234375 
0 0.484375 0.0869140625 0.0234375 0.0234375 
0 0.3876953125 0.0390625 0.021484375 0.021484375 
0 0.455078125 0.1630859375 0.021484375 0.021484375 
0 0.53125 0.384765625 0.021484375 0.021484375 
1 0.5830078125 0.0498046875 0.021484375 0.021484375 
0 0.470703125 0.095703125 0.021484375 0.021484375 
0 0.423828125 0.4560546875 0.021484375 0.021484375 
1 0.5986328125 0.3212890625 0.021484375 0.021484375 
1 0.546875 0.7978515625 0.021484375 0.021484375 
1 0.56640625 0.4892578125 0.021484375 0.021484375 
0 0.4833984375 0.220703125 0.0234375 0.0234375 
0 0.4658203125 0.0517578125 0.021484375 0.021484375 
1 0.462890625 0.7158203125 0.0224609375 0.0224609375 
0 0.49609375 0.8359375 0.021484375 0.021484375 
1 0.5576171875 0.3857421875 0.0224609375 0.0224609375 
0 0.4619140625 0.2626953125 0.021484375 0.021484375 
1 0.4052734375 0.224609375 0.0224609375 0.0224609375 
0 0.314453125 0.1640625 0.021484375 0.021484375 
0 0.431640625 0.646484375 0.021484375 0.021484375 
0 0.623046875 0.302734375 0.021484375 0.021484375 
1 0.4423828125 0.2119140625 0.021484375 0.021484375 
0 0.5068359375 0.2705078125 0.0234375 0.0234375 
0 0.5546875 0.609375 0.021484375 0.021484375 
1 0.576171875 0.681640625 0.021484375 0.021484375 
1 0.5595703125 0.7236328125 0.021484375 0.021484375 
1 0.5361328125 0.8681640625 0.0234375 0.0234375 
1 0.3486328125 0.1982421875 0.0224609375 0.0224609375 
0 0.4560546875 0.35546875 0.0234375 0.0234375 
0 0.4912109375 0.708984375 0.0234375 0.0234375 
1 0.5615234375 0.2275390625 0.0224609375 0.0224609375 
0 0.48046875 0.392578125 0.0234375 0.0234375 
0 0.578125 0.41796875 0.021484375 0.021484375 
0 0.48046875 0.615234375 0.0224609375 0.0224609375 
0 0.517578125 0.4677734375 0.021484375 0.021484375 
0 0.5390625 0.076171875 0.021484375 0.021484375 
1 0.4384765625 0.3701171875 0.021484375 0.021484375 
0 0.6787109375 0.2138671875 0.0234375 0.0234375 
1 0.5166015625 0.2880859375 0.0224609375 0.0224609375 
0 0.287109375 0.0400390625 0.021484375 0.021484375 
0 0.466796875 0.2451171875 0.021484375 0.021484375 
0 0.39453125 0.494140625 0.0234375 0.0234375 
0 0.5712890625 0.1416015625 0.021484375 0.021484375 
0 0.55859375 0.314453125 0.0234375 0.0234375 
0 0.5478515625 0.5615234375 0.0234375 0.0234375 
0 0.3466796875 0.0849609375 0.0234375 0.0234375 
1 0.5185546875 0.111328125 0.0224609375 0.0224609375 
1 0.654296875 0.1533203125 0.0224609375 0.0224609375 
0 0.6240234375 0.0927734375 0.0234375 0.0234375 
1 0.439453125 0.52734375 0.021484375 0.021484375 
0 0.4541015625 0.68359375 0.0234375 0.0234375 
0 0.509765625 0.6572265625 0.021484375 0.021484375 
0 0.3671875 0.392578125 0.021484375 0.021484375 
0 0.4921875 0.74609375 0.021484375 0.021484375 
0 0.37890625 0.3017578125 0.021484375 0.021484375 
1 0.4873046875 0.4130859375 0.021484375 0.021484375 
0 0.404296875 0.5732421875 0.0234375 0.0234375 
0 0.3076171875 0.208984375 0.0224609375 0.0224609375 
0 0.486328125 0.0673828125 0.021484375 0.021484375 
0 0.412109375 0.25390625 0.021484375 0.021484375 
1 0.3720703125 0.2587890625 0.0224609375 0.0224609375 
1 0.4541015625 0.087890625 0.021484375 0.021484375 
1 0.404296875 0.5107421875 0.021484375 0.021484375 
0 0.5166015625 0.4326171875 0.021484375 0.021484375 
0 0.5048828125 0.0322265625 0.021484375 0.021484375 
1 0.494140625 0.4833984375 0.0224609375 0.0224609375 
1 0.396484375 0.2373046875 0.021484375 0.021484375 
1 0.5390625 0.71875 0.0224609375 0.0224609375 
0 0.44921875 0.79296875 0.0224609375 0.0224609375 
0 0.5205078125 0.6240234375 0.021484375 0.021484375 
0 0.5478515625 0.0458984375 0.021484375 0.021484375 
0 0.6591796875 0.2744140625 0.021484375 0.021484375 
0 0.7041015625 0.0771484375 0.0224609375 0.0224609375 
0 0.4228515625 0.48046875 0.021484375 0.021484375 
0 0.50390625 0.638671875 0.021484375 0.021484375 
0 0.57421875 0.2431640625 0.021484375 0.021484375 
0 0.6279296875 0.2861328125 0.021484375 0.021484375 
1 0.5537109375 0.203125 0.0224609375 0.0224609375 
0 0.349609375 0.220703125 0.021484375 0.021484375 
0 0.6083984375 0.1328125 0.0234375 0.0234375 
