0 0.4814453125 0.2822265625 0.021484375 0.021484375 
0 0.4306640625 0.4443359375 0.0224609375 0.0224609375 
0 0.494140625 0.3310546875 0.0234375 0.0234375 
0 0.5400390625 0.103515625 0.021484375 0.021484375 
0 0.3984375 0.3828125 0.021484375 0.021484375 
0 0.4384765625 0.6923828125 0.0234375 0.0234375 
0 0.5205078125 0.6279296875 0.021484375 0.021484375 
0 0.4814453125 0.25 0.021484375 0.021484375 
1 0.513671875 0.17578125 0.021484375 0.021484375 
0 0.46484375 0.14453125 0.021484375 0.021484375 
0 0.46484375 0.763671875 0.0224609375 0.0224609375 
0 0.4755859375 0.5634765625 0.0234375 0.0234375 
0 0.4345703125 0.1181640625 0.021484375 0.021484375 
0 0.6005859375 0.5615234375 0.0224609375 0.0224609375 
0 0.4521484375 0.826171875 0.021484375 0.021484375 
0 0.533203125 0.8603515625 0.01953125 0.01953125 
0 0.6484375 0.189453125 0.021484375 0.021484375 
0 0.4599609375 0.3291015625 0.0234375 0.0234375 
0 0.2763671875 0.0625 0.021484375 0.021484375 
0 0.5537109375 0.6318359375 0.0234375 0.0234375 
0 0.4580078125 0.654296875 0.0224609375 0.0224609375 
0 0.5185546875 0.48046875 0.0224609375 0.0224609375 
1 0.697265625 0.076171875 0.021484375 0.021484375 
1 0.58984375 0.302734375 0.0224609375 0.0224609375 
0 0.49609375 0.2119140625 0.0234375 0.0234375 
0 0.5048828125 0.533203125 0.021484375 0.021484375 
0 0.583984375 0.2529296875 0.0234375 0.0234375 
1 0.5712890625 0.212890625 0.021484375 0.021484375 
0 0.625 0.38671875 0.021484375 0.021484375 
0 0.50390625 0.306640625 0.021484375 0.021484375 
0 0.306640625 0.111328125 0.0234375 0.0234375 
0 0.5498046875 0.7353515625 0.0234375 0.0234375 
0 0.3544921875 0.4033203125 0.0234375 0.0234375 
0 0.41015625 0.4443359375 0.0234375 0.0234375 
0 0.4228515625 0.3564453125 0.021484375 0.021484375 
0 0.5478515625 0.5 0.0234375 0.0234375 
0 0.4130859375 0.0927734375 0.0234375 0.0234375 
0 0.5078125 0.1435546875 0.021484375 0.021484375 
0 0.5068359375 0.1025390625 0.021484375 0.021484375 
0 0.5595703125 0.359375 0.021484375 0.021484375 
0 0.6806640625 0.1044921875 0.021484375 0.021484375 
0 0.298828125 0.09375 0.0234375 0.0234375 
0 0.552734375 0.677734375 0.021484375 0.021484375 
1 0.5517578125 0.1494140625 0.0224609375 0.0224609375 
0 0.4970703125 0.0576171875 0.021484375 0.021484375 
0 0.5244140625 0.361328125 0.021484375 0.021484375 
0 0.5068359375 0.4130859375 0.0234375 0.0234375 
0 0.439453125 0.6533203125 0.0234375 0.0234375 
0 0.4912109375 0.4970703125 0.0234375 0.0234375 
0 0.56640625 0.705078125 0.021484375 0.021484375 
0 0.5302734375 0.4404296875 0.021484375 0.021484375 
0 0.5224609375 0.119140625 0.021484375 0.021484375 
0 0.6767578125 0.1748046875 0.0234375 0.0234375 
0 0.5947265625 0.3486328125 0.021484375 0.021484375 
0 0.48828125 0.64453125 0.021484375 0.021484375 
0 0.3447265625 0.1923828125 0.0234375 0.0234375 
1 0.556640625 0.1826171875 0.0224609375 0.0224609375 
0 0.3837890625 0.4443359375 0.0234375 0.0234375 
0 0.5986328125 0.1689453125 0.021484375 0.021484375 
1 0.4248046875 0.560546875 0.021484375 0.021484375 
0 0.2841796875 0.1064453125 0.0224609375 0.0224609375 
1 0.416015625 0.2001953125 0.0224609375 0.0224609375 
0 0.5849609375 0.6142578125 0.021484375 0.021484375 
0 0.5849609375 0.3955078125 0.021484375 0.021484375 
0 0.537109375 0.83984375 0.0224609375 0.0224609375 
0 0.5185546875 0.26171875 0.021484375 0.021484375 
1 0.404296875 0.0654296875 0.021484375 0.021484375 
0 0.3125 0.0673828125 0.0234375 0.0234375 
0 0.6328125 0.140625 0.0234375 0.0234375 
0 0.3994140625 0.1884765625 0.0234375 0.0234375 
0 0.525390625 0.548828125 0.021484375 0.021484375 
0 0.34375 0.326171875 0.0234375 0.0234375 
1 0.3583984375 0.3125 0.0224609375 0.0224609375 
1 0.470703125 0.5419921875 0.021484375 0.021484375 
0 0.4208984375 0.396484375 0.021484375 0.021484375 
0 0.6005859375 0.228515625 0.0234375 0.0234375 
0 0.6337890625 0.302734375 0.021484375 0.021484375 
0 0.416015625 0.3095703125 0.021484375 0.021484375 
1 0.4228515625 0.23828125 0.0224609375 0.0224609375 
1 0.6298828125 0.2421875 0.021484375 0.021484375 
0 0.4521484375 0.1904296875 0.021484375 0.021484375 
1 0.541015625 0.1640625 0.021484375 0.021484375 
0 0.4873046875 0.7861328125 0.0224609375 0.0224609375 
0 0.3583984375 0.1328125 0.021484375 0.021484375 
1 0.3994140625 0.130859375 0.0224609375 0.0224609375 
0 0.697265625 0.0361328125 0.021484375 0.021484375 
0 0.541015625 0.5166015625 0.021484375 0.021484375 
1 0.53515625 0.0869140625 0.021484375 0.021484375 
1 0.5107421875 0.453125 0.021484375 0.021484375 
0 0.6484375 0.341796875 0.021484375 0.021484375 
0 0.5673828125 0.5400390625 0.021484375 0.021484375 
0 0.4677734375 0.3515625 0.0224609375 0.0224609375 
0 0.3271484375 0.087890625 0.021484375 0.021484375 
0 0.32421875 0.2822265625 0.021484375 0.021484375 
0 0.4853515625 0.8544921875 0.0224609375 0.0224609375 
0 0.6416015625 0.2109375 0.021484375 0.021484375 
1 0.576171875 0.1044921875 0.021484375 0.021484375 
0 0.5341796875 0.60546875 0.021484375 0.021484375 
1 0.361328125 0.1484375 0.021484375 0.021484375 
0 0.4306640625 0.6337890625 0.021484375 0.021484375 
0 0.58984375 0.630859375 0.021484375 0.021484375 
0 0.6142578125 0.1494140625 0.021484375 0.021484375 
0 0.3662109375 0.1943359375 0.021484375 0.021484375 
0 0.626953125 0.1728515625 0.0234375 0.0234375 
0 0.32421875 0.0517578125 0.021484375 0.021484375 
0 0.61328125 0.5390625 0.021484375 0.021484375 
0 0.4580078125 0.7021484375 0.021484375 0.021484375 
0 0.4384765625 0.7705078125 0.01953125 0.01953125 
1 0.6416015625 0.404296875 0.0224609375 0.0224609375 
0 0.5263671875 0.517578125 0.0234375 0.0234375 
0 0.46875 0.1201171875 0.021484375 0.021484375 
0 0.365234375 0.22265625 0.0234375 0.0234375 
0 0.4599609375 0.4794921875 0.021484375 0.021484375 
0 0.42578125 0.6103515625 0.021484375 0.021484375 
0 0.5048828125 0.560546875 0.021484375 0.021484375 
0 0.3515625 0.208984375 0.0224609375 0.0224609375 
0 0.6162109375 0.3115234375 0.0224609375 0.0224609375 
0 0.4462890625 0.57421875 0.0234375 0.0234375 
0 0.5400390625 0.2822265625 0.021484375 0.021484375 
0 0.5537109375 0.7607421875 0.0234375 0.0234375 
0 0.5595703125 0.5810546875 0.0234375 0.0234375 
0 0.400390625 0.1162109375 0.021484375 0.021484375 
0 0.658203125 0.1435546875 0.0234375 0.0234375 
0 0.3759765625 0.2685546875 0.021484375 0.021484375 
0 0.4306640625 0.7158203125 0.021484375 0.021484375 
0 0.529296875 0.3056640625 0.0234375 0.0234375 
0 0.6103515625 0.4267578125 0.021484375 0.021484375 
0 0.5615234375 0.6552734375 0.0234375 0.0234375 
1 0.5908203125 0.0546875 0.021484375 0.021484375 
0 0.5009765625 0.6318359375 0.021484375 0.021484375 
1 0.46875 0.0810546875 0.0224609375 0.0224609375 
0 0.412109375 0.541015625 0.021484375 0.021484375 
1 0.6357421875 0.4267578125 0.021484375 0.021484375 
1 0.6337890625 0.349609375 0.021484375 0.021484375 
0 0.3623046875 0.44140625 0.021484375 0.021484375 
1 0.376953125 0.3828125 0.021484375 0.021484375 
0 0.4130859375 0.5234375 0.021484375 0.021484375 
1 0.478515625 0.7001953125 0.021484375 0.021484375 
0 0.5048828125 0.7763671875 0.025390625 0.025390625 
0 0.52734375 0.716796875 0.021484375 0.021484375 
0 0.5185546875 0.69921875 0.0234375 0.0234375 
0 0.517578125 0.8310546875 0.0224609375 0.0224609375 
0 0.611328125 0.466796875 0.021484375 0.021484375 
0 0.501953125 0.287109375 0.0234375 0.0234375 
1 0.494140625 0.4267578125 0.0224609375 0.0224609375 
0 0.546875 0.4375 0.0234375 0.0234375 
0 0.3857421875 0.4609375 0.021484375 0.021484375 
0 0.4560546875 0.1640625 0.0234375 0.0234375 
0 0.4755859375 0.2333984375 0.021484375 0.021484375 
0 0.451171875 0.72265625 0.021484375 0.021484375 
0 0.466796875 0.8173828125 0.0224609375 0.0224609375 
0 0.5029296875 0.6162109375 0.021484375 0.021484375 
0 0.54296875 0.6650390625 0.021484375 0.021484375 
0 0.470703125 0.77734375 0.0234375 0.0234375 
0 0.3515625 0.3642578125 0.021484375 0.021484375 
1 0.458984375 0.87109375 0.0234375 0.0234375 
1 0.5771484375 0.1650390625 0.0224609375 0.0224609375 
0 0.4921875 0.12890625 0.0224609375 0.0224609375 
0 0.404296875 0.166015625 0.0234375 0.0234375 
0 0.453125 0.8095703125 0.0224609375 0.0224609375 
1 0.5830078125 0.423828125 0.021484375 0.021484375 
0 0.494140625 0.705078125 0.0234375 0.0234375 
0 0.4462890625 0.5439453125 0.021484375 0.021484375 
0 0.5986328125 0.091796875 0.0224609375 0.0224609375 
