0 0.3310546875 0.060546875 0.021484375 0.021484375 
0 0.5986328125 0.404296875 0.0234375 0.0234375 
0 0.5458984375 0.533203125 0.0234375 0.0234375 
0 0.5927734375 0.1533203125 0.0234375 0.0234375 
0 0.34375 0.2119140625 0.021484375 0.021484375 
1 0.423828125 0.6826171875 0.0224609375 0.0224609375 
0 0.5654296875 0.2421875 0.021484375 0.021484375 
0 0.51171875 0.48046875 0.021484375 0.021484375 
0 0.6767578125 0.10546875 0.021484375 0.021484375 
1 0.3984375 0.4052734375 0.021484375 0.021484375 
0 0.3740234375 0.1689453125 0.021484375 0.021484375 
0 0.5908203125 0.4599609375 0.021484375 0.021484375 
0 0.5673828125 0.455078125 0.021484375 0.021484375 
0 0.4677734375 0.8603515625 0.0224609375 0.0224609375 
0 0.357421875 0.12890625 0.0234375 0.0234375 
1 0.5966796875 0.4765625 0.021484375 0.021484375 
0 0.7041015625 0.1123046875 0.021484375 0.021484375 
0 0.5810546875 0.4306640625 0.0224609375 0.0224609375 
0 0.4248046875 0.6064453125 0.021484375 0.021484375 
0 0.46875 0.4833984375 0.0224609375 0.0224609375 
1 0.498046875 0.61328125 0.021484375 0.021484375 
0 0.4453125 0.0966796875 0.021484375 0.021484375 
0 0.408203125 0.501953125 0.0224609375 0.0224609375 
0 0.541015625 0.1787109375 0.0224609375 0.0224609375 
0 0.5576171875 0.681640625 0.021484375 0.021484375 
0 0.4970703125 0.76953125 0.0224609375 0.0224609375 
0 0.349609375 0.0537109375 0.0234375 0.0234375 
0 0.6044921875 0.2548828125 0.0234375 0.0234375 
0 0.5107421875 0.326171875 0.0224609375 0.0224609375 
0 0.509765625 0.1533203125 0.021484375 0.021484375 
0 0.5869140625 0.5673828125 0.021484375 0.021484375 
0 0.490234375 0.84375 0.0224609375 0.0224609375 
1 0.5712890625 0.728515625 0.021484375 0.021484375 
0 0.5068359375 0.802734375 0.01953125 0.01953125 
0 0.4345703125 0.482421875 0.0224609375 0.0224609375 
0 0.6201171875 0.232421875 0.021484375 0.021484375 
0 0.5498046875 0.8125 0.0224609375 0.0224609375 
0 0.6298828125 0.24609375 0.0234375 0.0234375 
0 0.583984375 0.1337890625 0.0234375 0.0234375 
0 0.3193359375 0.1396484375 0.0224609375 0.0224609375 
0 0.6162109375 0.2939453125 0.0234375 0.0234375 
1 0.4072265625 0.5166015625 0.0224609375 0.0224609375 
0 0.4853515625 0.5634765625 0.021484375 0.021484375 
0 0.6474609375 0.142578125 0.0234375 0.0234375 
0 0.66796875 0.0908203125 0.021484375 0.021484375 
0 0.3798828125 0.1005859375 0.021484375 0.021484375 
0 0.5263671875 0.8486328125 0.025390625 0.025390625 
0 0.4873046875 0.8740234375 0.021484375 0.021484375 
0 0.48046875 0.603515625 0.021484375 0.021484375 
0 0.49609375 0.048828125 0.0234375 0.0234375 
0 0.6240234375 0.1650390625 0.021484375 0.021484375 
0 0.361328125 0.37890625 0.0224609375 0.0224609375 
0 0.4765625 0.322265625 0.021484375 0.021484375 
1 0.32421875 0.23046875 0.0224609375 0.0224609375 
1 0.4033203125 0.2373046875 0.0224609375 0.0224609375 
0 0.4658203125 0.5185546875 0.021484375 0.021484375 
0 0.591796875 0.2470703125 0.0234375 0.0234375 
1 0.607421875 0.3583984375 0.021484375 0.021484375 
0 0.5234375 0.3056640625 0.021484375 0.021484375 
0 0.3798828125 0.484375 0.0234375 0.0234375 
0 0.46484375 0.5537109375 0.021484375 0.021484375 
0 0.5595703125 0.216796875 0.021484375 0.021484375 
0 0.484375 0.3525390625 0.0234375 0.0234375 
0 0.5107421875 0.0859375 0.0234375 0.0234375 
1 0.50390625 0.49609375 0.021484375 0.021484375 
0 0.595703125 0.107421875 0.0234375 0.0234375 
1 0.4833984375 0.2900390625 0.021484375 0.021484375 
0 0.5009765625 0.6630859375 0.021484375 0.021484375 
1 0.462890625 0.263671875 0.0224609375 0.0224609375 
1 0.43359375 0.6484375 0.021484375 0.021484375 
0 0.625 0.26171875 0.021484375 0.021484375 
0 0.4248046875 0.396484375 0.021484375 0.021484375 
0 0.5 0.072265625 0.0234375 0.0234375 
0 0.4765625 0.2568359375 0.0224609375 0.0224609375 
0 0.4189453125 0.23828125 0.0234375 0.0234375 
0 0.400390625 0.1279296875 0.0234375 0.0234375 
0 0.45703125 0.46875 0.021484375 0.021484375 
0 0.40234375 0.265625 0.021484375 0.021484375 
0 0.4677734375 0.1689453125 0.021484375 0.021484375 
0 0.59375 0.5302734375 0.021484375 0.021484375 
0 0.375 0.2021484375 0.021484375 0.021484375 
0 0.5947265625 0.5087890625 0.021484375 0.021484375 
0 0.6494140625 0.3408203125 0.021484375 0.021484375 
0 0.44921875 0.5439453125 0.021484375 0.021484375 
0 0.3623046875 0.2548828125 0.0234375 0.0234375 
0 0.44140625 0.0322265625 0.021484375 0.021484375 
0 0.556640625 0.1591796875 0.0234375 0.0234375 
0 0.62890625 0.326171875 0.021484375 0.021484375 
0 0.59375 0.21875 0.0234375 0.0234375 
0 0.345703125 0.1064453125 0.021484375 0.021484375 
1 0.439453125 0.173828125 0.021484375 0.021484375 
1 0.484375 0.185546875 0.0224609375 0.0224609375 
0 0.330078125 0.1123046875 0.021484375 0.021484375 
0 0.5048828125 0.7275390625 0.021484375 0.021484375 
0 0.556640625 0.595703125 0.021484375 0.021484375 
1 0.681640625 0.146484375 0.021484375 0.021484375 
0 0.5087890625 0.8603515625 0.025390625 0.025390625 
1 0.4248046875 0.466796875 0.021484375 0.021484375 
0 0.57421875 0.388671875 0.0224609375 0.0224609375 
0 0.376953125 0.2373046875 0.0234375 0.0234375 
0 0.40625 0.0517578125 0.0234375 0.0234375 
0 0.5625 0.759765625 0.021484375 0.021484375 
0 0.5166015625 0.5419921875 0.021484375 0.021484375 
0 0.4228515625 0.0537109375 0.021484375 0.021484375 
0 0.546875 0.3857421875 0.021484375 0.021484375 
0 0.646484375 0.2421875 0.021484375 0.021484375 
0 0.4794921875 0.2255859375 0.0224609375 0.0224609375 
1 0.6708984375 0.2451171875 0.021484375 0.021484375 
1 0.4130859375 0.5478515625 0.0224609375 0.0224609375 
1 0.447265625 0.19140625 0.021484375 0.021484375 
0 0.6171875 0.1884765625 0.021484375 0.021484375 
1 0.3837890625 0.123046875 0.021484375 0.021484375 
0 0.2919921875 0.068359375 0.0234375 0.0234375 
0 0.537109375 0.6416015625 0.021484375 0.021484375 
0 0.376953125 0.5068359375 0.021484375 0.021484375 
0 0.537109375 0.2783203125 0.021484375 0.021484375 
0 0.638671875 0.0634765625 0.0234375 0.0234375 
0 0.5478515625 0.427734375 0.0234375 0.0234375 
0 0.3955078125 0.20703125 0.0234375 0.0234375 
0 0.48828125 0.0302734375 0.021484375 0.021484375 
0 0.4775390625 0.46875 0.021484375 0.021484375 
1 0.49609375 0.5390625 0.021484375 0.021484375 
1 0.478515625 0.134765625 0.021484375 0.021484375 
0 0.54296875 0.29296875 0.021484375 0.021484375 
0 0.5107421875 0.1796875 0.021484375 0.021484375 
0 0.5751953125 0.6083984375 0.0234375 0.0234375 
0 0.576171875 0.0625 0.0234375 0.0234375 
0 0.484375 0.7119140625 0.0224609375 0.0224609375 
1 0.5263671875 0.71875 0.0224609375 0.0224609375 
0 0.6416015625 0.1103515625 0.021484375 0.021484375 
0 0.44140625 0.6142578125 0.021484375 0.021484375 
0 0.5654296875 0.6572265625 0.0234375 0.0234375 
0 0.6591796875 0.26171875 0.021484375 0.021484375 
1 0.490234375 0.8056640625 0.0234375 0.0234375 
1 0.3251953125 0.259765625 0.021484375 0.021484375 
0 0.5947265625 0.3466796875 0.0234375 0.0234375 
0 0.54296875 0.611328125 0.021484375 0.021484375 
0 0.3818359375 0.4189453125 0.0224609375 0.0224609375 
1 0.3720703125 0.1376953125 0.0224609375 0.0224609375 
1 0.4970703125 0.3408203125 0.021484375 0.021484375 
0 0.48046875 0.3857421875 0.021484375 0.021484375 
1 0.5400390625 0.513671875 0.021484375 0.021484375 
0 0.4853515625 0.482421875 0.021484375 0.021484375 
1 0.4921875 0.3203125 0.021484375 0.021484375 
1 0.53515625 0.4853515625 0.021484375 0.021484375 
0 0.46484375 0.771484375 0.0224609375 0.0224609375 
0 0.494140625 0.8974609375 0.01953125 0.01953125 
1 0.4462890625 0.4111328125 0.0224609375 0.0224609375 
0 0.572265625 0.1767578125 0.021484375 0.021484375 
0 0.447265625 0.5625 0.0234375 0.0234375 
0 0.546875 0.470703125 0.021484375 0.021484375 
0 0.6708984375 0.05859375 0.021484375 0.021484375 
0 0.6328125 0.4208984375 0.0234375 0.0234375 
1 0.443359375 0.4970703125 0.0224609375 0.0224609375 
0 0.4423828125 0.6689453125 0.0234375 0.0234375 
1 0.6396484375 0.193359375 0.0224609375 0.0224609375 
0 0.5390625 0.70703125 0.021484375 0.021484375 
0 0.53515625 0.5654296875 0.021484375 0.021484375 
0 0.65234375 0.3037109375 0.021484375 0.021484375 
0 0.5556640625 0.08203125 0.0224609375 0.0224609375 
0 0.4296875 0.1220703125 0.021484375 0.021484375 
0 0.4853515625 0.2080078125 0.0234375 0.0234375 
1 0.3017578125 0.1005859375 0.0224609375 0.0224609375 
1 0.498046875 0.1171875 0.021484375 0.021484375 
1 0.333984375 0.1923828125 0.0224609375 0.0224609375 
1 0.462890625 0.1435546875 0.021484375 0.021484375 
