0 0.583984375 0.4580078125 0.021484375 0.021484375 
0 0.6083984375 0.45703125 0.0234375 0.0234375 
0 0.3955078125 0.0654296875 0.021484375 0.021484375 
1 0.3408203125 0.2080078125 0.021484375 0.021484375 
0 0.45703125 0.4521484375 0.0234375 0.0234375 
0 0.5126953125 0.2177734375 0.021484375 0.021484375 
1 0.5263671875 0.32421875 0.021484375 0.021484375 
0 0.5185546875 0.8212890625 0.0234375 0.0234375 
0 0.6806640625 0.0390625 0.0234375 0.0234375 
0 0.5029296875 0.572265625 0.021484375 0.021484375 
0 0.4296875 0.4375 0.021484375 0.021484375 
0 0.568359375 0.49609375 0.0224609375 0.0224609375 
0 0.580078125 0.236328125 0.021484375 0.021484375 
1 0.560546875 0.76953125 0.021484375 0.021484375 
0 0.50390625 0.4638671875 0.0234375 0.0234375 
0 0.619140625 0.3505859375 0.0234375 0.0234375 
0 0.4326171875 0.3896484375 0.021484375 0.021484375 
0 0.7109375 0.0791015625 0.021484375 0.021484375 
0 0.6220703125 0.0595703125 0.0234375 0.0234375 
0 0.5009765625 0.1787109375 0.021484375 0.021484375 
0 0.478515625 0.7060546875 0.021484375 0.021484375 
0 0.525390625 0.58203125 0.0234375 0.0234375 
0 0.4560546875 0.0546875 0.0234375 0.0234375 
0 0.5556640625 0.361328125 0.0234375 0.0234375 
1 0.455078125 0.73828125 0.0224609375 0.0224609375 
1 0.4892578125 0.5625 0.0224609375 0.0224609375 
0 0.501953125 0.31640625 0.021484375 0.021484375 
1 0.322265625 0.18359375 0.021484375 0.021484375 
0 0.541015625 0.5791015625 0.021484375 0.021484375 
0 0.37109375 0.150390625 0.021484375 0.021484375 
0 0.4853515625 0.474609375 0.0224609375 0.0224609375 
0 0.3505859375 0.07421875 0.021484375 0.021484375 
0 0.373046875 0.4833984375 0.021484375 0.021484375 
0 0.62109375 0.44921875 0.021484375 0.021484375 
0 0.5556640625 0.4521484375 0.0234375 0.0234375 
0 0.3232421875 0.2294921875 0.0234375 0.0234375 
0 0.5634765625 0.0341796875 0.0234375 0.0234375 
0 0.4267578125 0.6083984375 0.0234375 0.0234375 
0 0.4345703125 0.052734375 0.021484375 0.021484375 
0 0.4755859375 0.396484375 0.021484375 0.021484375 
1 0.5576171875 0.14453125 0.0224609375 0.0224609375 
0 0.3251953125 0.2451171875 0.0234375 0.0234375 
0 0.64453125 0.369140625 0.021484375 0.021484375 
0 0.400390625 0.458984375 0.0234375 0.0234375 
0 0.27734375 0.03515625 0.021484375 0.021484375 
0 0.56640625 0.052734375 0.021484375 0.021484375 
0 0.4912109375 0.8935546875 0.01953125 0.01953125 
1 0.5419921875 0.2490234375 0.021484375 0.021484375 
0 0.3916015625 0.384765625 0.021484375 0.021484375 
0 0.4560546875 0.5439453125 0.021484375 0.021484375 
0 0.494140625 0.6943359375 0.0234375 0.0234375 
0 0.4150390625 0.052734375 0.0224609375 0.0224609375 
1 0.53125 0.0361328125 0.0224609375 0.0224609375 
1 0.39453125 0.27734375 0.021484375 0.021484375 
1 0.3115234375 0.205078125 0.0224609375 0.0224609375 
1 0.603515625 0.2607421875 0.021484375 0.021484375 
1 0.3818359375 0.3564453125 0.021484375 0.021484375 
0 0.478515625 0.3125 0.021484375 0.021484375 
0 0.4169921875 0.4873046875 0.021484375 0.021484375 
0 0.5498046875 0.1904296875 0.021484375 0.021484375 
1 0.544921875 0.5947265625 0.021484375 0.021484375 
0 0.34765625 0.326171875 0.021484375 0.021484375 
0 0.4990234375 0.783203125 0.01953125 0.01953125 
0 0.568359375 0.73828125 0.0234375 0.0234375 
0 0.455078125 0.1630859375 0.021484375 0.021484375 
0 0.4912109375 0.634765625 0.021484375 0.021484375 
0 0.67578125 0.056640625 0.021484375 0.021484375 
0 0.4169921875 0.314453125 0.021484375 0.021484375 
0 0.5625 0.08984375 0.021484375 0.021484375 
0 0.3876953125 0.337890625 0.021484375 0.021484375 
1 0.5712890625 0.2705078125 0.0224609375 0.0224609375 
1 0.3271484375 0.125 0.021484375 0.021484375 
0 0.5087890625 0.365234375 0.0224609375 0.0224609375 
0 0.4921875 0.767578125 0.0234375 0.0234375 
1 0.40625 0.037109375 0.021484375 0.021484375 
0 0.5185546875 0.431640625 0.021484375 0.021484375 
0 0.4833984375 0.1416015625 0.0234375 0.0234375 
0 0.474609375 0.6845703125 0.0234375 0.0234375 
0 0.5322265625 0.3466796875 0.021484375 0.021484375 
0 0.3037109375 0.1611328125 0.021484375 0.021484375 
0 0.5849609375 0.6181640625 0.0224609375 0.0224609375 
0 0.529296875 0.6142578125 0.0224609375 0.0224609375 
0 0.6689453125 0.2109375 0.0224609375 0.0224609375 
0 0.3642578125 0.1171875 0.021484375 0.021484375 
0 0.455078125 0.7705078125 0.0224609375 0.0224609375 
0 0.5322265625 0.642578125 0.021484375 0.021484375 
0 0.4765625 0.0810546875 0.021484375 0.021484375 
1 0.6513671875 0.171875 0.021484375 0.021484375 
0 0.4501953125 0.564453125 0.021484375 0.021484375 
0 0.5029296875 0.5537109375 0.0234375 0.0234375 
0 0.4638671875 0.177734375 0.021484375 0.021484375 
1 0.380859375 0.2880859375 0.021484375 0.021484375 
0 0.42578125 0.361328125 0.021484375 0.021484375 
0 0.69140625 0.1533203125 0.0234375 0.0234375 
0 0.376953125 0.056640625 0.021484375 0.021484375 
0 0.57421875 0.6875 0.021484375 0.021484375 
1 0.4775390625 0.0537109375 0.0224609375 0.0224609375 
0 0.4345703125 0.638671875 0.021484375 0.021484375 
1 0.37109375 0.46875 0.0224609375 0.0224609375 
0 0.6279296875 0.080078125 0.021484375 0.021484375 
0 0.455078125 0.837890625 0.025390625 0.025390625 
0 0.3876953125 0.4736328125 0.0234375 0.0234375 
0 0.6396484375 0.40625 0.021484375 0.021484375 
0 0.6259765625 0.1044921875 0.021484375 0.021484375 
0 0.5341796875 0.099609375 0.021484375 0.021484375 
0 0.357421875 0.38671875 0.021484375 0.021484375 
0 0.5810546875 0.17578125 0.0234375 0.0234375 
1 0.5615234375 0.6044921875 0.0224609375 0.0224609375 
0 0.673828125 0.234375 0.0234375 0.0234375 
0 0.6181640625 0.126953125 0.0224609375 0.0224609375 
0 0.607421875 0.5390625 0.021484375 0.021484375 
1 0.33984375 0.29296875 0.021484375 0.021484375 
1 0.5771484375 0.203125 0.021484375 0.021484375 
0 0.41015625 0.0830078125 0.021484375 0.021484375 
0 0.6123046875 0.4248046875 0.0234375 0.0234375 
0 0.4912109375 0.197265625 0.021484375 0.021484375 
0 0.4443359375 0.6591796875 0.021484375 0.021484375 
1 0.3681640625 0.3134765625 0.0224609375 0.0224609375 
0 0.431640625 0.296875 0.021484375 0.021484375 
0 0.396484375 0.220703125 0.021484375 0.021484375 
0 0.4326171875 0.0380859375 0.0234375 0.0234375 
0 0.5322265625 0.396484375 0.0234375 0.0234375 
0 0.484375 0.2265625 0.0224609375 0.0224609375 
1 0.6044921875 0.5673828125 0.0224609375 0.0224609375 
0 0.435546875 0.2216796875 0.021484375 0.021484375 
0 0.53515625 0.4482421875 0.021484375 0.021484375 
0 0.3125 0.0927734375 0.0224609375 0.0224609375 
1 0.576171875 0.306640625 0.021484375 0.021484375 
0 0.5341796875 0.1689453125 0.021484375 0.021484375 
1 0.5556640625 0.5576171875 0.0224609375 0.0224609375 
0 0.61328125 0.3828125 0.0234375 0.0234375 
0 0.3427734375 0.267578125 0.021484375 0.021484375 
1 0.5986328125 0.607421875 0.0224609375 0.0224609375 
0 0.3896484375 0.048828125 0.021484375 0.021484375 
0 0.517578125 0.71875 0.0234375 0.0234375 
0 0.5341796875 0.509765625 0.0234375 0.0234375 
1 0.546875 0.2294921875 0.021484375 0.021484375 
1 0.29296875 0.0888671875 0.021484375 0.021484375 
0 0.521484375 0.75390625 0.025390625 0.025390625 
0 0.6474609375 0.3037109375 0.0224609375 0.0224609375 
0 0.4853515625 0.4150390625 0.0234375 0.0234375 
1 0.376953125 0.17578125 0.0224609375 0.0224609375 
0 0.6142578125 0.498046875 0.021484375 0.021484375 
0 0.623046875 0.484375 0.0234375 0.0234375 
