0 0.4013671875 0.03515625 0.021484375 0.021484375 
1 0.58203125 0.0673828125 0.021484375 0.021484375 
0 0.6005859375 0.0390625 0.021484375 0.021484375 
0 0.3486328125 0.041015625 0.021484375 0.021484375 
1 0.611328125 0.525390625 0.021484375 0.021484375 
0 0.431640625 0.240234375 0.0224609375 0.0224609375 
0 0.57421875 0.6982421875 0.021484375 0.021484375 
0 0.37109375 0.091796875 0.021484375 0.021484375 
0 0.611328125 0.302734375 0.0224609375 0.0224609375 
0 0.576171875 0.5234375 0.0234375 0.0234375 
1 0.6484375 0.1953125 0.0224609375 0.0224609375 
0 0.6748046875 0.1845703125 0.0234375 0.0234375 
1 0.484375 0.49609375 0.021484375 0.021484375 
0 0.4794921875 0.0634765625 0.0224609375 0.0224609375 
0 0.4326171875 0.080078125 0.021484375 0.021484375 
0 0.4423828125 0.4794921875 0.021484375 0.021484375 
0 0.41796875 0.275390625 0.0234375 0.0234375 
0 0.337890625 0.322265625 0.021484375 0.021484375 
0 0.3203125 0.0654296875 0.021484375 0.021484375 
1 0.615234375 0.2412109375 0.021484375 0.021484375 
1 0.29296875 0.05078125 0.021484375 0.021484375 
0 0.5712890625 0.2490234375 0.0224609375 0.0224609375 
0 0.46875 0.5791015625 0.021484375 0.021484375 
0 0.6142578125 0.359375 0.021484375 0.021484375 
1 0.705078125 0.099609375 0.021484375 0.021484375 
0 0.4599609375 0.2265625 0.0224609375 0.0224609375 
0 0.46875 0.7626953125 0.021484375 0.021484375 
0 0.5205078125 0.34375 0.021484375 0.021484375 
0 0.65625 0.29296875 0.021484375 0.021484375 
1 0.5537109375 0.2626953125 0.021484375 0.021484375 
0 0.4267578125 0.140625 0.0224609375 0.0224609375 
1 0.4365234375 0.40234375 0.0224609375 0.0224609375 
0 0.5302734375 0.3818359375 0.021484375 0.021484375 
1 0.5400390625 0.4677734375 0.0224609375 0.0224609375 
0 0.66796875 0.255859375 0.0234375 0.0234375 
1 0.431640625 0.21484375 0.021484375 0.021484375 
0 0.5888671875 0.533203125 0.0234375 0.0234375 
1 0.458984375 0.865234375 0.0234375 0.0234375 
0 0.5654296875 0.076171875 0.0224609375 0.0224609375 
0 0.5400390625 0.173828125 0.021484375 0.021484375 
1 0.310546875 0.03515625 0.021484375 0.021484375 
1 0.416015625 0.1181640625 0.021484375 0.021484375 
0 0.5732421875 0.6396484375 0.0234375 0.0234375 
0 0.59375 0.5751953125 0.0234375 0.0234375 
0 0.5478515625 0.2109375 0.021484375 0.021484375 
0 0.3173828125 0.19921875 0.0224609375 0.0224609375 
0 0.484375 0.7021484375 0.021484375 0.021484375 
0 0.486328125 0.5703125 0.0234375 0.0234375 
0 0.4853515625 0.7255859375 0.021484375 0.021484375 
0 0.39453125 0.16015625 0.021484375 0.021484375 
1 0.3896484375 0.390625 0.021484375 0.021484375 
0 0.4853515625 0.1298828125 0.0234375 0.0234375 
0 0.544921875 0.7802734375 0.025390625 0.025390625 
0 0.5361328125 0.5947265625 0.021484375 0.021484375 
0 0.431640625 0.4521484375 0.021484375 0.021484375 
1 0.390625 0.45703125 0.021484375 0.021484375 
0 0.5537109375 0.611328125 0.021484375 0.021484375 
0 0.5185546875 0.451171875 0.021484375 0.021484375 
0 0.31640625 0.0498046875 0.021484375 0.021484375 
0 0.310546875 0.099609375 0.021484375 0.021484375 
0 0.6083984375 0.1201171875 0.021484375 0.021484375 
1 0.3759765625 0.4892578125 0.021484375 0.021484375 
0 0.6259765625 0.0458984375 0.0234375 0.0234375 
1 0.4072265625 0.48046875 0.0224609375 0.0224609375 
0 0.5869140625 0.5966796875 0.021484375 0.021484375 
1 0.439453125 0.09375 0.0224609375 0.0224609375 
0 0.671875 0.04296875 0.0234375 0.0234375 
0 0.5029296875 0.423828125 0.021484375 0.021484375 
1 0.5615234375 0.5966796875 0.021484375 0.021484375 
0 0.3916015625 0.4404296875 0.021484375 0.021484375 
0 0.3603515625 0.2490234375 0.0234375 0.0234375 
1 0.453125 0.1650390625 0.021484375 0.021484375 
0 0.439453125 0.0517578125 0.021484375 0.021484375 
1 0.4443359375 0.623046875 0.021484375 0.021484375 
0 0.6201171875 0.5078125 0.0234375 0.0234375 
0 0.47265625 0.85546875 0.0224609375 0.0224609375 
0 0.482421875 0.791015625 0.025390625 0.025390625 
0 0.4814453125 0.6162109375 0.0224609375 0.0224609375 
0 0.55859375 0.3720703125 0.021484375 0.021484375 
0 0.533203125 0.712890625 0.0234375 0.0234375 
1 0.607421875 0.201171875 0.0224609375 0.0224609375 
0 0.5068359375 0.85546875 0.0224609375 0.0224609375 
0 0.400390625 0.5166015625 0.0234375 0.0234375 
1 0.5419921875 0.8173828125 0.0234375 0.0234375 
0 0.4326171875 0.4306640625 0.0234375 0.0234375 
1 0.5244140625 0.8193359375 0.0234375 0.0234375 
