0 0.4716796875 0.1455078125 0.021484375 0.021484375 
0 0.330078125 0.1455078125 0.021484375 0.021484375 
0 0.5078125 0.73046875 0.0234375 0.0234375 
0 0.4326171875 0.572265625 0.021484375 0.021484375 
1 0.591796875 0.1611328125 0.021484375 0.021484375 
0 0.591796875 0.44140625 0.0234375 0.0234375 
0 0.625 0.37890625 0.0234375 0.0234375 
1 0.4873046875 0.7197265625 0.021484375 0.021484375 
0 0.5517578125 0.318359375 0.021484375 0.021484375 
1 0.52734375 0.6181640625 0.021484375 0.021484375 
0 0.5576171875 0.537109375 0.0234375 0.0234375 
0 0.455078125 0.107421875 0.021484375 0.021484375 
1 0.4736328125 0.8125 0.0234375 0.0234375 
1 0.30859375 0.1728515625 0.021484375 0.021484375 
0 0.5029296875 0.404296875 0.021484375 0.021484375 
0 0.435546875 0.2138671875 0.021484375 0.021484375 
0 0.384765625 0.3681640625 0.0234375 0.0234375 
0 0.6064453125 0.373046875 0.0234375 0.0234375 
1 0.5107421875 0.712890625 0.021484375 0.021484375 
0 0.611328125 0.1455078125 0.021484375 0.021484375 
1 0.6103515625 0.2744140625 0.0224609375 0.0224609375 
0 0.3955078125 0.2734375 0.021484375 0.021484375 
0 0.421875 0.4931640625 0.021484375 0.021484375 
0 0.4091796875 0.5146484375 0.0234375 0.0234375 
0 0.41796875 0.03125 0.021484375 0.021484375 
0 0.5224609375 0.4931640625 0.021484375 0.021484375 
1 0.310546875 0.052734375 0.021484375 0.021484375 
1 0.5732421875 0.4111328125 0.0224609375 0.0224609375 
0 0.3984375 0.20703125 0.021484375 0.021484375 
0 0.462890625 0.16015625 0.0234375 0.0234375 
0 0.6494140625 0.3681640625 0.021484375 0.021484375 
0 0.5263671875 0.091796875 0.0234375 0.0234375 
0 0.6015625 0.3046875 0.0234375 0.0234375 
1 0.3779296875 0.451171875 0.0224609375 0.0224609375 
0 0.501953125 0.302734375 0.0234375 0.0234375 
0 0.5244140625 0.8603515625 0.0234375 0.0234375 
0 0.5009765625 0.328125 0.021484375 0.021484375 
0 0.3388671875 0.3056640625 0.021484375 0.021484375 
0 0.5126953125 0.578125 0.0234375 0.0234375 
1 0.4892578125 0.7861328125 0.021484375 0.021484375 
1 0.5439453125 0.607421875 0.021484375 0.021484375 
0 0.4892578125 0.4990234375 0.021484375 0.021484375 
1 0.546875 0.705078125 0.0224609375 0.0224609375 
0 0.5166015625 0.1396484375 0.021484375 0.021484375 
1 0.4697265625 0.267578125 0.021484375 0.021484375 
0 0.412109375 0.109375 0.021484375 0.021484375 
0 0.4560546875 0.599609375 0.0234375 0.0234375 
0 0.3955078125 0.5791015625 0.0224609375 0.0224609375 
1 0.4755859375 0.8798828125 0.021484375 0.021484375 
1 0.5341796875 0.8037109375 0.021484375 0.021484375 
1 0.3388671875 0.220703125 0.021484375 0.021484375 
0 0.470703125 0.0849609375 0.0234375 0.0234375 
1 0.4599609375 0.28515625 0.021484375 0.021484375 
0 0.56640625 0.7109375 0.0224609375 0.0224609375 
1 0.5361328125 0.6337890625 0.021484375 0.021484375 
0 0.5009765625 0.4755859375 0.021484375 0.021484375 
0 0.5166015625 0.791015625 0.0224609375 0.0224609375 
0 0.416015625 0.3310546875 0.021484375 0.021484375 
0 0.5537109375 0.625 0.0234375 0.0234375 
0 0.330078125 0.12890625 0.021484375 0.021484375 
0 0.5419921875 0.513671875 0.0234375 0.0234375 
0 0.69140625 0.1513671875 0.0234375 0.0234375 
1 0.484375 0.5283203125 0.0224609375 0.0224609375 
0 0.572265625 0.7314453125 0.021484375 0.021484375 
0 0.4990234375 0.0390625 0.021484375 0.021484375 
0 0.5087890625 0.3837890625 0.021484375 0.021484375 
1 0.451171875 0.326171875 0.021484375 0.021484375 
0 0.5546875 0.1162109375 0.021484375 0.021484375 
0 0.603515625 0.392578125 0.0224609375 0.0224609375 
1 0.6015625 0.0947265625 0.021484375 0.021484375 
0 0.6884765625 0.123046875 0.021484375 0.021484375 
0 0.431640625 0.515625 0.021484375 0.021484375 
0 0.4501953125 0.7578125 0.0224609375 0.0224609375 
1 0.541015625 0.146484375 0.021484375 0.021484375 
1 0.5234375 0.328125 0.021484375 0.021484375 
0 0.4296875 0.5556640625 0.021484375 0.021484375 
0 0.2880859375 0.07421875 0.0234375 0.0234375 
0 0.4697265625 0.4580078125 0.0224609375 0.0224609375 
0 0.5400390625 0.8671875 0.0224609375 0.0224609375 
0 0.326171875 0.1083984375 0.021484375 0.021484375 
0 0.3291015625 0.041015625 0.021484375 0.021484375 
0 0.6669921875 0.259765625 0.0234375 0.0234375 
1 0.4912109375 0.4150390625 0.021484375 0.021484375 
0 0.4296875 0.25390625 0.021484375 0.021484375 
0 0.638671875 0.0654296875 0.021484375 0.021484375 
0 0.611328125 0.0595703125 0.021484375 0.021484375 
0 0.5869140625 0.55078125 0.0234375 0.0234375 
1 0.462890625 0.5048828125 0.021484375 0.021484375 
0 0.494140625 0.7666015625 0.0224609375 0.0224609375 
0 0.4619140625 0.4375 0.0234375 0.0234375 
0 0.2841796875 0.10546875 0.0234375 0.0234375 
0 0.5185546875 0.5107421875 0.0224609375 0.0224609375 
0 0.634765625 0.341796875 0.0234375 0.0234375 
0 0.51953125 0.2578125 0.021484375 0.021484375 
0 0.43359375 0.056640625 0.021484375 0.021484375 
0 0.408203125 0.58984375 0.021484375 0.021484375 
0 0.5302734375 0.1064453125 0.021484375 0.021484375 
1 0.3837890625 0.259765625 0.0224609375 0.0224609375 
1 0.35546875 0.20703125 0.0224609375 0.0224609375 
1 0.53515625 0.4833984375 0.021484375 0.021484375 
1 0.439453125 0.6396484375 0.021484375 0.021484375 
1 0.4306640625 0.7109375 0.021484375 0.021484375 
0 0.3203125 0.220703125 0.0234375 0.0234375 
0 0.375 0.1611328125 0.0234375 0.0234375 
0 0.619140625 0.0791015625 0.021484375 0.021484375 
0 0.587890625 0.267578125 0.021484375 0.021484375 
0 0.5146484375 0.607421875 0.0234375 0.0234375 
0 0.611328125 0.18359375 0.021484375 0.021484375 
1 0.4248046875 0.197265625 0.0224609375 0.0224609375 
0 0.4736328125 0.048828125 0.021484375 0.021484375 
0 0.625 0.330078125 0.0234375 0.0234375 
0 0.5595703125 0.212890625 0.0224609375 0.0224609375 
0 0.4521484375 0.0419921875 0.021484375 0.021484375 
0 0.5439453125 0.2841796875 0.0234375 0.0234375 
1 0.509765625 0.83984375 0.021484375 0.021484375 
0 0.41796875 0.095703125 0.021484375 0.021484375 
0 0.4521484375 0.17578125 0.0224609375 0.0224609375 
0 0.3359375 0.2353515625 0.021484375 0.021484375 
0 0.4775390625 0.6181640625 0.021484375 0.021484375 
0 0.7099609375 0.07421875 0.0234375 0.0234375 
0 0.54296875 0.5341796875 0.0234375 0.0234375 
0 0.419921875 0.3017578125 0.0234375 0.0234375 
0 0.4921875 0.111328125 0.0234375 0.0234375 
0 0.57421875 0.595703125 0.021484375 0.021484375 
1 0.3505859375 0.0693359375 0.021484375 0.021484375 
1 0.6669921875 0.197265625 0.0224609375 0.0224609375 
1 0.6337890625 0.2568359375 0.021484375 0.021484375 
0 0.3662109375 0.419921875 0.0234375 0.0234375 
0 0.376953125 0.228515625 0.021484375 0.021484375 
1 0.357421875 0.1787109375 0.021484375 0.021484375 
1 0.43359375 0.3125 0.021484375 0.021484375 
1 0.404296875 0.4560546875 0.0224609375 0.0224609375 
0 0.6845703125 0.1845703125 0.0224609375 0.0224609375 
0 0.603515625 0.5244140625 0.0234375 0.0234375 
