0 0.6142578125 0.3837890625 0.0224609375 0.0224609375 
0 0.712890625 0.0615234375 0.0234375 0.0234375 
0 0.5029296875 0.6796875 0.021484375 0.021484375 
1 0.3056640625 0.2060546875 0.021484375 0.021484375 
1 0.517578125 0.8662109375 0.021484375 0.021484375 
0 0.3359375 0.119140625 0.021484375 0.021484375 
0 0.4541015625 0.607421875 0.021484375 0.021484375 
0 0.3916015625 0.2099609375 0.021484375 0.021484375 
1 0.4677734375 0.484375 0.021484375 0.021484375 
0 0.4892578125 0.1806640625 0.021484375 0.021484375 
1 0.58984375 0.119140625 0.0224609375 0.0224609375 
0 0.365234375 0.0771484375 0.0234375 0.0234375 
0 0.552734375 0.81640625 0.021484375 0.021484375 
0 0.54296875 0.5712890625 0.021484375 0.021484375 
0 0.5068359375 0.2548828125 0.021484375 0.021484375 
0 0.6357421875 0.169921875 0.021484375 0.021484375 
0 0.41015625 0.158203125 0.021484375 0.021484375 
0 0.537109375 0.755859375 0.025390625 0.025390625 
0 0.5244140625 0.5517578125 0.0224609375 0.0224609375 
1 0.5166015625 0.4052734375 0.021484375 0.021484375 
0 0.609375 0.439453125 0.0224609375 0.0224609375 
0 0.3896484375 0.0625 0.021484375 0.021484375 
0 0.572265625 0.1103515625 0.021484375 0.021484375 
0 0.37890625 0.0859375 0.0224609375 0.0224609375 
1 0.5478515625 0.2236328125 0.021484375 0.021484375 
1 0.392578125 0.376953125 0.021484375 0.021484375 
0 0.5185546875 0.76953125 0.0234375 0.0234375 
1 0.5166015625 0.6181640625 0.0224609375 0.0224609375 
0 0.6669921875 0.2041015625 0.021484375 0.021484375 
1 0.6298828125 0.3564453125 0.021484375 0.021484375 
1 0.51953125 0.0537109375 0.021484375 0.021484375 
0 0.5908203125 0.177734375 0.021484375 0.021484375 
1 0.4716796875 0.3369140625 0.0224609375 0.0224609375 
1 0.279296875 0.07421875 0.021484375 0.021484375 
0 0.32421875 0.04296875 0.021484375 0.021484375 
0 0.4912109375 0.572265625 0.021484375 0.021484375 
0 0.462890625 0.1865234375 0.0234375 0.0234375 
0 0.6416015625 0.2490234375 0.021484375 0.021484375 
0 0.6494140625 0.29296875 0.0224609375 0.0224609375 
0 0.5302734375 0.169921875 0.021484375 0.021484375 
1 0.4189453125 0.46484375 0.021484375 0.021484375 
0 0.51171875 0.828125 0.025390625 0.025390625 
1 0.6513671875 0.1982421875 0.021484375 0.021484375 
1 0.4375 0.423828125 0.021484375 0.021484375 
0 0.4990234375 0.0947265625 0.021484375 0.021484375 
0 0.458984375 0.833984375 0.01953125 0.01953125 
0 0.5625 0.232421875 0.0224609375 0.0224609375 
0 0.55859375 0.5341796875 0.021484375 0.021484375 
0 0.576171875 0.3505859375 0.0234375 0.0234375 
0 0.4140625 0.5078125 0.021484375 0.021484375 
0 0.603515625 0.080078125 0.021484375 0.021484375 
0 0.4560546875 0.4736328125 0.021484375 0.021484375 
0 0.529296875 0.2861328125 0.021484375 0.021484375 
0 0.4052734375 0.0615234375 0.0234375 0.0234375 
1 0.4990234375 0.7666015625 0.021484375 0.021484375 
1 0.5498046875 0.11328125 0.0224609375 0.0224609375 
0 0.4736328125 0.1748046875 0.021484375 0.021484375 
0 0.4873046875 0.53515625 0.021484375 0.021484375 
0 0.3798828125 0.3544921875 0.0234375 0.0234375 
0 0.552734375 0.1376953125 0.0234375 0.0234375 
0 0.4541015625 0.5322265625 0.021484375 0.021484375 
0 0.4404296875 0.5830078125 0.0224609375 0.0224609375 
1 0.5 0.7099609375 0.0224609375 0.0224609375 
0 0.501953125 0.423828125 0.021484375 0.021484375 
0 0.4072265625 0.2490234375 0.0224609375 0.0224609375 
0 0.5859375 0.5908203125 0.0234375 0.0234375 
0 0.3974609375 0.0869140625 0.0224609375 0.0224609375 
0 0.4306640625 0.2275390625 0.0234375 0.0234375 
0 0.4541015625 0.390625 0.021484375 0.021484375 
1 0.578125 0.4697265625 0.021484375 0.021484375 
0 0.611328125 0.5029296875 0.021484375 0.021484375 
0 0.5439453125 0.697265625 0.0234375 0.0234375 
1 0.525390625 0.7333984375 0.0224609375 0.0224609375 
0 0.3701171875 0.4111328125 0.0224609375 0.0224609375 
1 0.45703125 0.5517578125 0.0224609375 0.0224609375 
0 0.4697265625 0.759765625 0.01953125 0.01953125 
0 0.45703125 0.3154296875 0.021484375 0.021484375 
0 0.490234375 0.4111328125 0.0234375 0.0234375 
0 0.47265625 0.7177734375 0.0234375 0.0234375 
0 0.50390625 0.6943359375 0.0234375 0.0234375 
0 0.4287109375 0.29296875 0.021484375 0.021484375 
0 0.4345703125 0.4736328125 0.0234375 0.0234375 
1 0.572265625 0.0751953125 0.0224609375 0.0224609375 
0 0.578125 0.12890625 0.0234375 0.0234375 
0 0.3544921875 0.326171875 0.021484375 0.021484375 
1 0.4140625 0.5595703125 0.021484375 0.021484375 
0 0.416015625 0.033203125 0.0234375 0.0234375 
0 0.36328125 0.126953125 0.021484375 0.021484375 
0 0.5654296875 0.744140625 0.0234375 0.0234375 
0 0.3623046875 0.03515625 0.021484375 0.021484375 
0 0.447265625 0.1552734375 0.0234375 0.0234375 
0 0.515625 0.3134765625 0.021484375 0.021484375 
0 0.474609375 0.81640625 0.0234375 0.0234375 
0 0.5634765625 0.5927734375 0.0224609375 0.0224609375 
0 0.48046875 0.3525390625 0.021484375 0.021484375 
0 0.5146484375 0.6025390625 0.021484375 0.021484375 
0 0.4716796875 0.8671875 0.01953125 0.01953125 
0 0.3837890625 0.234375 0.0224609375 0.0224609375 
0 0.3994140625 0.47265625 0.021484375 0.021484375 
0 0.4755859375 0.2197265625 0.021484375 0.021484375 
0 0.3564453125 0.2294921875 0.021484375 0.021484375 
0 0.3134765625 0.2373046875 0.021484375 0.021484375 
0 0.5068359375 0.556640625 0.0234375 0.0234375 
0 0.4287109375 0.6337890625 0.0234375 0.0234375 
0 0.6240234375 0.0498046875 0.0234375 0.0234375 
0 0.541015625 0.4892578125 0.021484375 0.021484375 
0 0.5234375 0.1923828125 0.0234375 0.0234375 
0 0.701171875 0.10546875 0.0234375 0.0234375 
1 0.4453125 0.25390625 0.021484375 0.021484375 
0 0.271484375 0.0380859375 0.021484375 0.021484375 
0 0.5068359375 0.2890625 0.021484375 0.021484375 
0 0.388671875 0.041015625 0.021484375 0.021484375 
0 0.4560546875 0.58203125 0.0234375 0.0234375 
0 0.486328125 0.8662109375 0.0224609375 0.0224609375 
0 0.615234375 0.111328125 0.021484375 0.021484375 
0 0.451171875 0.505859375 0.021484375 0.021484375 
1 0.48828125 0.60546875 0.021484375 0.021484375 
0 0.5029296875 0.73828125 0.0234375 0.0234375 
0 0.3974609375 0.49609375 0.021484375 0.021484375 
1 0.6064453125 0.36328125 0.021484375 0.021484375 
0 0.5732421875 0.5419921875 0.021484375 0.021484375 
1 0.6826171875 0.03515625 0.0224609375 0.0224609375 
1 0.2900390625 0.044921875 0.021484375 0.021484375 
0 0.3828125 0.431640625 0.021484375 0.021484375 
0 0.58203125 0.6748046875 0.021484375 0.021484375 
0 0.4677734375 0.4560546875 0.0234375 0.0234375 
0 0.525390625 0.2119140625 0.021484375 0.021484375 
0 0.404296875 0.576171875 0.021484375 0.021484375 
1 0.521484375 0.42578125 0.0224609375 0.0224609375 
0 0.4580078125 0.6572265625 0.0234375 0.0234375 
0 0.4130859375 0.6416015625 0.0234375 0.0234375 
0 0.6259765625 0.4580078125 0.021484375 0.021484375 
0 0.3642578125 0.2626953125 0.0234375 0.0234375 
0 0.458984375 0.1083984375 0.021484375 0.021484375 
0 0.5947265625 0.2490234375 0.0234375 0.0234375 
1 0.478515625 0.6220703125 0.021484375 0.021484375 
0 0.5126953125 0.71875 0.021484375 0.021484375 
0 0.4658203125 0.697265625 0.021484375 0.021484375 
0 0.498046875 0.48828125 0.021484375 0.021484375 
1 0.373046875 0.501953125 0.021484375 0.021484375 
0 0.40234375 0.33984375 0.021484375 0.021484375 
1 0.4658203125 0.2490234375 0.021484375 0.021484375 
0 0.5400390625 0.58984375 0.0234375 0.0234375 
0 0.544921875 0.1572265625 0.0234375 0.0234375 
1 0.4921875 0.7861328125 0.0234375 0.0234375 
0 0.583984375 0.0849609375 0.0234375 0.0234375 
1 0.5517578125 0.7724609375 0.021484375 0.021484375 
0 0.53125 0.4658203125 0.021484375 0.021484375 
0 0.462890625 0.287109375 0.0234375 0.0234375 
0 0.572265625 0.416015625 0.0224609375 0.0224609375 
1 0.578125 0.197265625 0.021484375 0.021484375 
1 0.5302734375 0.3544921875 0.021484375 0.021484375 
0 0.51171875 0.361328125 0.0234375 0.0234375 
0 0.47265625 0.5234375 0.021484375 0.021484375 
0 0.5263671875 0.8798828125 0.01953125 0.01953125 
0 0.5263671875 0.8154296875 0.0234375 0.0234375 
0 0.419921875 0.486328125 0.021484375 0.021484375 
0 0.3486328125 0.2685546875 0.0234375 0.0234375 
1 0.6083984375 0.5576171875 0.0224609375 0.0224609375 
0 0.3056640625 0.181640625 0.021484375 0.021484375 
1 0.5419921875 0.875 0.0234375 0.0234375 
0 0.365234375 0.09765625 0.0234375 0.0234375 
1 0.552734375 0.509765625 0.021484375 0.021484375 
0 0.5419921875 0.380859375 0.0224609375 0.0224609375 
1 0.572265625 0.375 0.0224609375 0.0224609375 
0 0.64453125 0.111328125 0.0224609375 0.0224609375 
0 0.5078125 0.4384765625 0.0234375 0.0234375 
0 0.62109375 0.216796875 0.0234375 0.0234375 
0 0.4208984375 0.3876953125 0.021484375 0.021484375 
0 0.4306640625 0.1904296875 0.021484375 0.021484375 
0 0.6171875 0.1533203125 0.021484375 0.021484375 
0 0.4873046875 0.6357421875 0.021484375 0.021484375 
1 0.66796875 0.279296875 0.021484375 0.021484375 
0 0.3759765625 0.4638671875 0.021484375 0.021484375 
0 0.6318359375 0.099609375 0.021484375 0.021484375 
0 0.4482421875 0.3544921875 0.021484375 0.021484375 
0 0.4521484375 0.8154296875 0.0234375 0.0234375 
1 0.4619140625 0.42578125 0.021484375 0.021484375 
0 0.5380859375 0.3076171875 0.0234375 0.0234375 
0 0.5546875 0.32421875 0.0234375 0.0234375 
0 0.5380859375 0.7822265625 0.0234375 0.0234375 
1 0.423828125 0.53515625 0.021484375 0.021484375 
0 0.4755859375 0.8330078125 0.01953125 0.01953125 
1 0.4755859375 0.5712890625 0.0224609375 0.0224609375 
0 0.435546875 0.5673828125 0.0234375 0.0234375 
1 0.4814453125 0.880859375 0.0234375 0.0234375 
0 0.59375 0.265625 0.021484375 0.021484375 
0 0.3046875 0.140625 0.021484375 0.021484375 
0 0.4453125 0.6376953125 0.021484375 0.021484375 
0 0.2958984375 0.1572265625 0.021484375 0.021484375 
0 0.4833984375 0.384765625 0.021484375 0.021484375 
0 0.6474609375 0.1376953125 0.021484375 0.021484375 
0 0.51953125 0.701171875 0.0224609375 0.0224609375 
0 0.40234375 0.6240234375 0.021484375 0.021484375 
0 0.353515625 0.3955078125 0.0234375 0.0234375 
1 0.5263671875 0.662109375 0.021484375 0.021484375 
