0 0.5244140625 0.7373046875 0.021484375 0.021484375 
0 0.28125 0.0546875 0.0234375 0.0234375 
0 0.482421875 0.6748046875 0.0234375 0.0234375 
1 0.5087890625 0.22265625 0.021484375 0.021484375 
0 0.6767578125 0.232421875 0.0224609375 0.0224609375 
0 0.6259765625 0.1494140625 0.0234375 0.0234375 
0 0.3251953125 0.1123046875 0.0234375 0.0234375 
0 0.3720703125 0.4443359375 0.0234375 0.0234375 
0 0.4375 0.1357421875 0.0224609375 0.0224609375 
0 0.5498046875 0.0322265625 0.0234375 0.0234375 
0 0.275390625 0.03515625 0.0224609375 0.0224609375 
1 0.3564453125 0.0654296875 0.021484375 0.021484375 
0 0.5234375 0.390625 0.021484375 0.021484375 
0 0.6640625 0.1435546875 0.0224609375 0.0224609375 
1 0.6572265625 0.26171875 0.021484375 0.021484375 
0 0.5380859375 0.1025390625 0.021484375 0.021484375 
0 0.611328125 0.091796875 0.021484375 0.021484375 
0 0.498046875 0.8525390625 0.0234375 0.0234375 
0 0.380859375 0.1572265625 0.0234375 0.0234375 
0 0.4970703125 0.2763671875 0.021484375 0.021484375 
1 0.51953125 0.623046875 0.021484375 0.021484375 
0 0.568359375 0.0361328125 0.021484375 0.021484375 
1 0.4814453125 0.158203125 0.021484375 0.021484375 
0 0.6484375 0.1337890625 0.0234375 0.0234375 
1 0.537109375 0.7744140625 0.021484375 0.021484375 
0 0.4814453125 0.5556640625 0.021484375 0.021484375 
0 0.4697265625 0.298828125 0.0234375 0.0234375 
0 0.34375 0.033203125 0.0234375 0.0234375 
1 0.5029296875 0.728515625 0.0224609375 0.0224609375 
0 0.3505859375 0.197265625 0.0234375 0.0234375 
0 0.4453125 0.607421875 0.0224609375 0.0224609375 
1 0.701171875 0.0439453125 0.021484375 0.021484375 
0 0.6318359375 0.2236328125 0.021484375 0.021484375 
0 0.3955078125 0.4501953125 0.021484375 0.021484375 
0 0.44140625 0.73046875 0.0234375 0.0234375 
0 0.3076171875 0.1572265625 0.021484375 0.021484375 
0 0.37890625 0.255859375 0.021484375 0.021484375 
0 0.435546875 0.2255859375 0.021484375 0.021484375 
0 0.40234375 0.123046875 0.021484375 0.021484375 
1 0.4501953125 0.0458984375 0.021484375 0.021484375 
0 0.451171875 0.2890625 0.0234375 0.0234375 
1 0.671875 0.1884765625 0.021484375 0.021484375 
1 0.5791015625 0.521484375 0.021484375 0.021484375 
0 0.408203125 0.5 0.0224609375 0.0224609375 
0 0.513671875 0.060546875 0.021484375 0.021484375 
0 0.3408203125 0.0810546875 0.021484375 0.021484375 
0 0.52734375 0.3046875 0.021484375 0.021484375 
0 0.5361328125 0.318359375 0.021484375 0.021484375 
1 0.4580078125 0.1591796875 0.021484375 0.021484375 
0 0.51953125 0.7744140625 0.0224609375 0.0224609375 
0 0.408203125 0.2470703125 0.0224609375 0.0224609375 
0 0.5048828125 0.1435546875 0.021484375 0.021484375 
0 0.4248046875 0.4228515625 0.021484375 0.021484375 
1 0.625 0.3642578125 0.0224609375 0.0224609375 
1 0.4130859375 0.443359375 0.021484375 0.021484375 
1 0.6181640625 0.208984375 0.0224609375 0.0224609375 
0 0.5732421875 0.1220703125 0.021484375 0.021484375 
0 0.5029296875 0.330078125 0.0234375 0.0234375 
1 0.5 0.04296875 0.021484375 0.021484375 
0 0.4990234375 0.6533203125 0.0234375 0.0234375 
1 0.49609375 0.66796875 0.0224609375 0.0224609375 
0 0.615234375 0.26953125 0.021484375 0.021484375 
1 0.3544921875 0.35546875 0.021484375 0.021484375 
0 0.619140625 0.3056640625 0.021484375 0.021484375 
0 0.5009765625 0.5888671875 0.021484375 0.021484375 
0 0.4609375 0.521484375 0.0234375 0.0234375 
0 0.5712890625 0.080078125 0.021484375 0.021484375 
0 0.5576171875 0.1728515625 0.021484375 0.021484375 
0 0.5478515625 0.076171875 0.0234375 0.0234375 
0 0.3232421875 0.244140625 0.0234375 0.0234375 
0 0.578125 0.689453125 0.021484375 0.021484375 
0 0.5625 0.7685546875 0.021484375 0.021484375 
0 0.4482421875 0.1982421875 0.021484375 0.021484375 
0 0.3193359375 0.1357421875 0.021484375 0.021484375 
1 0.4130859375 0.6201171875 0.021484375 0.021484375 
1 0.4345703125 0.455078125 0.021484375 0.021484375 
0 0.576171875 0.228515625 0.021484375 0.021484375 
0 0.4140625 0.359375 0.0234375 0.0234375 
1 0.33203125 0.060546875 0.0224609375 0.0224609375 
1 0.587890625 0.400390625 0.021484375 0.021484375 
0 0.4267578125 0.0791015625 0.0234375 0.0234375 
1 0.5 0.6181640625 0.021484375 0.021484375 
0 0.666015625 0.1611328125 0.0234375 0.0234375 
0 0.55859375 0.447265625 0.0234375 0.0234375 
0 0.46484375 0.78125 0.0224609375 0.0224609375 
1 0.6357421875 0.314453125 0.0224609375 0.0224609375 
0 0.3818359375 0.0654296875 0.021484375 0.021484375 
0 0.443359375 0.658203125 0.0234375 0.0234375 
0 0.5029296875 0.833984375 0.01953125 0.01953125 
0 0.447265625 0.6396484375 0.021484375 0.021484375 
0 0.591796875 0.234375 0.021484375 0.021484375 
0 0.375 0.193359375 0.021484375 0.021484375 
0 0.404296875 0.5888671875 0.021484375 0.021484375 
0 0.595703125 0.5498046875 0.021484375 0.021484375 
0 0.65625 0.23046875 0.021484375 0.021484375 
0 0.3798828125 0.423828125 0.021484375 0.021484375 
0 0.4228515625 0.1962890625 0.0224609375 0.0224609375 
0 0.5361328125 0.662109375 0.0234375 0.0234375 
1 0.43359375 0.04296875 0.021484375 0.021484375 
1 0.59375 0.09375 0.021484375 0.021484375 
1 0.619140625 0.33984375 0.021484375 0.021484375 
1 0.46484375 0.87109375 0.021484375 0.021484375 
0 0.4326171875 0.2626953125 0.021484375 0.021484375 
0 0.55859375 0.728515625 0.021484375 0.021484375 
0 0.5283203125 0.373046875 0.021484375 0.021484375 
0 0.4912109375 0.689453125 0.0234375 0.0234375 
0 0.4287109375 0.5771484375 0.021484375 0.021484375 
0 0.5712890625 0.546875 0.021484375 0.021484375 
