0 0.5634765625 0.646484375 0.021484375 0.021484375 
0 0.568359375 0.59375 0.021484375 0.021484375 
1 0.669921875 0.0712890625 0.021484375 0.021484375 
1 0.6689453125 0.140625 0.021484375 0.021484375 
1 0.3154296875 0.2333984375 0.021484375 0.021484375 
0 0.490234375 0.501953125 0.021484375 0.021484375 
0 0.505859375 0.50390625 0.021484375 0.021484375 
0 0.603515625 0.509765625 0.021484375 0.021484375 
0 0.6396484375 0.10546875 0.021484375 0.021484375 
0 0.6943359375 0.033203125 0.021484375 0.021484375 
1 0.462890625 0.111328125 0.0224609375 0.0224609375 
1 0.380859375 0.3271484375 0.021484375 0.021484375 
0 0.486328125 0.6181640625 0.0224609375 0.0224609375 
0 0.544921875 0.6318359375 0.021484375 0.021484375 
1 0.3603515625 0.205078125 0.021484375 0.021484375 
0 0.625 0.3662109375 0.021484375 0.021484375 
0 0.556640625 0.5693359375 0.021484375 0.021484375 
0 0.40625 0.6279296875 0.0234375 0.0234375 
0 0.3203125 0.1298828125 0.021484375 0.021484375 
1 0.5263671875 0.0478515625 0.021484375 0.021484375 
1 0.5498046875 0.302734375 0.021484375 0.021484375 
0 0.3330078125 0.2890625 0.0234375 0.0234375 
0 0.6181640625 0.2646484375 0.0224609375 0.0224609375 
1 0.498046875 0.6591796875 0.021484375 0.021484375 
0 0.5595703125 0.478515625 0.021484375 0.021484375 
0 0.466796875 0.509765625 0.021484375 0.021484375 
0 0.49609375 0.68359375 0.0234375 0.0234375 
0 0.546875 0.3916015625 0.0234375 0.0234375 
0 0.279296875 0.078125 0.0234375 0.0234375 
0 0.5400390625 0.2587890625 0.0224609375 0.0224609375 
0 0.3828125 0.203125 0.0234375 0.0234375 
1 0.37890625 0.1767578125 0.021484375 0.021484375 
0 0.6533203125 0.1669921875 0.0234375 0.0234375 
0 0.396484375 0.513671875 0.021484375 0.021484375 
1 0.44140625 0.5673828125 0.0224609375 0.0224609375 
0 0.4873046875 0.19921875 0.0234375 0.0234375 
0 0.466796875 0.2451171875 0.021484375 0.021484375 
0 0.552734375 0.0390625 0.0234375 0.0234375 
1 0.5859375 0.4462890625 0.0224609375 0.0224609375 
0 0.59765625 0.140625 0.021484375 0.021484375 
0 0.4560546875 0.2158203125 0.021484375 0.021484375 
0 0.4990234375 0.3095703125 0.0234375 0.0234375 
0 0.474609375 0.53125 0.0234375 0.0234375 
0 0.6005859375 0.322265625 0.021484375 0.021484375 
0 0.5830078125 0.1767578125 0.021484375 0.021484375 
1 0.56640625 0.6728515625 0.021484375 0.021484375 
0 0.5361328125 0.65625 0.021484375 0.021484375 
0 0.4169921875 0.2783203125 0.0234375 0.0234375 
0 0.521484375 0.6259765625 0.021484375 0.021484375 
1 0.5654296875 0.271484375 0.021484375 0.021484375 
0 0.5244140625 0.33203125 0.021484375 0.021484375 
0 0.5498046875 0.119140625 0.021484375 0.021484375 
0 0.3515625 0.3916015625 0.021484375 0.021484375 
0 0.51953125 0.3515625 0.021484375 0.021484375 
0 0.431640625 0.7138671875 0.021484375 0.021484375 
1 0.5166015625 0.244140625 0.0224609375 0.0224609375 
1 0.5703125 0.0390625 0.021484375 0.021484375 
1 0.642578125 0.1982421875 0.021484375 0.021484375 
0 0.5595703125 0.1064453125 0.021484375 0.021484375 
0 0.484375 0.8720703125 0.025390625 0.025390625 
1 0.60546875 0.0439453125 0.0224609375 0.0224609375 
0 0.3662109375 0.3759765625 0.021484375 0.021484375 
0 0.4521484375 0.0751953125 0.0234375 0.0234375 
1 0.5419921875 0.5361328125 0.021484375 0.021484375 
1 0.400390625 0.2119140625 0.021484375 0.021484375 
0 0.5126953125 0.4287109375 0.021484375 0.021484375 
0 0.5615234375 0.40625 0.021484375 0.021484375 
0 0.57421875 0.1044921875 0.0224609375 0.0224609375 
0 0.32421875 0.20703125 0.0234375 0.0234375 
0 0.5224609375 0.1650390625 0.0234375 0.0234375 
0 0.53515625 0.189453125 0.021484375 0.021484375 
0 0.6533203125 0.3525390625 0.021484375 0.021484375 
0 0.6181640625 0.3115234375 0.0234375 0.0234375 
0 0.3359375 0.1201171875 0.021484375 0.021484375 
1 0.4521484375 0.0576171875 0.021484375 0.021484375 
0 0.4462890625 0.1767578125 0.021484375 0.021484375 
0 0.40234375 0.125 0.0234375 0.0234375 
0 0.5712890625 0.216796875 0.0234375 0.0234375 
0 0.6435546875 0.04296875 0.021484375 0.021484375 
0 0.5224609375 0.0947265625 0.021484375 0.021484375 
1 0.630859375 0.1396484375 0.021484375 0.021484375 
0 0.63671875 0.302734375 0.021484375 0.021484375 
0 0.482421875 0.16015625 0.021484375 0.021484375 
0 0.5400390625 0.27734375 0.021484375 0.021484375 
0 0.3662109375 0.3359375 0.021484375 0.021484375 
0 0.5185546875 0.810546875 0.0224609375 0.0224609375 
0 0.54296875 0.5576171875 0.021484375 0.021484375 
0 0.349609375 0.27734375 0.0224609375 0.0224609375 
0 0.6494140625 0.3291015625 0.021484375 0.021484375 
1 0.3212890625 0.0810546875 0.0224609375 0.0224609375 
0 0.431640625 0.294921875 0.021484375 0.021484375 
0 0.3525390625 0.2275390625 0.021484375 0.021484375 
0 0.435546875 0.0986328125 0.021484375 0.021484375 
1 0.416015625 0.0986328125 0.021484375 0.021484375 
0 0.5341796875 0.482421875 0.021484375 0.021484375 
0 0.59765625 0.5439453125 0.0234375 0.0234375 
0 0.568359375 0.291015625 0.0224609375 0.0224609375 
0 0.447265625 0.6533203125 0.0234375 0.0234375 
0 0.5673828125 0.3359375 0.0224609375 0.0224609375 
0 0.5927734375 0.2705078125 0.0234375 0.0234375 
0 0.40625 0.4091796875 0.021484375 0.021484375 
1 0.3994140625 0.2939453125 0.021484375 0.021484375 
1 0.4326171875 0.7587890625 0.021484375 0.021484375 
0 0.5888671875 0.4765625 0.021484375 0.021484375 
0 0.3212890625 0.1494140625 0.0234375 0.0234375 
0 0.396484375 0.5859375 0.021484375 0.021484375 
0 0.63671875 0.0703125 0.0234375 0.0234375 
0 0.51171875 0.2900390625 0.021484375 0.021484375 
1 0.63671875 0.2548828125 0.021484375 0.021484375 
0 0.583984375 0.12109375 0.021484375 0.021484375 
0 0.5341796875 0.111328125 0.021484375 0.021484375 
0 0.4052734375 0.349609375 0.0234375 0.0234375 
0 0.3701171875 0.142578125 0.021484375 0.021484375 
0 0.51171875 0.79296875 0.0234375 0.0234375 
0 0.3935546875 0.5322265625 0.021484375 0.021484375 
0 0.3759765625 0.123046875 0.021484375 0.021484375 
0 0.412109375 0.3798828125 0.021484375 0.021484375 
0 0.529296875 0.5712890625 0.0224609375 0.0224609375 
0 0.5322265625 0.67578125 0.021484375 0.021484375 
