0 0.5634765625 0.064453125 0.021484375 0.021484375 
0 0.5859375 0.0986328125 0.021484375 0.021484375 
0 0.4853515625 0.431640625 0.0234375 0.0234375 
1 0.5888671875 0.2578125 0.021484375 0.021484375 
0 0.3798828125 0.2119140625 0.021484375 0.021484375 
0 0.421875 0.3212890625 0.021484375 0.021484375 
0 0.6279296875 0.08203125 0.021484375 0.021484375 
1 0.4345703125 0.0986328125 0.0224609375 0.0224609375 
0 0.58203125 0.3857421875 0.021484375 0.021484375 
0 0.4150390625 0.2138671875 0.021484375 0.021484375 
1 0.5 0.1767578125 0.021484375 0.021484375 
1 0.62890625 0.0478515625 0.021484375 0.021484375 
0 0.609375 0.087890625 0.0234375 0.0234375 
1 0.50390625 0.654296875 0.021484375 0.021484375 
1 0.5537109375 0.61328125 0.0224609375 0.0224609375 
1 0.54296875 0.2451171875 0.0224609375 0.0224609375 
0 0.427734375 0.580078125 0.021484375 0.021484375 
1 0.48046875 0.6240234375 0.021484375 0.021484375 
0 0.6845703125 0.103515625 0.021484375 0.021484375 
0 0.5537109375 0.3837890625 0.021484375 0.021484375 
0 0.548828125 0.73828125 0.021484375 0.021484375 
0 0.46484375 0.3818359375 0.0234375 0.0234375 
0 0.59375 0.29296875 0.021484375 0.021484375 
0 0.3662109375 0.072265625 0.021484375 0.021484375 
0 0.5859375 0.5009765625 0.021484375 0.021484375 
0 0.5859375 0.3251953125 0.0224609375 0.0224609375 
0 0.5732421875 0.6767578125 0.021484375 0.021484375 
0 0.44140625 0.1142578125 0.021484375 0.021484375 
0 0.3603515625 0.1064453125 0.0234375 0.0234375 
0 0.4423828125 0.4091796875 0.0234375 0.0234375 
0 0.3837890625 0.3720703125 0.021484375 0.021484375 
0 0.396484375 0.19140625 0.0234375 0.0234375 
0 0.576171875 0.5498046875 0.021484375 0.021484375 
0 0.3388671875 0.2001953125 0.021484375 0.021484375 
1 0.609375 0.125 0.021484375 0.021484375 
0 0.4130859375 0.361328125 0.0224609375 0.0224609375 
1 0.298828125 0.107421875 0.021484375 0.021484375 
0 0.595703125 0.185546875 0.021484375 0.021484375 
0 0.6201171875 0.3857421875 0.0234375 0.0234375 
0 0.369140625 0.4609375 0.021484375 0.021484375 
0 0.5341796875 0.5576171875 0.021484375 0.021484375 
0 0.404296875 0.53125 0.021484375 0.021484375 
0 0.4267578125 0.4951171875 0.021484375 0.021484375 
1 0.3603515625 0.1416015625 0.0224609375 0.0224609375 
0 0.60546875 0.146484375 0.0234375 0.0234375 
0 0.3828125 0.33984375 0.0234375 0.0234375 
0 0.5986328125 0.3427734375 0.0234375 0.0234375 
1 0.5908203125 0.5751953125 0.021484375 0.021484375 
0 0.5146484375 0.42578125 0.021484375 0.021484375 
0 0.5146484375 0.54296875 0.0234375 0.0234375 
0 0.5029296875 0.2158203125 0.0234375 0.0234375 
1 0.5087890625 0.6318359375 0.0224609375 0.0224609375 
0 0.54296875 0.8701171875 0.0224609375 0.0224609375 
0 0.3759765625 0.158203125 0.0234375 0.0234375 
0 0.6376953125 0.2783203125 0.0234375 0.0234375 
0 0.4580078125 0.8701171875 0.0224609375 0.0224609375 
0 0.4287109375 0.22265625 0.021484375 0.021484375 
0 0.671875 0.154296875 0.0234375 0.0234375 
0 0.45703125 0.150390625 0.021484375 0.021484375 
1 0.498046875 0.095703125 0.021484375 0.021484375 
0 0.515625 0.1123046875 0.0234375 0.0234375 
0 0.4599609375 0.478515625 0.021484375 0.021484375 
0 0.4521484375 0.06640625 0.0234375 0.0234375 
0 0.33203125 0.1796875 0.021484375 0.021484375 
0 0.427734375 0.6044921875 0.021484375 0.021484375 
1 0.4267578125 0.4775390625 0.021484375 0.021484375 
0 0.5009765625 0.0361328125 0.0224609375 0.0224609375 
1 0.416015625 0.3955078125 0.021484375 0.021484375 
1 0.568359375 0.25 0.0224609375 0.0224609375 
0 0.6025390625 0.19921875 0.0234375 0.0234375 
0 0.5673828125 0.125 0.021484375 0.021484375 
0 0.51171875 0.3603515625 0.0234375 0.0234375 
0 0.48828125 0.4169921875 0.021484375 0.021484375 
0 0.4599609375 0.7705078125 0.01953125 0.01953125 
0 0.46484375 0.3125 0.021484375 0.021484375 
0 0.4658203125 0.2822265625 0.0224609375 0.0224609375 
0 0.595703125 0.4443359375 0.021484375 0.021484375 
0 0.458984375 0.8359375 0.01953125 0.01953125 
0 0.53515625 0.033203125 0.021484375 0.021484375 
0 0.505859375 0.12890625 0.021484375 0.021484375 
0 0.4306640625 0.65625 0.021484375 0.021484375 
1 0.546875 0.6611328125 0.0224609375 0.0224609375 
0 0.41015625 0.158203125 0.0224609375 0.0224609375 
0 0.4814453125 0.03125 0.021484375 0.021484375 
0 0.6494140625 0.3125 0.0234375 0.0234375 
0 0.505859375 0.056640625 0.0234375 0.0234375 
1 0.47265625 0.1064453125 0.021484375 0.021484375 
0 0.44921875 0.3115234375 0.021484375 0.021484375 
0 0.6123046875 0.4990234375 0.0234375 0.0234375 
0 0.5732421875 0.314453125 0.0234375 0.0234375 
0 0.62890625 0.4365234375 0.0234375 0.0234375 
1 0.56640625 0.0322265625 0.0224609375 0.0224609375 
1 0.6484375 0.185546875 0.021484375 0.021484375 
0 0.666015625 0.0546875 0.0234375 0.0234375 
1 0.5771484375 0.1552734375 0.021484375 0.021484375 
0 0.505859375 0.5302734375 0.0234375 0.0234375 
1 0.447265625 0.66796875 0.0224609375 0.0224609375 
0 0.4462890625 0.4345703125 0.021484375 0.021484375 
0 0.482421875 0.220703125 0.021484375 0.021484375 
0 0.3369140625 0.0380859375 0.021484375 0.021484375 
1 0.634765625 0.3974609375 0.0224609375 0.0224609375 
0 0.478515625 0.8759765625 0.0224609375 0.0224609375 
0 0.6279296875 0.0322265625 0.0234375 0.0234375 
0 0.5791015625 0.2294921875 0.021484375 0.021484375 
0 0.4736328125 0.6865234375 0.0234375 0.0234375 
0 0.564453125 0.197265625 0.0234375 0.0234375 
1 0.498046875 0.8564453125 0.021484375 0.021484375 
0 0.5625 0.0859375 0.0234375 0.0234375 
0 0.5244140625 0.140625 0.0234375 0.0234375 
0 0.494140625 0.4453125 0.021484375 0.021484375 
0 0.3642578125 0.2607421875 0.0234375 0.0234375 
0 0.41015625 0.0634765625 0.021484375 0.021484375 
0 0.529296875 0.345703125 0.0224609375 0.0224609375 
0 0.4150390625 0.2666015625 0.0234375 0.0234375 
0 0.44921875 0.5087890625 0.0234375 0.0234375 
0 0.478515625 0.65234375 0.021484375 0.021484375 
0 0.51953125 0.203125 0.0234375 0.0234375 
0 0.4013671875 0.3125 0.021484375 0.021484375 
0 0.5087890625 0.611328125 0.0224609375 0.0224609375 
0 0.41015625 0.583984375 0.021484375 0.021484375 
0 0.3515625 0.0361328125 0.0224609375 0.0224609375 
0 0.5458984375 0.1103515625 0.0234375 0.0234375 
0 0.61328125 0.2861328125 0.021484375 0.021484375 
1 0.4501953125 0.6044921875 0.021484375 0.021484375 
1 0.4619140625 0.4541015625 0.021484375 0.021484375 
1 0.4501953125 0.0302734375 0.0224609375 0.0224609375 
1 0.4375 0.041015625 0.021484375 0.021484375 
0 0.5224609375 0.2353515625 0.021484375 0.021484375 
0 0.5166015625 0.3251953125 0.0234375 0.0234375 
0 0.4619140625 0.5810546875 0.0234375 0.0234375 
0 0.5625 0.537109375 0.0234375 0.0234375 
0 0.6005859375 0.1015625 0.0234375 0.0234375 
0 0.640625 0.3447265625 0.021484375 0.021484375 
0 0.5859375 0.126953125 0.0234375 0.0234375 
0 0.470703125 0.1572265625 0.0234375 0.0234375 
0 0.4853515625 0.201171875 0.0234375 0.0234375 
0 0.6787109375 0.1396484375 0.0234375 0.0234375 
0 0.568359375 0.2802734375 0.021484375 0.021484375 
0 0.5244140625 0.8095703125 0.0224609375 0.0224609375 
0 0.4306640625 0.08203125 0.0234375 0.0234375 
0 0.546875 0.2080078125 0.021484375 0.021484375 
0 0.4365234375 0.37109375 0.0234375 0.0234375 
0 0.5634765625 0.4990234375 0.021484375 0.021484375 
0 0.4892578125 0.837890625 0.025390625 0.025390625 
0 0.642578125 0.208984375 0.021484375 0.021484375 
0 0.51171875 0.47265625 0.021484375 0.021484375 
0 0.384765625 0.55078125 0.0234375 0.0234375 
0 0.4501953125 0.23046875 0.021484375 0.021484375 
0 0.6005859375 0.5205078125 0.021484375 0.021484375 
0 0.3466796875 0.2783203125 0.021484375 0.021484375 
0 0.599609375 0.59765625 0.021484375 0.021484375 
0 0.623046875 0.3525390625 0.0234375 0.0234375 
0 0.462890625 0.6396484375 0.021484375 0.021484375 
0 0.279296875 0.0458984375 0.0234375 0.0234375 
1 0.4482421875 0.623046875 0.0224609375 0.0224609375 
