1 0.423828125 0.623046875 0.021484375 0.021484375 
1 0.458984375 0.50390625 0.021484375 0.021484375 
0 0.443359375 0.4482421875 0.0234375 0.0234375 
0 0.55859375 0.7041015625 0.021484375 0.021484375 
0 0.45703125 0.2216796875 0.0224609375 0.0224609375 
1 0.7119140625 0.0693359375 0.021484375 0.021484375 
0 0.603515625 0.494140625 0.0234375 0.0234375 
1 0.6201171875 0.216796875 0.0224609375 0.0224609375 
0 0.39453125 0.58984375 0.0234375 0.0234375 
0 0.5673828125 0.18359375 0.021484375 0.021484375 
0 0.5009765625 0.12109375 0.0224609375 0.0224609375 
0 0.3447265625 0.25 0.021484375 0.021484375 
1 0.41796875 0.390625 0.0224609375 0.0224609375 
1 0.681640625 0.05078125 0.0224609375 0.0224609375 
0 0.509765625 0.7548828125 0.025390625 0.025390625 
0 0.6318359375 0.3291015625 0.0234375 0.0234375 
0 0.4990234375 0.1865234375 0.0234375 0.0234375 
1 0.466796875 0.365234375 0.021484375 0.021484375 
0 0.6552734375 0.2392578125 0.0234375 0.0234375 
0 0.537109375 0.71875 0.0234375 0.0234375 
0 0.6083984375 0.5341796875 0.0234375 0.0234375 
0 0.3427734375 0.1396484375 0.021484375 0.021484375 
0 0.5869140625 0.365234375 0.021484375 0.021484375 
0 0.5302734375 0.7578125 0.0224609375 0.0224609375 
0 0.52734375 0.5087890625 0.021484375 0.021484375 
0 0.3388671875 0.0947265625 0.021484375 0.021484375 
0 0.552734375 0.083984375 0.021484375 0.021484375 
0 0.548828125 0.2724609375 0.021484375 0.021484375 
1 0.4248046875 0.1337890625 0.0224609375 0.0224609375 
1 0.53125 0.4716796875 0.021484375 0.021484375 
1 0.6845703125 0.080078125 0.021484375 0.021484375 
0 0.6044921875 0.3876953125 0.0234375 0.0234375 
1 0.587890625 0.0625 0.0224609375 0.0224609375 
1 0.3359375 0.1591796875 0.0224609375 0.0224609375 
1 0.33984375 0.353515625 0.0224609375 0.0224609375 
0 0.4462890625 0.1904296875 0.0234375 0.0234375 
0 0.4169921875 0.533203125 0.0234375 0.0234375 
1 0.66015625 0.1923828125 0.021484375 0.021484375 
1 0.466796875 0.1318359375 0.021484375 0.021484375 
1 0.3779296875 0.392578125 0.0224609375 0.0224609375 
0 0.6279296875 0.3935546875 0.021484375 0.021484375 
0 0.388671875 0.314453125 0.021484375 0.021484375 
1 0.490234375 0.6982421875 0.021484375 0.021484375 
0 0.3994140625 0.1103515625 0.021484375 0.021484375 
0 0.6640625 0.212890625 0.021484375 0.021484375 
0 0.376953125 0.052734375 0.021484375 0.021484375 
0 0.63671875 0.05078125 0.0224609375 0.0224609375 
0 0.5478515625 0.6123046875 0.021484375 0.021484375 
1 0.5771484375 0.4755859375 0.0224609375 0.0224609375 
1 0.4794921875 0.5732421875 0.021484375 0.021484375 
0 0.529296875 0.41015625 0.0234375 0.0234375 
0 0.31640625 0.1025390625 0.021484375 0.021484375 
0 0.5517578125 0.56640625 0.0234375 0.0234375 
1 0.5224609375 0.8828125 0.021484375 0.021484375 
1 0.6982421875 0.0390625 0.021484375 0.021484375 
0 0.5419921875 0.6611328125 0.0234375 0.0234375 
0 0.517578125 0.2958984375 0.0224609375 0.0224609375 
0 0.57421875 0.1083984375 0.021484375 0.021484375 
0 0.47265625 0.8212890625 0.0234375 0.0234375 
0 0.4541015625 0.6083984375 0.0234375 0.0234375 
0 0.56640625 0.5869140625 0.021484375 0.021484375 
0 0.638671875 0.197265625 0.0234375 0.0234375 
1 0.62890625 0.1181640625 0.0224609375 0.0224609375 
0 0.416015625 0.1982421875 0.021484375 0.021484375 
1 0.4404296875 0.154296875 0.021484375 0.021484375 
0 0.6220703125 0.314453125 0.0224609375 0.0224609375 
0 0.5185546875 0.5673828125 0.021484375 0.021484375 
0 0.55859375 0.38671875 0.0234375 0.0234375 
0 0.5927734375 0.560546875 0.021484375 0.021484375 
0 0.45703125 0.05859375 0.0234375 0.0234375 
1 0.53515625 0.8701171875 0.0234375 0.0234375 
0 0.4892578125 0.4150390625 0.021484375 0.021484375 
0 0.505859375 0.0498046875 0.0234375 0.0234375 
0 0.501953125 0.8701171875 0.0224609375 0.0224609375 
0 0.64453125 0.15625 0.0234375 0.0234375 
0 0.498046875 0.7158203125 0.0224609375 0.0224609375 
0 0.5009765625 0.3525390625 0.0234375 0.0234375 
0 0.416015625 0.2783203125 0.0224609375 0.0224609375 
1 0.5361328125 0.3310546875 0.021484375 0.021484375 
1 0.3837890625 0.2509765625 0.0224609375 0.0224609375 
1 0.4814453125 0.4423828125 0.021484375 0.021484375 
1 0.4970703125 0.4638671875 0.0224609375 0.0224609375 
0 0.4482421875 0.7119140625 0.0234375 0.0234375 
0 0.5673828125 0.419921875 0.021484375 0.021484375 
0 0.3662109375 0.095703125 0.0234375 0.0234375 
