1 0.6201171875 0.12109375 0.021484375 0.021484375 
0 0.5234375 0.1611328125 0.0234375 0.0234375 
0 0.466796875 0.0556640625 0.0234375 0.0234375 
1 0.533203125 0.57421875 0.021484375 0.021484375 
1 0.3857421875 0.5283203125 0.021484375 0.021484375 
0 0.3427734375 0.1591796875 0.021484375 0.021484375 
0 0.3017578125 0.1689453125 0.021484375 0.021484375 
0 0.6123046875 0.4931640625 0.021484375 0.021484375 
1 0.3896484375 0.4677734375 0.021484375 0.021484375 
0 0.580078125 0.6318359375 0.021484375 0.021484375 
1 0.4833984375 0.763671875 0.021484375 0.021484375 
0 0.505859375 0.8095703125 0.01953125 0.01953125 
1 0.578125 0.65234375 0.0224609375 0.0224609375 
0 0.66015625 0.2373046875 0.021484375 0.021484375 
0 0.5732421875 0.1025390625 0.021484375 0.021484375 
0 0.5107421875 0.1064453125 0.0234375 0.0234375 
1 0.447265625 0.166015625 0.021484375 0.021484375 
1 0.5322265625 0.41796875 0.021484375 0.021484375 
1 0.669921875 0.1923828125 0.021484375 0.021484375 
0 0.548828125 0.0419921875 0.0234375 0.0234375 
0 0.6611328125 0.0322265625 0.0234375 0.0234375 
1 0.328125 0.080078125 0.0224609375 0.0224609375 
0 0.330078125 0.05078125 0.0234375 0.0234375 
0 0.4287109375 0.419921875 0.0234375 0.0234375 
0 0.490234375 0.1259765625 0.021484375 0.021484375 
0 0.5517578125 0.0869140625 0.0234375 0.0234375 
1 0.5556640625 0.65234375 0.021484375 0.021484375 
0 0.419921875 0.5107421875 0.0234375 0.0234375 
0 0.5546875 0.7255859375 0.021484375 0.021484375 
0 0.58203125 0.255859375 0.0234375 0.0234375 
0 0.57421875 0.38671875 0.021484375 0.021484375 
0 0.4736328125 0.5791015625 0.021484375 0.021484375 
0 0.2978515625 0.1455078125 0.021484375 0.021484375 
0 0.4306640625 0.078125 0.021484375 0.021484375 
1 0.4931640625 0.396484375 0.0224609375 0.0224609375 
0 0.6015625 0.41015625 0.021484375 0.021484375 
0 0.572265625 0.189453125 0.0234375 0.0234375 
0 0.5966796875 0.5810546875 0.0224609375 0.0224609375 
1 0.505859375 0.12890625 0.021484375 0.021484375 
0 0.486328125 0.626953125 0.0234375 0.0234375 
0 0.51171875 0.4765625 0.021484375 0.021484375 
0 0.71484375 0.0595703125 0.0234375 0.0234375 
1 0.5556640625 0.5869140625 0.021484375 0.021484375 
0 0.4404296875 0.234375 0.0224609375 0.0224609375 
0 0.6591796875 0.1533203125 0.021484375 0.021484375 
0 0.650390625 0.115234375 0.0224609375 0.0224609375 
0 0.5478515625 0.6318359375 0.0224609375 0.0224609375 
1 0.3857421875 0.0537109375 0.0224609375 0.0224609375 
0 0.556640625 0.1767578125 0.021484375 0.021484375 
1 0.435546875 0.7275390625 0.021484375 0.021484375 
0 0.4775390625 0.556640625 0.0234375 0.0234375 
0 0.302734375 0.1875 0.021484375 0.021484375 
1 0.5380859375 0.7880859375 0.0234375 0.0234375 
0 0.517578125 0.75390625 0.025390625 0.025390625 
0 0.716796875 0.041015625 0.0224609375 0.0224609375 
1 0.607421875 0.5205078125 0.021484375 0.021484375 
0 0.5166015625 0.255859375 0.021484375 0.021484375 
1 0.3671875 0.2138671875 0.0224609375 0.0224609375 
1 0.5390625 0.1396484375 0.0224609375 0.0224609375 
0 0.3173828125 0.130859375 0.0234375 0.0234375 
1 0.458984375 0.775390625 0.0234375 0.0234375 
1 0.46875 0.396484375 0.0224609375 0.0224609375 
1 0.697265625 0.048828125 0.0224609375 0.0224609375 
0 0.3779296875 0.421875 0.0234375 0.0234375 
1 0.439453125 0.2939453125 0.0224609375 0.0224609375 
0 0.591796875 0.1982421875 0.021484375 0.021484375 
0 0.552734375 0.5693359375 0.021484375 0.021484375 
0 0.455078125 0.068359375 0.0224609375 0.0224609375 
1 0.412109375 0.216796875 0.021484375 0.021484375 
1 0.4853515625 0.349609375 0.021484375 0.021484375 
0 0.5048828125 0.2958984375 0.0234375 0.0234375 
0 0.396484375 0.2705078125 0.0224609375 0.0224609375 
0 0.544921875 0.2900390625 0.021484375 0.021484375 
0 0.4033203125 0.1376953125 0.021484375 0.021484375 
0 0.525390625 0.666015625 0.021484375 0.021484375 
0 0.4833984375 0.1591796875 0.0224609375 0.0224609375 
0 0.666015625 0.0654296875 0.0234375 0.0234375 
0 0.3583984375 0.298828125 0.021484375 0.021484375 
0 0.40625 0.5009765625 0.021484375 0.021484375 
0 0.671875 0.16796875 0.021484375 0.021484375 
0 0.4580078125 0.099609375 0.0224609375 0.0224609375 
0 0.5703125 0.6689453125 0.021484375 0.021484375 
0 0.517578125 0.0615234375 0.0234375 0.0234375 
0 0.521484375 0.548828125 0.0224609375 0.0224609375 
0 0.3798828125 0.078125 0.021484375 0.021484375 
0 0.4091796875 0.6083984375 0.021484375 0.021484375 
0 0.4794921875 0.2705078125 0.021484375 0.021484375 
0 0.5322265625 0.810546875 0.0234375 0.0234375 
0 0.330078125 0.2158203125 0.021484375 0.021484375 
0 0.638671875 0.3173828125 0.0234375 0.0234375 
1 0.4384765625 0.78515625 0.0234375 0.0234375 
0 0.505859375 0.6455078125 0.0234375 0.0234375 
0 0.4951171875 0.427734375 0.0234375 0.0234375 
0 0.41796875 0.146484375 0.021484375 0.021484375 
0 0.5341796875 0.4384765625 0.021484375 0.021484375 
0 0.5 0.5751953125 0.021484375 0.021484375 
0 0.4111328125 0.28125 0.021484375 0.021484375 
0 0.546875 0.3544921875 0.021484375 0.021484375 
1 0.5908203125 0.28515625 0.0224609375 0.0224609375 
0 0.6005859375 0.2509765625 0.0234375 0.0234375 
0 0.447265625 0.7373046875 0.021484375 0.021484375 
0 0.3564453125 0.1328125 0.021484375 0.021484375 
0 0.6181640625 0.37890625 0.021484375 0.021484375 
0 0.578125 0.3056640625 0.021484375 0.021484375 
1 0.4912109375 0.33203125 0.021484375 0.021484375 
0 0.546875 0.505859375 0.021484375 0.021484375 
0 0.6591796875 0.2587890625 0.0234375 0.0234375 
1 0.4521484375 0.580078125 0.021484375 0.021484375 
0 0.3896484375 0.10546875 0.021484375 0.021484375 
0 0.3212890625 0.1943359375 0.021484375 0.021484375 
1 0.451171875 0.6337890625 0.0224609375 0.0224609375 
1 0.3837890625 0.359375 0.021484375 0.021484375 
0 0.4072265625 0.3076171875 0.021484375 0.021484375 
0 0.4775390625 0.6875 0.0224609375 0.0224609375 
0 0.48828125 0.833984375 0.0224609375 0.0224609375 
0 0.568359375 0.59765625 0.0234375 0.0234375 
0 0.4716796875 0.6298828125 0.021484375 0.021484375 
0 0.4462890625 0.5029296875 0.0234375 0.0234375 
0 0.6455078125 0.244140625 0.0234375 0.0234375 
1 0.4609375 0.8798828125 0.0234375 0.0234375 
0 0.541015625 0.873046875 0.0224609375 0.0224609375 
0 0.478515625 0.7119140625 0.021484375 0.021484375 
0 0.474609375 0.595703125 0.021484375 0.021484375 
1 0.4609375 0.0341796875 0.0224609375 0.0224609375 
0 0.39453125 0.17578125 0.0234375 0.0234375 
0 0.2900390625 0.0869140625 0.021484375 0.021484375 
0 0.6669921875 0.1240234375 0.021484375 0.021484375 
1 0.4736328125 0.3046875 0.021484375 0.021484375 
1 0.4873046875 0.23828125 0.021484375 0.021484375 
0 0.509765625 0.28125 0.021484375 0.021484375 
0 0.435546875 0.7080078125 0.0234375 0.0234375 
0 0.423828125 0.6787109375 0.021484375 0.021484375 
0 0.4580078125 0.5224609375 0.021484375 0.021484375 
0 0.2822265625 0.03125 0.021484375 0.021484375 
1 0.615234375 0.396484375 0.0224609375 0.0224609375 
1 0.578125 0.158203125 0.021484375 0.021484375 
1 0.30078125 0.099609375 0.0224609375 0.0224609375 
0 0.677734375 0.0419921875 0.021484375 0.021484375 
0 0.62890625 0.2998046875 0.0234375 0.0234375 
0 0.416015625 0.5263671875 0.021484375 0.021484375 
0 0.5361328125 0.53125 0.0224609375 0.0224609375 
1 0.4267578125 0.1640625 0.021484375 0.021484375 
0 0.376953125 0.4853515625 0.0234375 0.0234375 
0 0.6328125 0.41796875 0.0234375 0.0234375 
0 0.3251953125 0.03515625 0.0234375 0.0234375 
0 0.5615234375 0.2763671875 0.0234375 0.0234375 
0 0.5966796875 0.546875 0.021484375 0.021484375 
1 0.5224609375 0.6357421875 0.0224609375 0.0224609375 
0 0.5166015625 0.1865234375 0.0224609375 0.0224609375 
1 0.40625 0.404296875 0.0224609375 0.0224609375 
0 0.4912109375 0.79296875 0.0224609375 0.0224609375 
0 0.4033203125 0.2392578125 0.0224609375 0.0224609375 
0 0.4423828125 0.41015625 0.021484375 0.021484375 
1 0.5537109375 0.80859375 0.0234375 0.0234375 
0 0.490234375 0.876953125 0.021484375 0.021484375 
0 0.6513671875 0.134765625 0.021484375 0.021484375 
1 0.630859375 0.2177734375 0.021484375 0.021484375 
1 0.482421875 0.4599609375 0.021484375 0.021484375 
0 0.6015625 0.369140625 0.0234375 0.0234375 
0 0.408203125 0.4404296875 0.0224609375 0.0224609375 
0 0.375 0.28515625 0.0224609375 0.0224609375 
1 0.5703125 0.0419921875 0.021484375 0.021484375 
0 0.34765625 0.28125 0.0224609375 0.0224609375 
0 0.3798828125 0.203125 0.0234375 0.0234375 
0 0.515625 0.3779296875 0.021484375 0.021484375 
1 0.609375 0.09765625 0.021484375 0.021484375 
0 0.6259765625 0.4755859375 0.0234375 0.0234375 
0 0.4541015625 0.134765625 0.0234375 0.0234375 
0 0.5322265625 0.0703125 0.021484375 0.021484375 
0 0.35546875 0.3623046875 0.021484375 0.021484375 
1 0.619140625 0.2412109375 0.021484375 0.021484375 
