0 0.48828125 0.759765625 0.0224609375 0.0224609375 
1 0.6181640625 0.48828125 0.021484375 0.021484375 
0 0.5771484375 0.6875 0.0234375 0.0234375 
0 0.435546875 0.103515625 0.021484375 0.021484375 
0 0.6318359375 0.3798828125 0.021484375 0.021484375 
0 0.56640625 0.078125 0.021484375 0.021484375 
1 0.5263671875 0.806640625 0.021484375 0.021484375 
0 0.4990234375 0.111328125 0.021484375 0.021484375 
0 0.451171875 0.296875 0.021484375 0.021484375 
0 0.69140625 0.1533203125 0.0224609375 0.0224609375 
0 0.4931640625 0.6748046875 0.0234375 0.0234375 
1 0.326171875 0.0927734375 0.0224609375 0.0224609375 
0 0.59765625 0.0380859375 0.021484375 0.021484375 
1 0.4775390625 0.662109375 0.0224609375 0.0224609375 
0 0.6494140625 0.0634765625 0.0234375 0.0234375 
0 0.5361328125 0.5419921875 0.0234375 0.0234375 
0 0.583984375 0.111328125 0.0234375 0.0234375 
1 0.3681640625 0.1435546875 0.021484375 0.021484375 
0 0.4794921875 0.529296875 0.021484375 0.021484375 
0 0.6513671875 0.208984375 0.021484375 0.021484375 
0 0.541015625 0.6123046875 0.0234375 0.0234375 
0 0.3056640625 0.0751953125 0.021484375 0.021484375 
0 0.455078125 0.66015625 0.021484375 0.021484375 
0 0.419921875 0.1923828125 0.0224609375 0.0224609375 
0 0.6865234375 0.1005859375 0.0224609375 0.0224609375 
0 0.4658203125 0.04296875 0.021484375 0.021484375 
0 0.5146484375 0.05859375 0.0224609375 0.0224609375 
0 0.427734375 0.6455078125 0.021484375 0.021484375 
0 0.2744140625 0.05078125 0.0234375 0.0234375 
1 0.5927734375 0.6298828125 0.0224609375 0.0224609375 
0 0.517578125 0.51953125 0.0224609375 0.0224609375 
0 0.591796875 0.412109375 0.021484375 0.021484375 
1 0.3310546875 0.197265625 0.021484375 0.021484375 
0 0.5517578125 0.6796875 0.0234375 0.0234375 
0 0.5576171875 0.181640625 0.021484375 0.021484375 
0 0.51171875 0.765625 0.025390625 0.025390625 
1 0.4619140625 0.373046875 0.021484375 0.021484375 
0 0.4248046875 0.154296875 0.021484375 0.021484375 
0 0.345703125 0.2109375 0.021484375 0.021484375 
0 0.423828125 0.474609375 0.0234375 0.0234375 
0 0.3447265625 0.04296875 0.0234375 0.0234375 
0 0.4755859375 0.7119140625 0.0224609375 0.0224609375 
0 0.673828125 0.244140625 0.0234375 0.0234375 
0 0.4892578125 0.5849609375 0.021484375 0.021484375 
0 0.431640625 0.6123046875 0.0234375 0.0234375 
1 0.4853515625 0.0673828125 0.021484375 0.021484375 
0 0.4267578125 0.0478515625 0.0234375 0.0234375 
0 0.54296875 0.0634765625 0.021484375 0.021484375 
0 0.4453125 0.5244140625 0.021484375 0.021484375 
0 0.55859375 0.44921875 0.0234375 0.0234375 
0 0.4970703125 0.5537109375 0.021484375 0.021484375 
0 0.611328125 0.2421875 0.021484375 0.021484375 
0 0.4990234375 0.4287109375 0.0234375 0.0234375 
0 0.58984375 0.392578125 0.021484375 0.021484375 
0 0.298828125 0.05078125 0.021484375 0.021484375 
1 0.4384765625 0.40625 0.021484375 0.021484375 
1 0.58203125 0.6181640625 0.021484375 0.021484375 
1 0.36328125 0.337890625 0.021484375 0.021484375 
1 0.4375 0.3115234375 0.021484375 0.021484375 
1 0.388671875 0.1337890625 0.0224609375 0.0224609375 
1 0.36328125 0.162109375 0.021484375 0.021484375 
0 0.4736328125 0.7685546875 0.025390625 0.025390625 
0 0.5068359375 0.458984375 0.021484375 0.021484375 
0 0.4833984375 0.8115234375 0.0234375 0.0234375 
0 0.3994140625 0.154296875 0.021484375 0.021484375 
0 0.4443359375 0.17578125 0.0234375 0.0234375 
0 0.29296875 0.142578125 0.0224609375 0.0224609375 
1 0.6591796875 0.08203125 0.0224609375 0.0224609375 
0 0.4345703125 0.7529296875 0.021484375 0.021484375 
0 0.5927734375 0.1767578125 0.0234375 0.0234375 
0 0.4794921875 0.5458984375 0.021484375 0.021484375 
0 0.623046875 0.232421875 0.0234375 0.0234375 
0 0.4775390625 0.4755859375 0.0234375 0.0234375 
0 0.404296875 0.255859375 0.0234375 0.0234375 
0 0.5712890625 0.0634765625 0.0234375 0.0234375 
1 0.48046875 0.857421875 0.021484375 0.021484375 
1 0.5126953125 0.6357421875 0.021484375 0.021484375 
0 0.4140625 0.6044921875 0.0224609375 0.0224609375 
0 0.4521484375 0.0625 0.021484375 0.021484375 
0 0.4111328125 0.0322265625 0.021484375 0.021484375 
0 0.6484375 0.2861328125 0.0234375 0.0234375 
0 0.568359375 0.384765625 0.0224609375 0.0224609375 
0 0.58203125 0.5673828125 0.0234375 0.0234375 
1 0.4091796875 0.224609375 0.021484375 0.021484375 
1 0.5322265625 0.5224609375 0.021484375 0.021484375 
1 0.333984375 0.33203125 0.0224609375 0.0224609375 
0 0.419921875 0.28515625 0.0224609375 0.0224609375 
1 0.4853515625 0.2763671875 0.021484375 0.021484375 
0 0.455078125 0.8076171875 0.0224609375 0.0224609375 
0 0.4111328125 0.3798828125 0.021484375 0.021484375 
0 0.419921875 0.5751953125 0.0234375 0.0234375 
1 0.603515625 0.1982421875 0.021484375 0.021484375 
0 0.5126953125 0.6064453125 0.0234375 0.0234375 
0 0.396484375 0.6044921875 0.021484375 0.021484375 
0 0.513671875 0.482421875 0.0224609375 0.0224609375 
0 0.3515625 0.1103515625 0.021484375 0.021484375 
0 0.564453125 0.59765625 0.021484375 0.021484375 
0 0.4716796875 0.8408203125 0.0224609375 0.0224609375 
0 0.5693359375 0.642578125 0.021484375 0.021484375 
0 0.3935546875 0.3701171875 0.0234375 0.0234375 
0 0.4326171875 0.5078125 0.021484375 0.021484375 
0 0.603515625 0.3984375 0.021484375 0.021484375 
0 0.53515625 0.2646484375 0.0234375 0.0234375 
0 0.478515625 0.392578125 0.021484375 0.021484375 
1 0.28515625 0.1015625 0.021484375 0.021484375 
0 0.509765625 0.1865234375 0.0234375 0.0234375 
0 0.400390625 0.4609375 0.0234375 0.0234375 
0 0.52734375 0.6767578125 0.0234375 0.0234375 
0 0.3037109375 0.1767578125 0.021484375 0.021484375 
0 0.498046875 0.794921875 0.025390625 0.025390625 
0 0.646484375 0.3310546875 0.0234375 0.0234375 
0 0.5087890625 0.6845703125 0.021484375 0.021484375 
1 0.3671875 0.23046875 0.021484375 0.021484375 
1 0.4208984375 0.072265625 0.021484375 0.021484375 
0 0.44140625 0.77734375 0.0234375 0.0234375 
0 0.6259765625 0.3291015625 0.021484375 0.021484375 
0 0.515625 0.87890625 0.0224609375 0.0224609375 
0 0.36328125 0.412109375 0.021484375 0.021484375 
1 0.388671875 0.505859375 0.0224609375 0.0224609375 
0 0.5458984375 0.35546875 0.0234375 0.0234375 
0 0.6123046875 0.4130859375 0.0234375 0.0234375 
0 0.4619140625 0.4990234375 0.021484375 0.021484375 
0 0.5458984375 0.0908203125 0.021484375 0.021484375 
0 0.490234375 0.240234375 0.021484375 0.021484375 
1 0.39453125 0.5498046875 0.0224609375 0.0224609375 
1 0.447265625 0.3525390625 0.0224609375 0.0224609375 
0 0.521484375 0.5576171875 0.0234375 0.0234375 
0 0.5244140625 0.69921875 0.0234375 0.0234375 
0 0.4931640625 0.1552734375 0.021484375 0.021484375 
0 0.5048828125 0.2861328125 0.021484375 0.021484375 
0 0.609375 0.1826171875 0.0234375 0.0234375 
0 0.4423828125 0.5634765625 0.0234375 0.0234375 
0 0.42578125 0.333984375 0.021484375 0.021484375 
0 0.5 0.7333984375 0.021484375 0.021484375 
0 0.5859375 0.447265625 0.0234375 0.0234375 
1 0.6376953125 0.1982421875 0.021484375 0.021484375 
0 0.5283203125 0.0341796875 0.021484375 0.021484375 
0 0.5341796875 0.1630859375 0.021484375 0.021484375 
1 0.3232421875 0.17578125 0.0224609375 0.0224609375 
0 0.375 0.125 0.0234375 0.0234375 
0 0.453125 0.8369140625 0.0234375 0.0234375 
1 0.5478515625 0.6416015625 0.021484375 0.021484375 
0 0.4111328125 0.337890625 0.021484375 0.021484375 
0 0.5068359375 0.2255859375 0.0234375 0.0234375 
0 0.619140625 0.0390625 0.0224609375 0.0224609375 
0 0.599609375 0.12109375 0.0234375 0.0234375 
1 0.6376953125 0.2646484375 0.021484375 0.021484375 
1 0.6044921875 0.078125 0.021484375 0.021484375 
1 0.384765625 0.185546875 0.021484375 0.021484375 
1 0.3857421875 0.470703125 0.021484375 0.021484375 
1 0.466796875 0.1162109375 0.0224609375 0.0224609375 
