0 0.6728515625 0.2568359375 0.021484375 0.021484375 
0 0.6103515625 0.4599609375 0.021484375 0.021484375 
1 0.466796875 0.2177734375 0.021484375 0.021484375 
0 0.6474609375 0.357421875 0.021484375 0.021484375 
0 0.462890625 0.341796875 0.021484375 0.021484375 
1 0.6376953125 0.3271484375 0.021484375 0.021484375 
0 0.5947265625 0.2802734375 0.0234375 0.0234375 
0 0.49609375 0.8564453125 0.0224609375 0.0224609375 
1 0.435546875 0.2373046875 0.021484375 0.021484375 
1 0.5224609375 0.6884765625 0.021484375 0.021484375 
1 0.33984375 0.181640625 0.021484375 0.021484375 
0 0.48828125 0.4091796875 0.021484375 0.021484375 
0 0.458984375 0.73828125 0.0224609375 0.0224609375 
1 0.3701171875 0.275390625 0.021484375 0.021484375 
0 0.4130859375 0.2626953125 0.021484375 0.021484375 
0 0.6240234375 0.1875 0.0224609375 0.0224609375 
0 0.3984375 0.474609375 0.021484375 0.021484375 
0 0.39453125 0.259765625 0.021484375 0.021484375 
0 0.4775390625 0.2783203125 0.021484375 0.021484375 
1 0.3623046875 0.453125 0.0224609375 0.0224609375 
0 0.5927734375 0.4228515625 0.021484375 0.021484375 
0 0.509765625 0.5771484375 0.021484375 0.021484375 
0 0.4365234375 0.716796875 0.0234375 0.0234375 
0 0.3984375 0.357421875 0.021484375 0.021484375 
1 0.556640625 0.0810546875 0.0224609375 0.0224609375 
0 0.4453125 0.140625 0.0234375 0.0234375 
0 0.4248046875 0.4677734375 0.021484375 0.021484375 
0 0.59375 0.484375 0.021484375 0.021484375 
0 0.3671875 0.171875 0.021484375 0.021484375 
1 0.615234375 0.25390625 0.021484375 0.021484375 
0 0.3447265625 0.080078125 0.021484375 0.021484375 
0 0.435546875 0.41015625 0.0234375 0.0234375 
0 0.5634765625 0.3955078125 0.021484375 0.021484375 
0 0.5859375 0.150390625 0.021484375 0.021484375 
0 0.6650390625 0.2236328125 0.0224609375 0.0224609375 
0 0.580078125 0.6015625 0.021484375 0.021484375 
0 0.6064453125 0.330078125 0.021484375 0.021484375 
0 0.52734375 0.5087890625 0.021484375 0.021484375 
0 0.3896484375 0.38671875 0.021484375 0.021484375 
1 0.3916015625 0.2763671875 0.021484375 0.021484375 
0 0.5498046875 0.3115234375 0.021484375 0.021484375 
0 0.64453125 0.3828125 0.021484375 0.021484375 
0 0.4287109375 0.50390625 0.021484375 0.021484375 
1 0.6279296875 0.0830078125 0.021484375 0.021484375 
0 0.2763671875 0.0556640625 0.021484375 0.021484375 
0 0.60546875 0.5712890625 0.0234375 0.0234375 
0 0.47265625 0.72265625 0.0234375 0.0234375 
1 0.48828125 0.6396484375 0.021484375 0.021484375 
0 0.4384765625 0.171875 0.021484375 0.021484375 
0 0.494140625 0.0654296875 0.021484375 0.021484375 
0 0.5673828125 0.75 0.021484375 0.021484375 
0 0.4296875 0.37890625 0.021484375 0.021484375 
0 0.6201171875 0.4365234375 0.021484375 0.021484375 
0 0.4873046875 0.05078125 0.0234375 0.0234375 
0 0.5908203125 0.2314453125 0.0234375 0.0234375 
1 0.6171875 0.09765625 0.021484375 0.021484375 
1 0.4453125 0.3125 0.021484375 0.021484375 
0 0.51171875 0.501953125 0.021484375 0.021484375 
0 0.46875 0.23828125 0.021484375 0.021484375 
1 0.4443359375 0.1552734375 0.021484375 0.021484375 
0 0.388671875 0.5166015625 0.0234375 0.0234375 
1 0.5419921875 0.7294921875 0.021484375 0.021484375 
0 0.43359375 0.287109375 0.0234375 0.0234375 
0 0.560546875 0.4521484375 0.021484375 0.021484375 
0 0.509765625 0.4482421875 0.021484375 0.021484375 
0 0.3974609375 0.0732421875 0.0234375 0.0234375 
0 0.5654296875 0.6796875 0.0234375 0.0234375 
0 0.68359375 0.1884765625 0.021484375 0.021484375 
0 0.3837890625 0.458984375 0.0224609375 0.0224609375 
0 0.515625 0.38671875 0.021484375 0.021484375 
0 0.43359375 0.6474609375 0.0234375 0.0234375 
0 0.55078125 0.37109375 0.0234375 0.0234375 
1 0.505859375 0.7587890625 0.0234375 0.0234375 
0 0.66015625 0.1689453125 0.0224609375 0.0224609375 
0 0.4873046875 0.1787109375 0.021484375 0.021484375 
0 0.4912109375 0.08984375 0.0234375 0.0234375 
1 0.4951171875 0.716796875 0.021484375 0.021484375 
1 0.490234375 0.875 0.0234375 0.0234375 
1 0.6318359375 0.1298828125 0.021484375 0.021484375 
1 0.3837890625 0.248046875 0.021484375 0.021484375 
0 0.5849609375 0.4697265625 0.021484375 0.021484375 
0 0.439453125 0.6279296875 0.0224609375 0.0224609375 
0 0.6025390625 0.15625 0.0234375 0.0234375 
0 0.578125 0.634765625 0.021484375 0.021484375 
