0 0.5537109375 0.3486328125 0.0224609375 0.0224609375 
1 0.462890625 0.404296875 0.0224609375 0.0224609375 
1 0.5751953125 0.6806640625 0.021484375 0.021484375 
0 0.5888671875 0.0732421875 0.021484375 0.021484375 
0 0.310546875 0.044921875 0.021484375 0.021484375 
1 0.4814453125 0.482421875 0.0224609375 0.0224609375 
0 0.5517578125 0.53515625 0.0234375 0.0234375 
0 0.5166015625 0.0576171875 0.0224609375 0.0224609375 
0 0.36328125 0.3662109375 0.021484375 0.021484375 
1 0.439453125 0.482421875 0.0224609375 0.0224609375 
0 0.53125 0.2783203125 0.0234375 0.0234375 
0 0.4921875 0.4462890625 0.021484375 0.021484375 
0 0.6181640625 0.373046875 0.021484375 0.021484375 
0 0.447265625 0.7490234375 0.0234375 0.0234375 
1 0.291015625 0.083984375 0.021484375 0.021484375 
0 0.4091796875 0.1982421875 0.021484375 0.021484375 
1 0.673828125 0.13671875 0.021484375 0.021484375 
1 0.5478515625 0.3095703125 0.021484375 0.021484375 
0 0.3583984375 0.349609375 0.021484375 0.021484375 
0 0.673828125 0.068359375 0.021484375 0.021484375 
1 0.3876953125 0.06640625 0.0224609375 0.0224609375 
0 0.51171875 0.5234375 0.021484375 0.021484375 
0 0.59375 0.392578125 0.021484375 0.021484375 
0 0.564453125 0.0966796875 0.0234375 0.0234375 
0 0.34765625 0.1748046875 0.0234375 0.0234375 
1 0.6572265625 0.310546875 0.021484375 0.021484375 
0 0.47265625 0.466796875 0.0234375 0.0234375 
0 0.4560546875 0.080078125 0.021484375 0.021484375 
1 0.4248046875 0.330078125 0.0224609375 0.0224609375 
0 0.4580078125 0.78515625 0.0224609375 0.0224609375 
1 0.4228515625 0.2666015625 0.0224609375 0.0224609375 
0 0.4990234375 0.2919921875 0.021484375 0.021484375 
0 0.46484375 0.3544921875 0.0234375 0.0234375 
0 0.623046875 0.2958984375 0.021484375 0.021484375 
1 0.4970703125 0.73046875 0.0224609375 0.0224609375 
1 0.5205078125 0.7734375 0.0234375 0.0234375 
1 0.630859375 0.1484375 0.021484375 0.021484375 
0 0.462890625 0.802734375 0.025390625 0.025390625 
1 0.640625 0.3388671875 0.021484375 0.021484375 
0 0.390625 0.5625 0.0234375 0.0234375 
1 0.5009765625 0.14453125 0.021484375 0.021484375 
0 0.3779296875 0.193359375 0.0234375 0.0234375 
0 0.5986328125 0.2685546875 0.021484375 0.021484375 
1 0.5478515625 0.1259765625 0.021484375 0.021484375 
0 0.57421875 0.5087890625 0.0234375 0.0234375 
0 0.5009765625 0.044921875 0.021484375 0.021484375 
1 0.38671875 0.0302734375 0.021484375 0.021484375 
1 0.3095703125 0.1494140625 0.021484375 0.021484375 
1 0.45703125 0.685546875 0.021484375 0.021484375 
0 0.5244140625 0.486328125 0.021484375 0.021484375 
0 0.5322265625 0.298828125 0.021484375 0.021484375 
0 0.5361328125 0.63671875 0.021484375 0.021484375 
0 0.2841796875 0.05859375 0.0224609375 0.0224609375 
0 0.4658203125 0.5791015625 0.021484375 0.021484375 
0 0.529296875 0.3349609375 0.021484375 0.021484375 
0 0.576171875 0.3369140625 0.0234375 0.0234375 
0 0.345703125 0.2861328125 0.0234375 0.0234375 
1 0.3515625 0.0751953125 0.021484375 0.021484375 
0 0.365234375 0.4130859375 0.021484375 0.021484375 
0 0.455078125 0.2294921875 0.021484375 0.021484375 
1 0.6015625 0.46875 0.021484375 0.021484375 
0 0.6318359375 0.28125 0.0234375 0.0234375 
0 0.3818359375 0.244140625 0.0234375 0.0234375 
0 0.5087890625 0.564453125 0.0234375 0.0234375 
0 0.494140625 0.3544921875 0.021484375 0.021484375 
1 0.51171875 0.1591796875 0.0224609375 0.0224609375 
0 0.5185546875 0.4189453125 0.021484375 0.021484375 
1 0.5224609375 0.1865234375 0.021484375 0.021484375 
1 0.5 0.1982421875 0.0224609375 0.0224609375 
0 0.4990234375 0.8232421875 0.025390625 0.025390625 
1 0.5537109375 0.2529296875 0.021484375 0.021484375 
0 0.5849609375 0.1611328125 0.0234375 0.0234375 
0 0.455078125 0.2646484375 0.0234375 0.0234375 
0 0.6044921875 0.30078125 0.0234375 0.0234375 
1 0.5517578125 0.1865234375 0.0224609375 0.0224609375 
1 0.3349609375 0.23046875 0.021484375 0.021484375 
0 0.36328125 0.1484375 0.021484375 0.021484375 
1 0.4072265625 0.1318359375 0.021484375 0.021484375 
1 0.4443359375 0.6064453125 0.021484375 0.021484375 
1 0.5654296875 0.3154296875 0.021484375 0.021484375 
0 0.6640625 0.1806640625 0.0234375 0.0234375 
1 0.5869140625 0.41015625 0.0224609375 0.0224609375 
0 0.5009765625 0.658203125 0.0234375 0.0234375 
1 0.400390625 0.3056640625 0.021484375 0.021484375 
1 0.5341796875 0.443359375 0.021484375 0.021484375 
0 0.458984375 0.208984375 0.0234375 0.0234375 
0 0.373046875 0.1064453125 0.021484375 0.021484375 
0 0.43359375 0.083984375 0.021484375 0.021484375 
0 0.4443359375 0.5732421875 0.021484375 0.021484375 
1 0.60546875 0.0830078125 0.021484375 0.021484375 
0 0.3486328125 0.3779296875 0.021484375 0.021484375 
0 0.4453125 0.765625 0.025390625 0.025390625 
0 0.3291015625 0.1494140625 0.021484375 0.021484375 
0 0.5986328125 0.0615234375 0.021484375 0.021484375 
0 0.4833984375 0.33984375 0.021484375 0.021484375 
0 0.478515625 0.533203125 0.0224609375 0.0224609375 
1 0.466796875 0.27734375 0.021484375 0.021484375 
0 0.529296875 0.71875 0.0234375 0.0234375 
1 0.4423828125 0.21484375 0.021484375 0.021484375 
1 0.4873046875 0.572265625 0.021484375 0.021484375 
1 0.37109375 0.29296875 0.021484375 0.021484375 
1 0.4833984375 0.1630859375 0.021484375 0.021484375 
0 0.390625 0.2255859375 0.021484375 0.021484375 
0 0.466796875 0.09765625 0.021484375 0.021484375 
0 0.4814453125 0.849609375 0.021484375 0.021484375 
0 0.3330078125 0.1875 0.0224609375 0.0224609375 
0 0.5322265625 0.2412109375 0.021484375 0.021484375 
0 0.712890625 0.0390625 0.0234375 0.0234375 
0 0.46875 0.6171875 0.0234375 0.0234375 
0 0.287109375 0.0400390625 0.021484375 0.021484375 
0 0.5087890625 0.4443359375 0.021484375 0.021484375 
0 0.458984375 0.5927734375 0.0234375 0.0234375 
0 0.3955078125 0.4345703125 0.021484375 0.021484375 
0 0.5498046875 0.4404296875 0.021484375 0.021484375 
0 0.5126953125 0.21875 0.0234375 0.0234375 
0 0.40234375 0.08984375 0.0234375 0.0234375 
1 0.5322265625 0.4736328125 0.021484375 0.021484375 
0 0.53515625 0.1005859375 0.021484375 0.021484375 
0 0.52734375 0.0771484375 0.021484375 0.021484375 
1 0.4326171875 0.6337890625 0.021484375 0.021484375 
0 0.689453125 0.15625 0.0224609375 0.0224609375 
0 0.583984375 0.35546875 0.0234375 0.0234375 
0 0.5048828125 0.26171875 0.0234375 0.0234375 
0 0.6669921875 0.28125 0.021484375 0.021484375 
0 0.486328125 0.064453125 0.021484375 0.021484375 
0 0.4365234375 0.6943359375 0.021484375 0.021484375 
0 0.6328125 0.0986328125 0.021484375 0.021484375 
0 0.587890625 0.1201171875 0.0234375 0.0234375 
0 0.4169921875 0.3681640625 0.021484375 0.021484375 
0 0.568359375 0.3583984375 0.0234375 0.0234375 
0 0.3291015625 0.21484375 0.0234375 0.0234375 
1 0.4169921875 0.48046875 0.021484375 0.021484375 
1 0.419921875 0.5419921875 0.0224609375 0.0224609375 
0 0.576171875 0.4345703125 0.0224609375 0.0224609375 
0 0.4443359375 0.376953125 0.0234375 0.0234375 
0 0.607421875 0.0322265625 0.0234375 0.0234375 
0 0.5068359375 0.328125 0.0234375 0.0234375 
0 0.630859375 0.0478515625 0.021484375 0.021484375 
0 0.583984375 0.537109375 0.021484375 0.021484375 
1 0.484375 0.2099609375 0.021484375 0.021484375 
