0 0.44140625 0.55078125 0.021484375 0.021484375 
1 0.466796875 0.29296875 0.021484375 0.021484375 
0 0.3115234375 0.1728515625 0.021484375 0.021484375 
1 0.4306640625 0.634765625 0.021484375 0.021484375 
0 0.5869140625 0.4638671875 0.021484375 0.021484375 
1 0.365234375 0.2080078125 0.0224609375 0.0224609375 
0 0.423828125 0.7021484375 0.021484375 0.021484375 
0 0.5087890625 0.615234375 0.021484375 0.021484375 
0 0.43359375 0.08984375 0.021484375 0.021484375 
0 0.33984375 0.3330078125 0.021484375 0.021484375 
0 0.6201171875 0.3583984375 0.0234375 0.0234375 
1 0.3642578125 0.26953125 0.0224609375 0.0224609375 
0 0.568359375 0.1904296875 0.0234375 0.0234375 
0 0.4091796875 0.115234375 0.0234375 0.0234375 
0 0.5869140625 0.1904296875 0.021484375 0.021484375 
1 0.6376953125 0.111328125 0.021484375 0.021484375 
1 0.568359375 0.2451171875 0.021484375 0.021484375 
0 0.4794921875 0.5341796875 0.021484375 0.021484375 
0 0.470703125 0.740234375 0.021484375 0.021484375 
0 0.40234375 0.1435546875 0.021484375 0.021484375 
0 0.5322265625 0.6640625 0.0224609375 0.0224609375 
0 0.5302734375 0.0517578125 0.0224609375 0.0224609375 
1 0.513671875 0.3349609375 0.0224609375 0.0224609375 
0 0.6025390625 0.125 0.021484375 0.021484375 
1 0.3955078125 0.3134765625 0.021484375 0.021484375 
0 0.29296875 0.0576171875 0.0234375 0.0234375 
0 0.435546875 0.2373046875 0.0234375 0.0234375 
0 0.6748046875 0.1650390625 0.021484375 0.021484375 
0 0.5458984375 0.744140625 0.0234375 0.0234375 
1 0.5771484375 0.138671875 0.021484375 0.021484375 
0 0.5498046875 0.1953125 0.021484375 0.021484375 
0 0.4951171875 0.3681640625 0.021484375 0.021484375 
1 0.6171875 0.0888671875 0.021484375 0.021484375 
0 0.4873046875 0.1953125 0.0224609375 0.0224609375 
1 0.328125 0.1494140625 0.0224609375 0.0224609375 
0 0.607421875 0.2978515625 0.0224609375 0.0224609375 
0 0.5712890625 0.40234375 0.0234375 0.0234375 
1 0.4453125 0.64453125 0.021484375 0.021484375 
0 0.6220703125 0.060546875 0.021484375 0.021484375 
1 0.5146484375 0.5 0.0224609375 0.0224609375 
1 0.53515625 0.3359375 0.021484375 0.021484375 
1 0.33203125 0.189453125 0.021484375 0.021484375 
0 0.693359375 0.0517578125 0.0234375 0.0234375 
0 0.4111328125 0.333984375 0.0234375 0.0234375 
0 0.5341796875 0.0927734375 0.0234375 0.0234375 
0 0.4873046875 0.166015625 0.0234375 0.0234375 
1 0.6240234375 0.1689453125 0.0224609375 0.0224609375 
0 0.6376953125 0.2373046875 0.021484375 0.021484375 
0 0.4990234375 0.876953125 0.025390625 0.025390625 
0 0.5517578125 0.703125 0.0234375 0.0234375 
0 0.4921875 0.4501953125 0.021484375 0.021484375 
0 0.5205078125 0.591796875 0.0234375 0.0234375 
0 0.30859375 0.087890625 0.021484375 0.021484375 
0 0.3115234375 0.05859375 0.0234375 0.0234375 
1 0.568359375 0.50390625 0.0224609375 0.0224609375 
0 0.5791015625 0.66796875 0.0224609375 0.0224609375 
0 0.7099609375 0.0869140625 0.021484375 0.021484375 
1 0.3154296875 0.197265625 0.0224609375 0.0224609375 
0 0.619140625 0.4794921875 0.0234375 0.0234375 
0 0.6005859375 0.5849609375 0.021484375 0.021484375 
0 0.55078125 0.14453125 0.021484375 0.021484375 
0 0.595703125 0.3349609375 0.021484375 0.021484375 
1 0.560546875 0.3125 0.021484375 0.021484375 
1 0.4560546875 0.7314453125 0.0224609375 0.0224609375 
1 0.4443359375 0.1669921875 0.0224609375 0.0224609375 
0 0.6943359375 0.0361328125 0.021484375 0.021484375 
1 0.5634765625 0.4560546875 0.021484375 0.021484375 
0 0.5927734375 0.5107421875 0.0234375 0.0234375 
0 0.4384765625 0.7822265625 0.0234375 0.0234375 
0 0.615234375 0.419921875 0.021484375 0.021484375 
1 0.5595703125 0.5791015625 0.021484375 0.021484375 
1 0.5986328125 0.38671875 0.0224609375 0.0224609375 
0 0.4970703125 0.7431640625 0.0234375 0.0234375 
0 0.595703125 0.2529296875 0.021484375 0.021484375 
0 0.392578125 0.1767578125 0.0234375 0.0234375 
0 0.5205078125 0.5341796875 0.0234375 0.0234375 
1 0.376953125 0.365234375 0.021484375 0.021484375 
0 0.287109375 0.0322265625 0.021484375 0.021484375 
1 0.509765625 0.3837890625 0.021484375 0.021484375 
0 0.490234375 0.6630859375 0.021484375 0.021484375 
0 0.5126953125 0.814453125 0.01953125 0.01953125 
0 0.599609375 0.40234375 0.0234375 0.0234375 
0 0.478515625 0.376953125 0.021484375 0.021484375 
0 0.4267578125 0.38671875 0.021484375 0.021484375 
0 0.6513671875 0.1552734375 0.021484375 0.021484375 
0 0.4208984375 0.3095703125 0.0234375 0.0234375 
0 0.47265625 0.646484375 0.021484375 0.021484375 
0 0.4443359375 0.716796875 0.021484375 0.021484375 
0 0.5302734375 0.154296875 0.0234375 0.0234375 
0 0.439453125 0.291015625 0.021484375 0.021484375 
1 0.3486328125 0.2646484375 0.0224609375 0.0224609375 
0 0.4208984375 0.103515625 0.021484375 0.021484375 
0 0.5400390625 0.4091796875 0.0234375 0.0234375 
0 0.3935546875 0.330078125 0.021484375 0.021484375 
0 0.4755859375 0.35546875 0.0224609375 0.0224609375 
0 0.40234375 0.5087890625 0.0234375 0.0234375 
1 0.4140625 0.0625 0.0224609375 0.0224609375 
1 0.3974609375 0.4658203125 0.0224609375 0.0224609375 
0 0.4365234375 0.6650390625 0.0234375 0.0234375 
0 0.48828125 0.0634765625 0.021484375 0.021484375 
1 0.5830078125 0.4375 0.021484375 0.021484375 
0 0.6474609375 0.314453125 0.021484375 0.021484375 
0 0.443359375 0.3271484375 0.021484375 0.021484375 
0 0.634765625 0.4169921875 0.0234375 0.0234375 
0 0.369140625 0.392578125 0.021484375 0.021484375 
0 0.5361328125 0.7001953125 0.0224609375 0.0224609375 
1 0.4658203125 0.8681640625 0.021484375 0.021484375 
0 0.498046875 0.2626953125 0.0224609375 0.0224609375 
1 0.529296875 0.794921875 0.0234375 0.0234375 
0 0.5771484375 0.3134765625 0.021484375 0.021484375 
1 0.45703125 0.3916015625 0.021484375 0.021484375 
0 0.564453125 0.03125 0.0234375 0.0234375 
0 0.5224609375 0.240234375 0.021484375 0.021484375 
0 0.47265625 0.1494140625 0.0234375 0.0234375 
1 0.3740234375 0.05078125 0.021484375 0.021484375 
0 0.5751953125 0.544921875 0.021484375 0.021484375 
0 0.48828125 0.0419921875 0.021484375 0.021484375 
0 0.3515625 0.3798828125 0.021484375 0.021484375 
1 0.4326171875 0.7314453125 0.0224609375 0.0224609375 
0 0.353515625 0.1376953125 0.0234375 0.0234375 
0 0.5478515625 0.380859375 0.021484375 0.021484375 
0 0.583984375 0.6328125 0.0234375 0.0234375 
0 0.3359375 0.3125 0.021484375 0.021484375 
1 0.3876953125 0.4345703125 0.021484375 0.021484375 
0 0.453125 0.6572265625 0.021484375 0.021484375 
0 0.6630859375 0.1416015625 0.021484375 0.021484375 
0 0.572265625 0.560546875 0.021484375 0.021484375 
1 0.5751953125 0.0537109375 0.0224609375 0.0224609375 
0 0.4296875 0.162109375 0.0234375 0.0234375 
0 0.4677734375 0.1923828125 0.021484375 0.021484375 
0 0.5537109375 0.400390625 0.021484375 0.021484375 
1 0.404296875 0.5732421875 0.021484375 0.021484375 
1 0.41796875 0.435546875 0.0224609375 0.0224609375 
1 0.568359375 0.078125 0.021484375 0.021484375 
0 0.572265625 0.1611328125 0.021484375 0.021484375 
1 0.4287109375 0.4482421875 0.021484375 0.021484375 
0 0.4677734375 0.166015625 0.021484375 0.021484375 
0 0.5478515625 0.544921875 0.0234375 0.0234375 
0 0.607421875 0.0458984375 0.0234375 0.0234375 
0 0.6796875 0.0751953125 0.021484375 0.021484375 
0 0.53515625 0.5244140625 0.021484375 0.021484375 
1 0.513671875 0.0908203125 0.021484375 0.021484375 
0 0.53515625 0.4833984375 0.021484375 0.021484375 
0 0.51171875 0.185546875 0.021484375 0.021484375 
0 0.4072265625 0.6357421875 0.021484375 0.021484375 
0 0.5048828125 0.7587890625 0.01953125 0.01953125 
0 0.4599609375 0.2431640625 0.0234375 0.0234375 
1 0.4775390625 0.224609375 0.0224609375 0.0224609375 
1 0.6015625 0.197265625 0.0224609375 0.0224609375 
0 0.4384765625 0.7548828125 0.01953125 0.01953125 
0 0.5048828125 0.201171875 0.021484375 0.021484375 
1 0.689453125 0.1640625 0.0224609375 0.0224609375 
0 0.2900390625 0.078125 0.021484375 0.021484375 
0 0.5498046875 0.4453125 0.021484375 0.021484375 
0 0.4169921875 0.607421875 0.0234375 0.0234375 
0 0.44140625 0.5068359375 0.021484375 0.021484375 
0 0.515625 0.736328125 0.0234375 0.0234375 
0 0.6337890625 0.1875 0.021484375 0.021484375 
0 0.4609375 0.708984375 0.0224609375 0.0224609375 
1 0.556640625 0.6025390625 0.0224609375 0.0224609375 
0 0.6142578125 0.138671875 0.0224609375 0.0224609375 
1 0.439453125 0.150390625 0.021484375 0.021484375 
0 0.3984375 0.5595703125 0.021484375 0.021484375 
0 0.6748046875 0.1279296875 0.0234375 0.0234375 
0 0.5361328125 0.279296875 0.021484375 0.021484375 
1 0.52734375 0.1357421875 0.0224609375 0.0224609375 
0 0.4716796875 0.4775390625 0.0234375 0.0234375 
1 0.5390625 0.1201171875 0.021484375 0.021484375 
0 0.44921875 0.83203125 0.021484375 0.021484375 
1 0.51953125 0.638671875 0.0224609375 0.0224609375 
0 0.4130859375 0.078125 0.021484375 0.021484375 
0 0.634765625 0.14453125 0.0224609375 0.0224609375 
1 0.337890625 0.1337890625 0.021484375 0.021484375 
1 0.3310546875 0.0390625 0.0224609375 0.0224609375 
0 0.619140625 0.19140625 0.021484375 0.021484375 
0 0.3857421875 0.2568359375 0.021484375 0.021484375 
0 0.3798828125 0.5009765625 0.0234375 0.0234375 
