0 0.6279296875 0.2080078125 0.021484375 0.021484375 
0 0.56640625 0.3369140625 0.021484375 0.021484375 
0 0.328125 0.1171875 0.0234375 0.0234375 
0 0.630859375 0.1142578125 0.0234375 0.0234375 
0 0.6240234375 0.333984375 0.021484375 0.021484375 
0 0.3720703125 0.046875 0.0234375 0.0234375 
0 0.5439453125 0.3681640625 0.0234375 0.0234375 
0 0.318359375 0.201171875 0.021484375 0.021484375 
1 0.5341796875 0.35546875 0.021484375 0.021484375 
0 0.4990234375 0.69140625 0.021484375 0.021484375 
0 0.6162109375 0.431640625 0.0234375 0.0234375 
0 0.3984375 0.61328125 0.021484375 0.021484375 
1 0.392578125 0.40625 0.021484375 0.021484375 
0 0.43359375 0.1181640625 0.021484375 0.021484375 
1 0.4111328125 0.400390625 0.021484375 0.021484375 
0 0.5009765625 0.5888671875 0.021484375 0.021484375 
0 0.4951171875 0.8935546875 0.021484375 0.021484375 
1 0.48046875 0.6279296875 0.021484375 0.021484375 
0 0.486328125 0.6123046875 0.0224609375 0.0224609375 
0 0.4443359375 0.095703125 0.021484375 0.021484375 
0 0.28515625 0.1015625 0.0234375 0.0234375 
0 0.3896484375 0.1787109375 0.0234375 0.0234375 
0 0.548828125 0.1533203125 0.0224609375 0.0224609375 
0 0.6416015625 0.3779296875 0.0224609375 0.0224609375 
0 0.5888671875 0.0966796875 0.0234375 0.0234375 
0 0.5888671875 0.169921875 0.021484375 0.021484375 
1 0.4638671875 0.3515625 0.0224609375 0.0224609375 
0 0.427734375 0.2294921875 0.021484375 0.021484375 
0 0.5478515625 0.48046875 0.021484375 0.021484375 
0 0.4658203125 0.2685546875 0.0234375 0.0234375 
0 0.5888671875 0.328125 0.0234375 0.0234375 
0 0.5595703125 0.2744140625 0.0234375 0.0234375 
0 0.556640625 0.3896484375 0.021484375 0.021484375 
0 0.306640625 0.0986328125 0.021484375 0.021484375 
1 0.39453125 0.1162109375 0.021484375 0.021484375 
0 0.580078125 0.546875 0.021484375 0.021484375 
0 0.5693359375 0.2373046875 0.0234375 0.0234375 
1 0.3408203125 0.326171875 0.0224609375 0.0224609375 
1 0.5771484375 0.373046875 0.021484375 0.021484375 
1 0.607421875 0.3125 0.021484375 0.021484375 
0 0.3642578125 0.4521484375 0.021484375 0.021484375 
0 0.4619140625 0.095703125 0.021484375 0.021484375 
0 0.4365234375 0.1962890625 0.0224609375 0.0224609375 
1 0.43359375 0.4052734375 0.0224609375 0.0224609375 
0 0.5419921875 0.828125 0.0234375 0.0234375 
0 0.359375 0.2333984375 0.0234375 0.0234375 
1 0.6474609375 0.091796875 0.021484375 0.021484375 
0 0.7001953125 0.08984375 0.0234375 0.0234375 
0 0.416015625 0.1923828125 0.021484375 0.021484375 
1 0.38671875 0.4814453125 0.0224609375 0.0224609375 
1 0.4404296875 0.3076171875 0.021484375 0.021484375 
0 0.494140625 0.4404296875 0.021484375 0.021484375 
0 0.48046875 0.2109375 0.0234375 0.0234375 
0 0.4541015625 0.400390625 0.021484375 0.021484375 
1 0.4873046875 0.1884765625 0.0224609375 0.0224609375 
0 0.4873046875 0.7158203125 0.0234375 0.0234375 
0 0.5556640625 0.650390625 0.0234375 0.0234375 
0 0.4248046875 0.6572265625 0.021484375 0.021484375 
0 0.5107421875 0.7021484375 0.021484375 0.021484375 
1 0.435546875 0.7490234375 0.0224609375 0.0224609375 
0 0.4912109375 0.318359375 0.021484375 0.021484375 
1 0.4267578125 0.6201171875 0.021484375 0.021484375 
0 0.5322265625 0.3935546875 0.021484375 0.021484375 
0 0.4677734375 0.6123046875 0.0234375 0.0234375 
0 0.5185546875 0.84375 0.0234375 0.0234375 
0 0.4140625 0.0693359375 0.021484375 0.021484375 
0 0.423828125 0.5244140625 0.021484375 0.021484375 
0 0.3935546875 0.3583984375 0.021484375 0.021484375 
0 0.45703125 0.748046875 0.0234375 0.0234375 
1 0.54296875 0.6298828125 0.021484375 0.021484375 
0 0.6953125 0.048828125 0.0234375 0.0234375 
0 0.521484375 0.12890625 0.021484375 0.021484375 
0 0.4990234375 0.357421875 0.0234375 0.0234375 
0 0.62109375 0.3720703125 0.0234375 0.0234375 
0 0.6416015625 0.357421875 0.0234375 0.0234375 
0 0.4658203125 0.6484375 0.0224609375 0.0224609375 
0 0.396484375 0.44921875 0.021484375 0.021484375 
1 0.37890625 0.091796875 0.021484375 0.021484375 
1 0.546875 0.556640625 0.021484375 0.021484375 
0 0.4736328125 0.77734375 0.01953125 0.01953125 
0 0.517578125 0.251953125 0.0234375 0.0234375 
0 0.4638671875 0.17578125 0.0234375 0.0234375 
0 0.5751953125 0.3154296875 0.0234375 0.0234375 
0 0.4208984375 0.302734375 0.021484375 0.021484375 
0 0.330078125 0.060546875 0.0234375 0.0234375 
0 0.513671875 0.5205078125 0.021484375 0.021484375 
1 0.48828125 0.0478515625 0.0224609375 0.0224609375 
0 0.5400390625 0.73046875 0.0234375 0.0234375 
1 0.57421875 0.193359375 0.0224609375 0.0224609375 
0 0.5966796875 0.4013671875 0.0234375 0.0234375 
0 0.4423828125 0.6953125 0.021484375 0.021484375 
0 0.4443359375 0.583984375 0.021484375 0.021484375 
0 0.3486328125 0.1181640625 0.021484375 0.021484375 
1 0.71484375 0.04296875 0.021484375 0.021484375 
0 0.5087890625 0.8310546875 0.0234375 0.0234375 
0 0.3388671875 0.1884765625 0.0234375 0.0234375 
0 0.296875 0.126953125 0.021484375 0.021484375 
0 0.57421875 0.482421875 0.0234375 0.0234375 
0 0.51171875 0.6416015625 0.021484375 0.021484375 
1 0.6005859375 0.2138671875 0.021484375 0.021484375 
0 0.5126953125 0.0859375 0.021484375 0.021484375 
0 0.4638671875 0.1474609375 0.0234375 0.0234375 
0 0.6494140625 0.06640625 0.0234375 0.0234375 
1 0.58203125 0.650390625 0.0224609375 0.0224609375 
0 0.5146484375 0.4267578125 0.0224609375 0.0224609375 
0 0.4794921875 0.3515625 0.021484375 0.021484375 
0 0.5185546875 0.1123046875 0.021484375 0.021484375 
0 0.40234375 0.130859375 0.0224609375 0.0224609375 
0 0.5810546875 0.146484375 0.0234375 0.0234375 
0 0.630859375 0.076171875 0.0234375 0.0234375 
0 0.46484375 0.6826171875 0.0224609375 0.0224609375 
0 0.490234375 0.744140625 0.021484375 0.021484375 
0 0.3603515625 0.345703125 0.0234375 0.0234375 
0 0.375 0.1845703125 0.021484375 0.021484375 
0 0.2919921875 0.0830078125 0.0234375 0.0234375 
0 0.654296875 0.1728515625 0.021484375 0.021484375 
0 0.6259765625 0.2783203125 0.0234375 0.0234375 
1 0.5703125 0.0419921875 0.021484375 0.021484375 
0 0.6708984375 0.2626953125 0.021484375 0.021484375 
0 0.564453125 0.173828125 0.0234375 0.0234375 
0 0.4716796875 0.572265625 0.021484375 0.021484375 
0 0.484375 0.4833984375 0.0234375 0.0234375 
1 0.626953125 0.0302734375 0.021484375 0.021484375 
0 0.5068359375 0.3017578125 0.021484375 0.021484375 
0 0.458984375 0.6259765625 0.0234375 0.0234375 
0 0.6162109375 0.1015625 0.021484375 0.021484375 
1 0.609375 0.3623046875 0.021484375 0.021484375 
0 0.4189453125 0.140625 0.0234375 0.0234375 
0 0.6376953125 0.3056640625 0.021484375 0.021484375 
1 0.533203125 0.615234375 0.0224609375 0.0224609375 
0 0.4931640625 0.7607421875 0.0224609375 0.0224609375 
0 0.5263671875 0.8310546875 0.01953125 0.01953125 
0 0.5498046875 0.0390625 0.0234375 0.0234375 
0 0.5390625 0.6552734375 0.021484375 0.021484375 
0 0.5927734375 0.4853515625 0.0234375 0.0234375 
0 0.4306640625 0.2646484375 0.021484375 0.021484375 
1 0.482421875 0.3876953125 0.021484375 0.021484375 
0 0.451171875 0.5390625 0.0234375 0.0234375 
0 0.611328125 0.3955078125 0.021484375 0.021484375 
1 0.5576171875 0.78515625 0.0234375 0.0234375 
0 0.599609375 0.427734375 0.021484375 0.021484375 
0 0.412109375 0.4658203125 0.021484375 0.021484375 
0 0.498046875 0.1376953125 0.021484375 0.021484375 
0 0.314453125 0.146484375 0.021484375 0.021484375 
1 0.4912109375 0.4052734375 0.0224609375 0.0224609375 
0 0.3935546875 0.0546875 0.021484375 0.021484375 
0 0.5712890625 0.6015625 0.0224609375 0.0224609375 
1 0.62890625 0.423828125 0.021484375 0.021484375 
0 0.50390625 0.333984375 0.0234375 0.0234375 
0 0.361328125 0.16796875 0.021484375 0.021484375 
0 0.322265625 0.0400390625 0.021484375 0.021484375 
0 0.5029296875 0.1982421875 0.021484375 0.021484375 
1 0.3125 0.2255859375 0.0224609375 0.0224609375 
0 0.3837890625 0.203125 0.0234375 0.0234375 
