0 0.5595703125 0.646484375 0.021484375 0.021484375 
1 0.4130859375 0.5458984375 0.0224609375 0.0224609375 
0 0.53515625 0.3662109375 0.0224609375 0.0224609375 
1 0.37890625 0.33984375 0.021484375 0.021484375 
1 0.431640625 0.263671875 0.021484375 0.021484375 
0 0.470703125 0.05859375 0.021484375 0.021484375 
1 0.4765625 0.0341796875 0.0224609375 0.0224609375 
1 0.3564453125 0.3603515625 0.021484375 0.021484375 
0 0.451171875 0.384765625 0.0224609375 0.0224609375 
1 0.5712890625 0.275390625 0.021484375 0.021484375 
0 0.6748046875 0.109375 0.021484375 0.021484375 
1 0.5546875 0.3857421875 0.0224609375 0.0224609375 
1 0.568359375 0.54296875 0.021484375 0.021484375 
1 0.6015625 0.138671875 0.021484375 0.021484375 
1 0.3701171875 0.412109375 0.021484375 0.021484375 
0 0.67578125 0.2421875 0.0234375 0.0234375 
1 0.5546875 0.1669921875 0.021484375 0.021484375 
0 0.4130859375 0.5625 0.0234375 0.0234375 
1 0.642578125 0.3095703125 0.021484375 0.021484375 
0 0.5166015625 0.1875 0.0224609375 0.0224609375 
1 0.51171875 0.2470703125 0.021484375 0.021484375 
0 0.427734375 0.4541015625 0.0234375 0.0234375 
0 0.5146484375 0.6181640625 0.0224609375 0.0224609375 
0 0.5009765625 0.162109375 0.0234375 0.0234375 
1 0.3212890625 0.109375 0.0224609375 0.0224609375 
0 0.6552734375 0.0361328125 0.0224609375 0.0224609375 
0 0.630859375 0.2138671875 0.021484375 0.021484375 
0 0.3134765625 0.16015625 0.021484375 0.021484375 
0 0.564453125 0.1513671875 0.021484375 0.021484375 
0 0.5107421875 0.64453125 0.0234375 0.0234375 
0 0.4814453125 0.4482421875 0.021484375 0.021484375 
1 0.400390625 0.2490234375 0.021484375 0.021484375 
0 0.3623046875 0.4375 0.021484375 0.021484375 
0 0.4736328125 0.5556640625 0.021484375 0.021484375 
0 0.5361328125 0.796875 0.0234375 0.0234375 
0 0.384765625 0.2451171875 0.021484375 0.021484375 
0 0.6533203125 0.1025390625 0.0234375 0.0234375 
0 0.3916015625 0.4169921875 0.021484375 0.021484375 
0 0.5166015625 0.0947265625 0.0224609375 0.0224609375 
0 0.501953125 0.8330078125 0.0224609375 0.0224609375 
1 0.4873046875 0.529296875 0.021484375 0.021484375 
0 0.6064453125 0.21484375 0.021484375 0.021484375 
0 0.603515625 0.3486328125 0.0234375 0.0234375 
1 0.4931640625 0.0771484375 0.021484375 0.021484375 
0 0.37890625 0.4375 0.0234375 0.0234375 
0 0.515625 0.732421875 0.0234375 0.0234375 
0 0.412109375 0.5029296875 0.021484375 0.021484375 
0 0.5625 0.107421875 0.021484375 0.021484375 
1 0.4609375 0.119140625 0.0224609375 0.0224609375 
1 0.638671875 0.3310546875 0.0224609375 0.0224609375 
0 0.4853515625 0.875 0.01953125 0.01953125 
0 0.4970703125 0.060546875 0.0234375 0.0234375 
0 0.525390625 0.6826171875 0.021484375 0.021484375 
0 0.3828125 0.0419921875 0.0234375 0.0234375 
0 0.462890625 0.681640625 0.0234375 0.0234375 
0 0.67578125 0.2080078125 0.021484375 0.021484375 
0 0.3271484375 0.2958984375 0.021484375 0.021484375 
0 0.5830078125 0.0732421875 0.021484375 0.021484375 
0 0.59765625 0.380859375 0.021484375 0.021484375 
1 0.619140625 0.0498046875 0.021484375 0.021484375 
0 0.6064453125 0.51171875 0.0234375 0.0234375 
0 0.5712890625 0.7333984375 0.021484375 0.021484375 
0 0.623046875 0.3515625 0.0234375 0.0234375 
1 0.5615234375 0.32421875 0.021484375 0.021484375 
0 0.2880859375 0.099609375 0.0234375 0.0234375 
0 0.6142578125 0.390625 0.0234375 0.0234375 
0 0.4443359375 0.794921875 0.0224609375 0.0224609375 
0 0.3212890625 0.03515625 0.021484375 0.021484375 
0 0.521484375 0.7978515625 0.025390625 0.025390625 
0 0.611328125 0.2978515625 0.0234375 0.0234375 
0 0.4228515625 0.6826171875 0.0234375 0.0234375 
1 0.5068359375 0.3623046875 0.021484375 0.021484375 
0 0.4501953125 0.21484375 0.021484375 0.021484375 
0 0.451171875 0.47265625 0.021484375 0.021484375 
0 0.3916015625 0.384765625 0.021484375 0.021484375 
0 0.5927734375 0.3291015625 0.0224609375 0.0224609375 
1 0.373046875 0.1640625 0.0224609375 0.0224609375 
0 0.3583984375 0.2041015625 0.021484375 0.021484375 
0 0.4599609375 0.8662109375 0.01953125 0.01953125 
0 0.322265625 0.076171875 0.0224609375 0.0224609375 
1 0.5185546875 0.40625 0.021484375 0.021484375 
0 0.3671875 0.24609375 0.0234375 0.0234375 
0 0.4833984375 0.8388671875 0.0234375 0.0234375 
1 0.71484375 0.0439453125 0.021484375 0.021484375 
0 0.5302734375 0.583984375 0.0234375 0.0234375 
0 0.51953125 0.4599609375 0.021484375 0.021484375 
0 0.4609375 0.4345703125 0.021484375 0.021484375 
0 0.4794921875 0.6943359375 0.0234375 0.0234375 
0 0.4013671875 0.203125 0.0234375 0.0234375 
0 0.5361328125 0.76953125 0.0224609375 0.0224609375 
1 0.431640625 0.4375 0.021484375 0.021484375 
0 0.36328125 0.06640625 0.0234375 0.0234375 
1 0.6904296875 0.0947265625 0.0224609375 0.0224609375 
1 0.533203125 0.068359375 0.021484375 0.021484375 
0 0.4404296875 0.5556640625 0.0234375 0.0234375 
1 0.6015625 0.583984375 0.021484375 0.021484375 
1 0.546875 0.8134765625 0.0234375 0.0234375 
0 0.455078125 0.3642578125 0.021484375 0.021484375 
0 0.6318359375 0.2802734375 0.0234375 0.0234375 
0 0.3974609375 0.4609375 0.0234375 0.0234375 
0 0.5732421875 0.6298828125 0.0234375 0.0234375 
0 0.541015625 0.283203125 0.021484375 0.021484375 
0 0.478515625 0.3017578125 0.0234375 0.0234375 
0 0.328125 0.166015625 0.021484375 0.021484375 
0 0.4814453125 0.7294921875 0.0224609375 0.0224609375 
0 0.4619140625 0.59375 0.021484375 0.021484375 
0 0.4287109375 0.5771484375 0.021484375 0.021484375 
0 0.43359375 0.3046875 0.021484375 0.021484375 
0 0.4794921875 0.1708984375 0.021484375 0.021484375 
0 0.4453125 0.6748046875 0.021484375 0.021484375 
0 0.5400390625 0.8271484375 0.0224609375 0.0224609375 
0 0.455078125 0.09765625 0.0234375 0.0234375 
0 0.4296875 0.1083984375 0.021484375 0.021484375 
1 0.404296875 0.0732421875 0.021484375 0.021484375 
1 0.455078125 0.4130859375 0.021484375 0.021484375 
0 0.548828125 0.248046875 0.021484375 0.021484375 
0 0.5693359375 0.46484375 0.021484375 0.021484375 
0 0.578125 0.5244140625 0.0224609375 0.0224609375 
1 0.68359375 0.185546875 0.0224609375 0.0224609375 
1 0.4912109375 0.25390625 0.021484375 0.021484375 
0 0.4228515625 0.6533203125 0.0234375 0.0234375 
0 0.5947265625 0.4072265625 0.0234375 0.0234375 
0 0.6337890625 0.068359375 0.021484375 0.021484375 
0 0.50390625 0.53125 0.0234375 0.0234375 
0 0.5751953125 0.1240234375 0.021484375 0.021484375 
0 0.3583984375 0.302734375 0.021484375 0.021484375 
0 0.5283203125 0.04296875 0.0234375 0.0234375 
0 0.52734375 0.4267578125 0.0234375 0.0234375 
1 0.4150390625 0.37890625 0.021484375 0.021484375 
0 0.6513671875 0.29296875 0.021484375 0.021484375 
0 0.5517578125 0.03515625 0.0234375 0.0234375 
0 0.5322265625 0.6044921875 0.021484375 0.021484375 
0 0.5048828125 0.5751953125 0.021484375 0.021484375 
0 0.65625 0.1982421875 0.021484375 0.021484375 
0 0.3271484375 0.2314453125 0.021484375 0.021484375 
0 0.3779296875 0.3955078125 0.021484375 0.021484375 
0 0.515625 0.3779296875 0.021484375 0.021484375 
0 0.34375 0.2392578125 0.0234375 0.0234375 
1 0.5263671875 0.20703125 0.021484375 0.021484375 
0 0.5322265625 0.0908203125 0.021484375 0.021484375 
0 0.408203125 0.591796875 0.021484375 0.021484375 
0 0.5078125 0.3955078125 0.021484375 0.021484375 
0 0.431640625 0.5302734375 0.0224609375 0.0224609375 
0 0.5517578125 0.7255859375 0.021484375 0.021484375 
0 0.6357421875 0.2568359375 0.021484375 0.021484375 
0 0.4736328125 0.23828125 0.0234375 0.0234375 
0 0.431640625 0.1640625 0.021484375 0.021484375 
0 0.443359375 0.076171875 0.0234375 0.0234375 
0 0.521484375 0.3359375 0.021484375 0.021484375 
0 0.494140625 0.140625 0.021484375 0.021484375 
0 0.5625 0.7021484375 0.0224609375 0.0224609375 
0 0.3974609375 0.5615234375 0.0234375 0.0234375 
0 0.5087890625 0.6923828125 0.021484375 0.021484375 
0 0.6279296875 0.1455078125 0.021484375 0.021484375 
0 0.5498046875 0.076171875 0.0234375 0.0234375 
0 0.6240234375 0.474609375 0.0234375 0.0234375 
1 0.4736328125 0.6416015625 0.021484375 0.021484375 
0 0.3671875 0.03515625 0.021484375 0.021484375 
0 0.6474609375 0.3740234375 0.0234375 0.0234375 
1 0.4931640625 0.70703125 0.021484375 0.021484375 
0 0.517578125 0.7685546875 0.025390625 0.025390625 
0 0.638671875 0.1689453125 0.0234375 0.0234375 
0 0.47265625 0.373046875 0.0234375 0.0234375 
0 0.4775390625 0.078125 0.021484375 0.021484375 
0 0.703125 0.119140625 0.021484375 0.021484375 
0 0.4365234375 0.70703125 0.021484375 0.021484375 
0 0.525390625 0.8212890625 0.025390625 0.025390625 
0 0.62890625 0.037109375 0.021484375 0.021484375 
0 0.4609375 0.6650390625 0.021484375 0.021484375 
0 0.4638671875 0.283203125 0.021484375 0.021484375 
0 0.55078125 0.4140625 0.0234375 0.0234375 
1 0.5947265625 0.298828125 0.021484375 0.021484375 
0 0.583984375 0.259765625 0.0224609375 0.0224609375 
