0 0.4072265625 0.3662109375 0.021484375 0.021484375 
1 0.4453125 0.30078125 0.021484375 0.021484375 
0 0.5224609375 0.1328125 0.0234375 0.0234375 
0 0.6669921875 0.1806640625 0.0234375 0.0234375 
0 0.486328125 0.1171875 0.021484375 0.021484375 
0 0.47265625 0.232421875 0.021484375 0.021484375 
0 0.5732421875 0.6357421875 0.021484375 0.021484375 
1 0.6572265625 0.3349609375 0.021484375 0.021484375 
0 0.46484375 0.3681640625 0.021484375 0.021484375 
0 0.3115234375 0.19921875 0.021484375 0.021484375 
0 0.5830078125 0.1484375 0.0234375 0.0234375 
0 0.509765625 0.125 0.021484375 0.021484375 
0 0.4755859375 0.0869140625 0.021484375 0.021484375 
0 0.5126953125 0.6962890625 0.0224609375 0.0224609375 
0 0.455078125 0.46484375 0.021484375 0.021484375 
0 0.560546875 0.6259765625 0.0224609375 0.0224609375 
0 0.4599609375 0.7451171875 0.0234375 0.0234375 
0 0.6904296875 0.1533203125 0.0234375 0.0234375 
0 0.3984375 0.353515625 0.021484375 0.021484375 
1 0.5517578125 0.423828125 0.0224609375 0.0224609375 
0 0.4736328125 0.130859375 0.0234375 0.0234375 
0 0.6064453125 0.2490234375 0.021484375 0.021484375 
0 0.6376953125 0.171875 0.021484375 0.021484375 
0 0.482421875 0.6044921875 0.0234375 0.0234375 
1 0.5537109375 0.3671875 0.0224609375 0.0224609375 
0 0.5126953125 0.2822265625 0.021484375 0.021484375 
0 0.6328125 0.0458984375 0.0234375 0.0234375 
1 0.6708984375 0.0439453125 0.0224609375 0.0224609375 
1 0.5458984375 0.2333984375 0.021484375 0.021484375 
0 0.583984375 0.3046875 0.021484375 0.021484375 
1 0.541015625 0.5078125 0.021484375 0.021484375 
0 0.5390625 0.556640625 0.021484375 0.021484375 
1 0.484375 0.203125 0.021484375 0.021484375 
0 0.4423828125 0.4384765625 0.021484375 0.021484375 
0 0.515625 0.1689453125 0.0234375 0.0234375 
1 0.5380859375 0.298828125 0.0224609375 0.0224609375 
1 0.50390625 0.228515625 0.0224609375 0.0224609375 
0 0.5263671875 0.2353515625 0.0234375 0.0234375 
0 0.455078125 0.767578125 0.0234375 0.0234375 
0 0.484375 0.3916015625 0.0234375 0.0234375 
0 0.599609375 0.0595703125 0.021484375 0.021484375 
0 0.3857421875 0.17578125 0.021484375 0.021484375 
0 0.474609375 0.8154296875 0.021484375 0.021484375 
0 0.369140625 0.05859375 0.0234375 0.0234375 
1 0.6923828125 0.0458984375 0.021484375 0.021484375 
1 0.591796875 0.34765625 0.021484375 0.021484375 
0 0.46484375 0.4453125 0.021484375 0.021484375 
0 0.6826171875 0.0625 0.0234375 0.0234375 
0 0.5869140625 0.44921875 0.021484375 0.021484375 
1 0.61328125 0.2109375 0.021484375 0.021484375 
0 0.6279296875 0.3681640625 0.0234375 0.0234375 
0 0.541015625 0.13671875 0.021484375 0.021484375 
0 0.572265625 0.41015625 0.021484375 0.021484375 
1 0.650390625 0.1591796875 0.021484375 0.021484375 
0 0.408203125 0.1484375 0.021484375 0.021484375 
0 0.412109375 0.4541015625 0.021484375 0.021484375 
0 0.654296875 0.279296875 0.021484375 0.021484375 
0 0.51171875 0.14453125 0.021484375 0.021484375 
0 0.4423828125 0.1240234375 0.021484375 0.021484375 
0 0.4169921875 0.642578125 0.021484375 0.021484375 
0 0.4228515625 0.26953125 0.021484375 0.021484375 
1 0.4873046875 0.794921875 0.0234375 0.0234375 
1 0.5302734375 0.3330078125 0.021484375 0.021484375 
0 0.375 0.490234375 0.021484375 0.021484375 
0 0.5166015625 0.439453125 0.0224609375 0.0224609375 
0 0.453125 0.673828125 0.021484375 0.021484375 
0 0.51171875 0.607421875 0.021484375 0.021484375 
1 0.57421875 0.0712890625 0.021484375 0.021484375 
0 0.625 0.0908203125 0.021484375 0.021484375 
0 0.400390625 0.3173828125 0.021484375 0.021484375 
0 0.416015625 0.48828125 0.0234375 0.0234375 
0 0.4375 0.693359375 0.021484375 0.021484375 
0 0.609375 0.5 0.021484375 0.021484375 
1 0.3212890625 0.125 0.021484375 0.021484375 
1 0.3740234375 0.30859375 0.0224609375 0.0224609375 
1 0.6748046875 0.19921875 0.0224609375 0.0224609375 
0 0.55859375 0.6455078125 0.021484375 0.021484375 
0 0.470703125 0.1708984375 0.021484375 0.021484375 
0 0.576171875 0.3212890625 0.0234375 0.0234375 
1 0.5419921875 0.357421875 0.021484375 0.021484375 
0 0.4365234375 0.5556640625 0.021484375 0.021484375 
0 0.3662109375 0.4287109375 0.021484375 0.021484375 
1 0.5390625 0.728515625 0.0224609375 0.0224609375 
1 0.326171875 0.1630859375 0.021484375 0.021484375 
1 0.634765625 0.0791015625 0.021484375 0.021484375 
0 0.3994140625 0.4931640625 0.021484375 0.021484375 
0 0.56640625 0.2158203125 0.0234375 0.0234375 
1 0.4736328125 0.46875 0.021484375 0.021484375 
0 0.4912109375 0.2412109375 0.0234375 0.0234375 
1 0.6015625 0.40625 0.021484375 0.021484375 
1 0.375 0.3779296875 0.021484375 0.021484375 
0 0.435546875 0.5009765625 0.0224609375 0.0224609375 
