0 0.6806640625 0.0361328125 0.0234375 0.0234375 
1 0.412109375 0.0830078125 0.0224609375 0.0224609375 
0 0.3251953125 0.037109375 0.0234375 0.0234375 
0 0.5126953125 0.5615234375 0.021484375 0.021484375 
0 0.4697265625 0.1767578125 0.0224609375 0.0224609375 
0 0.5537109375 0.6982421875 0.0234375 0.0234375 
1 0.408203125 0.4296875 0.0224609375 0.0224609375 
0 0.458984375 0.6884765625 0.0234375 0.0234375 
1 0.455078125 0.658203125 0.021484375 0.021484375 
0 0.568359375 0.3388671875 0.0234375 0.0234375 
0 0.4677734375 0.2265625 0.021484375 0.021484375 
0 0.3212890625 0.07421875 0.021484375 0.021484375 
0 0.3876953125 0.4931640625 0.021484375 0.021484375 
0 0.5341796875 0.19140625 0.0224609375 0.0224609375 
0 0.4697265625 0.13671875 0.0224609375 0.0224609375 
0 0.283203125 0.0810546875 0.021484375 0.021484375 
0 0.4931640625 0.1083984375 0.0234375 0.0234375 
0 0.537109375 0.4267578125 0.021484375 0.021484375 
0 0.5166015625 0.734375 0.0234375 0.0234375 
0 0.5400390625 0.8134765625 0.025390625 0.025390625 
0 0.5537109375 0.181640625 0.021484375 0.021484375 
0 0.4697265625 0.7109375 0.0234375 0.0234375 
0 0.578125 0.177734375 0.021484375 0.021484375 
0 0.5390625 0.5380859375 0.021484375 0.021484375 
0 0.4033203125 0.4833984375 0.0234375 0.0234375 
0 0.490234375 0.154296875 0.0234375 0.0234375 
0 0.5107421875 0.6533203125 0.0234375 0.0234375 
0 0.52734375 0.8974609375 0.021484375 0.021484375 
0 0.5517578125 0.5546875 0.021484375 0.021484375 
0 0.46875 0.2666015625 0.021484375 0.021484375 
1 0.3671875 0.4482421875 0.021484375 0.021484375 
0 0.611328125 0.38671875 0.021484375 0.021484375 
0 0.48046875 0.3056640625 0.021484375 0.021484375 
0 0.5908203125 0.5478515625 0.021484375 0.021484375 
0 0.4658203125 0.857421875 0.0224609375 0.0224609375 
1 0.3623046875 0.390625 0.021484375 0.021484375 
0 0.3671875 0.087890625 0.021484375 0.021484375 
0 0.4228515625 0.478515625 0.021484375 0.021484375 
1 0.4296875 0.142578125 0.0224609375 0.0224609375 
0 0.3857421875 0.1787109375 0.021484375 0.021484375 
0 0.6513671875 0.08203125 0.0234375 0.0234375 
0 0.6181640625 0.259765625 0.0224609375 0.0224609375 
1 0.5126953125 0.68359375 0.021484375 0.021484375 
0 0.4970703125 0.5322265625 0.021484375 0.021484375 
0 0.6689453125 0.0888671875 0.021484375 0.021484375 
1 0.5458984375 0.220703125 0.0224609375 0.0224609375 
0 0.4267578125 0.4423828125 0.0234375 0.0234375 
1 0.322265625 0.283203125 0.021484375 0.021484375 
0 0.662109375 0.2763671875 0.0234375 0.0234375 
0 0.556640625 0.109375 0.021484375 0.021484375 
1 0.443359375 0.330078125 0.021484375 0.021484375 
0 0.5185546875 0.283203125 0.021484375 0.021484375 
0 0.578125 0.3193359375 0.021484375 0.021484375 
0 0.42578125 0.5498046875 0.0234375 0.0234375 
1 0.5732421875 0.4169921875 0.0224609375 0.0224609375 
0 0.6591796875 0.0302734375 0.021484375 0.021484375 
0 0.318359375 0.2451171875 0.021484375 0.021484375 
1 0.3544921875 0.236328125 0.021484375 0.021484375 
1 0.443359375 0.4794921875 0.0224609375 0.0224609375 
0 0.5 0.4990234375 0.021484375 0.021484375 
0 0.4150390625 0.2158203125 0.0224609375 0.0224609375 
0 0.66796875 0.2490234375 0.021484375 0.021484375 
0 0.279296875 0.056640625 0.021484375 0.021484375 
0 0.583984375 0.458984375 0.0234375 0.0234375 
0 0.390625 0.412109375 0.021484375 0.021484375 
0 0.501953125 0.767578125 0.0234375 0.0234375 
0 0.435546875 0.41796875 0.0234375 0.0234375 
0 0.3232421875 0.166015625 0.021484375 0.021484375 
0 0.578125 0.2578125 0.021484375 0.021484375 
0 0.5859375 0.48046875 0.0234375 0.0234375 
0 0.5654296875 0.04296875 0.021484375 0.021484375 
0 0.453125 0.4580078125 0.021484375 0.021484375 
1 0.5390625 0.517578125 0.021484375 0.021484375 
0 0.4970703125 0.474609375 0.0234375 0.0234375 
0 0.408203125 0.169921875 0.021484375 0.021484375 
0 0.3994140625 0.1181640625 0.021484375 0.021484375 
1 0.4658203125 0.7578125 0.0234375 0.0234375 
0 0.490234375 0.6875 0.021484375 0.021484375 
0 0.595703125 0.4453125 0.0224609375 0.0224609375 
0 0.65234375 0.3388671875 0.0234375 0.0234375 
0 0.55859375 0.1455078125 0.021484375 0.021484375 
0 0.6162109375 0.0390625 0.0234375 0.0234375 
0 0.658203125 0.1708984375 0.0234375 0.0234375 
0 0.544921875 0.5810546875 0.0234375 0.0234375 
0 0.4736328125 0.49609375 0.0224609375 0.0224609375 
0 0.505859375 0.4052734375 0.021484375 0.021484375 
0 0.5576171875 0.2109375 0.0224609375 0.0224609375 
1 0.5341796875 0.0615234375 0.0224609375 0.0224609375 
0 0.48828125 0.4072265625 0.021484375 0.021484375 
1 0.6181640625 0.369140625 0.021484375 0.021484375 
0 0.3642578125 0.306640625 0.0234375 0.0234375 
0 0.65234375 0.2890625 0.021484375 0.021484375 
0 0.439453125 0.30859375 0.0234375 0.0234375 
1 0.6796875 0.123046875 0.021484375 0.021484375 
0 0.4609375 0.0400390625 0.021484375 0.021484375 
0 0.412109375 0.5654296875 0.0234375 0.0234375 
0 0.5439453125 0.2724609375 0.0234375 0.0234375 
0 0.380859375 0.4365234375 0.0224609375 0.0224609375 
0 0.56640625 0.1298828125 0.021484375 0.021484375 
0 0.58203125 0.0458984375 0.0234375 0.0234375 
0 0.3818359375 0.32421875 0.021484375 0.021484375 
1 0.484375 0.8173828125 0.0234375 0.0234375 
0 0.3818359375 0.2158203125 0.021484375 0.021484375 
0 0.5087890625 0.84765625 0.021484375 0.021484375 
0 0.5927734375 0.166015625 0.0234375 0.0234375 
0 0.677734375 0.2021484375 0.021484375 0.021484375 
1 0.498046875 0.3564453125 0.021484375 0.021484375 
1 0.5615234375 0.3583984375 0.021484375 0.021484375 
0 0.423828125 0.328125 0.021484375 0.021484375 
0 0.466796875 0.5380859375 0.0224609375 0.0224609375 
0 0.3720703125 0.369140625 0.0234375 0.0234375 
0 0.6357421875 0.31640625 0.0224609375 0.0224609375 
0 0.5390625 0.5947265625 0.021484375 0.021484375 
1 0.58203125 0.2138671875 0.021484375 0.021484375 
1 0.54296875 0.6689453125 0.021484375 0.021484375 
0 0.298828125 0.041015625 0.0234375 0.0234375 
1 0.63671875 0.2392578125 0.021484375 0.021484375 
0 0.5986328125 0.046875 0.0234375 0.0234375 
0 0.662109375 0.30859375 0.021484375 0.021484375 
0 0.451171875 0.7021484375 0.0234375 0.0234375 
1 0.6689453125 0.0498046875 0.021484375 0.021484375 
0 0.609375 0.173828125 0.021484375 0.021484375 
0 0.306640625 0.146484375 0.0224609375 0.0224609375 
0 0.3994140625 0.3046875 0.021484375 0.021484375 
1 0.572265625 0.6181640625 0.0224609375 0.0224609375 
0 0.447265625 0.17578125 0.021484375 0.021484375 
1 0.578125 0.1611328125 0.021484375 0.021484375 
0 0.49609375 0.439453125 0.0234375 0.0234375 
0 0.548828125 0.4599609375 0.0234375 0.0234375 
1 0.3564453125 0.1689453125 0.0224609375 0.0224609375 
0 0.376953125 0.4716796875 0.021484375 0.021484375 
0 0.50390625 0.3759765625 0.021484375 0.021484375 
0 0.630859375 0.2158203125 0.021484375 0.021484375 
0 0.33984375 0.119140625 0.021484375 0.021484375 
0 0.6357421875 0.30078125 0.021484375 0.021484375 
0 0.3291015625 0.1796875 0.0224609375 0.0224609375 
0 0.5830078125 0.3828125 0.0234375 0.0234375 
1 0.521484375 0.1806640625 0.021484375 0.021484375 
0 0.3173828125 0.095703125 0.0234375 0.0234375 
0 0.48828125 0.3291015625 0.0224609375 0.0224609375 
0 0.5693359375 0.201171875 0.021484375 0.021484375 
0 0.361328125 0.1103515625 0.021484375 0.021484375 
0 0.556640625 0.400390625 0.0234375 0.0234375 
0 0.5419921875 0.7158203125 0.0234375 0.0234375 
0 0.4541015625 0.4072265625 0.0234375 0.0234375 
0 0.3017578125 0.119140625 0.021484375 0.021484375 
0 0.5078125 0.7890625 0.021484375 0.021484375 
0 0.4638671875 0.302734375 0.021484375 0.021484375 
1 0.4208984375 0.3681640625 0.0224609375 0.0224609375 
1 0.51953125 0.703125 0.021484375 0.021484375 
0 0.3623046875 0.4169921875 0.021484375 0.021484375 
0 0.4443359375 0.3603515625 0.021484375 0.021484375 
0 0.453125 0.81640625 0.0224609375 0.0224609375 
1 0.5908203125 0.591796875 0.0224609375 0.0224609375 
0 0.4521484375 0.435546875 0.021484375 0.021484375 
0 0.4814453125 0.1923828125 0.0224609375 0.0224609375 
1 0.48046875 0.5244140625 0.0224609375 0.0224609375 
1 0.3564453125 0.34765625 0.0224609375 0.0224609375 
0 0.41015625 0.4990234375 0.0234375 0.0234375 
0 0.623046875 0.126953125 0.021484375 0.021484375 
0 0.6123046875 0.2236328125 0.021484375 0.021484375 
0 0.5625 0.5166015625 0.0224609375 0.0224609375 
1 0.53125 0.744140625 0.0224609375 0.0224609375 
0 0.44140625 0.216796875 0.021484375 0.021484375 
0 0.345703125 0.1923828125 0.0234375 0.0234375 
1 0.4033203125 0.3798828125 0.021484375 0.021484375 
0 0.50390625 0.81640625 0.0224609375 0.0224609375 
1 0.6220703125 0.419921875 0.021484375 0.021484375 
0 0.45703125 0.1181640625 0.0234375 0.0234375 
