1 0.5390625 0.755859375 0.0234375 0.0234375 
0 0.4951171875 0.400390625 0.0224609375 0.0224609375 
0 0.564453125 0.5849609375 0.021484375 0.021484375 
0 0.3837890625 0.18359375 0.0224609375 0.0224609375 
1 0.533203125 0.76953125 0.021484375 0.021484375 
0 0.537109375 0.54296875 0.021484375 0.021484375 
0 0.509765625 0.634765625 0.0234375 0.0234375 
1 0.6015625 0.4345703125 0.021484375 0.021484375 
1 0.619140625 0.244140625 0.0224609375 0.0224609375 
0 0.4794921875 0.359375 0.0234375 0.0234375 
0 0.30859375 0.193359375 0.021484375 0.021484375 
1 0.5322265625 0.3408203125 0.021484375 0.021484375 
0 0.509765625 0.453125 0.0224609375 0.0224609375 
0 0.45703125 0.833984375 0.025390625 0.025390625 
0 0.4013671875 0.564453125 0.021484375 0.021484375 
0 0.5146484375 0.041015625 0.0234375 0.0234375 
0 0.4091796875 0.431640625 0.0234375 0.0234375 
0 0.6318359375 0.03125 0.021484375 0.021484375 
0 0.5126953125 0.2578125 0.021484375 0.021484375 
0 0.57421875 0.126953125 0.021484375 0.021484375 
0 0.5869140625 0.392578125 0.0234375 0.0234375 
0 0.5029296875 0.6484375 0.0234375 0.0234375 
0 0.4052734375 0.48828125 0.0234375 0.0234375 
0 0.4033203125 0.361328125 0.0234375 0.0234375 
0 0.484375 0.4248046875 0.0234375 0.0234375 
0 0.3525390625 0.0751953125 0.021484375 0.021484375 
0 0.59375 0.369140625 0.021484375 0.021484375 
0 0.5908203125 0.078125 0.021484375 0.021484375 
1 0.4501953125 0.408203125 0.021484375 0.021484375 
0 0.564453125 0.6171875 0.0224609375 0.0224609375 
0 0.470703125 0.552734375 0.0234375 0.0234375 
0 0.494140625 0.55859375 0.0234375 0.0234375 
0 0.44921875 0.1435546875 0.021484375 0.021484375 
0 0.587890625 0.611328125 0.0224609375 0.0224609375 
0 0.6142578125 0.13671875 0.0224609375 0.0224609375 
0 0.568359375 0.2900390625 0.021484375 0.021484375 
0 0.6904296875 0.033203125 0.021484375 0.021484375 
1 0.4228515625 0.11328125 0.0224609375 0.0224609375 
0 0.435546875 0.6455078125 0.0224609375 0.0224609375 
0 0.419921875 0.23828125 0.0224609375 0.0224609375 
0 0.376953125 0.4853515625 0.0234375 0.0234375 
1 0.4501953125 0.3564453125 0.021484375 0.021484375 
0 0.5888671875 0.4208984375 0.021484375 0.021484375 
0 0.59375 0.0478515625 0.021484375 0.021484375 
1 0.4423828125 0.7275390625 0.021484375 0.021484375 
1 0.369140625 0.1513671875 0.021484375 0.021484375 
1 0.478515625 0.7763671875 0.021484375 0.021484375 
0 0.421875 0.5283203125 0.0234375 0.0234375 
0 0.625 0.3857421875 0.0224609375 0.0224609375 
0 0.490234375 0.2373046875 0.0234375 0.0234375 
0 0.388671875 0.115234375 0.021484375 0.021484375 
0 0.390625 0.4697265625 0.0224609375 0.0224609375 
1 0.5791015625 0.5693359375 0.021484375 0.021484375 
0 0.568359375 0.1806640625 0.021484375 0.021484375 
1 0.6015625 0.4052734375 0.021484375 0.021484375 
0 0.3125 0.0634765625 0.0234375 0.0234375 
0 0.546875 0.5966796875 0.0234375 0.0234375 
1 0.4892578125 0.599609375 0.0224609375 0.0224609375 
0 0.5478515625 0.509765625 0.021484375 0.021484375 
0 0.4677734375 0.0361328125 0.021484375 0.021484375 
0 0.30078125 0.1162109375 0.021484375 0.021484375 
1 0.5224609375 0.59375 0.0224609375 0.0224609375 
0 0.5927734375 0.1240234375 0.0234375 0.0234375 
0 0.439453125 0.2783203125 0.0234375 0.0234375 
0 0.5107421875 0.79296875 0.025390625 0.025390625 
0 0.640625 0.0966796875 0.021484375 0.021484375 
0 0.5478515625 0.03515625 0.021484375 0.021484375 
0 0.5859375 0.1025390625 0.021484375 0.021484375 
0 0.521484375 0.1083984375 0.021484375 0.021484375 
0 0.41015625 0.26171875 0.0224609375 0.0224609375 
0 0.5234375 0.16796875 0.0224609375 0.0224609375 
0 0.6474609375 0.205078125 0.021484375 0.021484375 
0 0.447265625 0.2080078125 0.0234375 0.0234375 
0 0.439453125 0.5283203125 0.021484375 0.021484375 
0 0.6591796875 0.2919921875 0.021484375 0.021484375 
0 0.455078125 0.2451171875 0.0234375 0.0234375 
0 0.3818359375 0.21875 0.0224609375 0.0224609375 
0 0.6728515625 0.1220703125 0.021484375 0.021484375 
0 0.61328125 0.4951171875 0.021484375 0.021484375 
0 0.46875 0.1728515625 0.021484375 0.021484375 
1 0.6669921875 0.2685546875 0.0224609375 0.0224609375 
0 0.380859375 0.0908203125 0.021484375 0.021484375 
0 0.388671875 0.2626953125 0.0234375 0.0234375 
0 0.5908203125 0.2353515625 0.0234375 0.0234375 
0 0.4697265625 0.5693359375 0.021484375 0.021484375 
1 0.5888671875 0.2666015625 0.021484375 0.021484375 
0 0.552734375 0.7470703125 0.0234375 0.0234375 
0 0.568359375 0.4501953125 0.021484375 0.021484375 
0 0.6474609375 0.232421875 0.0234375 0.0234375 
1 0.6181640625 0.216796875 0.021484375 0.021484375 
0 0.5673828125 0.4345703125 0.0234375 0.0234375 
0 0.5341796875 0.0732421875 0.021484375 0.021484375 
1 0.384765625 0.52734375 0.021484375 0.021484375 
0 0.5654296875 0.3466796875 0.0224609375 0.0224609375 
0 0.421875 0.6796875 0.021484375 0.021484375 
0 0.337890625 0.3349609375 0.021484375 0.021484375 
0 0.53125 0.6357421875 0.021484375 0.021484375 
0 0.69140625 0.1123046875 0.021484375 0.021484375 
1 0.6064453125 0.478515625 0.021484375 0.021484375 
0 0.64453125 0.2529296875 0.021484375 0.021484375 
0 0.4482421875 0.7705078125 0.01953125 0.01953125 
1 0.47265625 0.4013671875 0.0224609375 0.0224609375 
1 0.3310546875 0.310546875 0.0224609375 0.0224609375 
0 0.37109375 0.306640625 0.021484375 0.021484375 
0 0.478515625 0.0849609375 0.0224609375 0.0224609375 
1 0.3486328125 0.2900390625 0.021484375 0.021484375 
1 0.4091796875 0.4619140625 0.021484375 0.021484375 
0 0.41015625 0.05859375 0.0234375 0.0234375 
0 0.6181640625 0.0888671875 0.0234375 0.0234375 
0 0.47265625 0.5068359375 0.021484375 0.021484375 
0 0.361328125 0.19140625 0.021484375 0.021484375 
0 0.6171875 0.267578125 0.0234375 0.0234375 
1 0.462890625 0.73046875 0.021484375 0.021484375 
1 0.521484375 0.814453125 0.021484375 0.021484375 
0 0.4130859375 0.220703125 0.0234375 0.0234375 
0 0.556640625 0.3837890625 0.021484375 0.021484375 
0 0.373046875 0.283203125 0.021484375 0.021484375 
0 0.3212890625 0.0888671875 0.021484375 0.021484375 
0 0.423828125 0.65625 0.021484375 0.021484375 
1 0.3515625 0.271484375 0.0224609375 0.0224609375 
0 0.5126953125 0.869140625 0.01953125 0.01953125 
0 0.4345703125 0.6162109375 0.021484375 0.021484375 
1 0.5615234375 0.7177734375 0.021484375 0.021484375 
1 0.4951171875 0.7255859375 0.0224609375 0.0224609375 
1 0.533203125 0.47265625 0.021484375 0.021484375 
0 0.345703125 0.2578125 0.021484375 0.021484375 
1 0.5302734375 0.873046875 0.0234375 0.0234375 
0 0.2841796875 0.0517578125 0.0234375 0.0234375 
0 0.5576171875 0.2265625 0.021484375 0.021484375 
0 0.5419921875 0.5693359375 0.0234375 0.0234375 
0 0.556640625 0.1005859375 0.0224609375 0.0224609375 
0 0.486328125 0.056640625 0.021484375 0.021484375 
0 0.5791015625 0.474609375 0.021484375 0.021484375 
0 0.4443359375 0.091796875 0.0234375 0.0234375 
1 0.576171875 0.07421875 0.021484375 0.021484375 
0 0.40625 0.17578125 0.021484375 0.021484375 
0 0.4599609375 0.6630859375 0.0234375 0.0234375 
1 0.7138671875 0.0556640625 0.0224609375 0.0224609375 
0 0.5771484375 0.1552734375 0.021484375 0.021484375 
0 0.447265625 0.5751953125 0.0234375 0.0234375 
0 0.5791015625 0.63671875 0.0234375 0.0234375 
0 0.5556640625 0.64453125 0.021484375 0.021484375 
0 0.6142578125 0.201171875 0.021484375 0.021484375 
1 0.4921875 0.8056640625 0.021484375 0.021484375 
