0 0.576171875 0.24609375 0.021484375 0.021484375 
0 0.5927734375 0.2890625 0.0224609375 0.0224609375 
0 0.484375 0.55859375 0.021484375 0.021484375 
1 0.5810546875 0.0400390625 0.021484375 0.021484375 
1 0.4111328125 0.5302734375 0.021484375 0.021484375 
0 0.5986328125 0.3037109375 0.021484375 0.021484375 
0 0.6103515625 0.115234375 0.021484375 0.021484375 
0 0.6806640625 0.1171875 0.0234375 0.0234375 
0 0.5595703125 0.1201171875 0.021484375 0.021484375 
1 0.5166015625 0.12109375 0.021484375 0.021484375 
0 0.431640625 0.4775390625 0.021484375 0.021484375 
0 0.392578125 0.1982421875 0.021484375 0.021484375 
0 0.3720703125 0.234375 0.0234375 0.0234375 
0 0.4931640625 0.66796875 0.021484375 0.021484375 
0 0.564453125 0.0810546875 0.0234375 0.0234375 
0 0.4541015625 0.3994140625 0.0234375 0.0234375 
0 0.3544921875 0.3212890625 0.021484375 0.021484375 
1 0.572265625 0.3466796875 0.0224609375 0.0224609375 
1 0.529296875 0.1494140625 0.0224609375 0.0224609375 
0 0.42578125 0.1376953125 0.021484375 0.021484375 
0 0.6123046875 0.2822265625 0.021484375 0.021484375 
1 0.50390625 0.103515625 0.0224609375 0.0224609375 
0 0.578125 0.5546875 0.021484375 0.021484375 
0 0.412109375 0.45703125 0.021484375 0.021484375 
0 0.458984375 0.2998046875 0.0234375 0.0234375 
1 0.3662109375 0.2041015625 0.021484375 0.021484375 
0 0.419921875 0.2626953125 0.0234375 0.0234375 
0 0.3857421875 0.4736328125 0.0234375 0.0234375 
0 0.48046875 0.1357421875 0.0234375 0.0234375 
0 0.5458984375 0.6435546875 0.021484375 0.021484375 
0 0.462890625 0.16015625 0.021484375 0.021484375 
0 0.466796875 0.5888671875 0.0234375 0.0234375 
0 0.5927734375 0.388671875 0.021484375 0.021484375 
0 0.4541015625 0.6533203125 0.021484375 0.021484375 
0 0.46484375 0.4755859375 0.021484375 0.021484375 
0 0.3837890625 0.1806640625 0.0234375 0.0234375 
0 0.380859375 0.2529296875 0.021484375 0.021484375 
0 0.5517578125 0.365234375 0.0234375 0.0234375 
0 0.486328125 0.5048828125 0.0234375 0.0234375 
1 0.6533203125 0.1884765625 0.021484375 0.021484375 
0 0.455078125 0.552734375 0.0224609375 0.0224609375 
1 0.5908203125 0.1171875 0.021484375 0.021484375 
0 0.5322265625 0.44140625 0.021484375 0.021484375 
0 0.33203125 0.1064453125 0.0234375 0.0234375 
0 0.6083984375 0.3388671875 0.021484375 0.021484375 
0 0.5859375 0.4677734375 0.0234375 0.0234375 
0 0.4853515625 0.31640625 0.021484375 0.021484375 
1 0.4345703125 0.6552734375 0.021484375 0.021484375 
0 0.4521484375 0.7822265625 0.021484375 0.021484375 
0 0.388671875 0.03125 0.021484375 0.021484375 
0 0.322265625 0.25390625 0.021484375 0.021484375 
0 0.6337890625 0.140625 0.0224609375 0.0224609375 
0 0.611328125 0.1953125 0.0224609375 0.0224609375 
0 0.6181640625 0.150390625 0.0234375 0.0234375 
0 0.4990234375 0.7548828125 0.0234375 0.0234375 
1 0.357421875 0.25 0.021484375 0.021484375 
0 0.53125 0.740234375 0.021484375 0.021484375 
1 0.626953125 0.349609375 0.021484375 0.021484375 
0 0.578125 0.693359375 0.021484375 0.021484375 
0 0.4111328125 0.064453125 0.021484375 0.021484375 
0 0.4970703125 0.4404296875 0.021484375 0.021484375 
0 0.5224609375 0.7822265625 0.0234375 0.0234375 
0 0.439453125 0.7548828125 0.021484375 0.021484375 
1 0.447265625 0.041015625 0.021484375 0.021484375 
0 0.4423828125 0.5966796875 0.021484375 0.021484375 
1 0.357421875 0.40625 0.021484375 0.021484375 
1 0.57421875 0.1240234375 0.021484375 0.021484375 
0 0.521484375 0.21875 0.021484375 0.021484375 
0 0.5126953125 0.6376953125 0.021484375 0.021484375 
1 0.5732421875 0.302734375 0.021484375 0.021484375 
0 0.521484375 0.5322265625 0.0234375 0.0234375 
1 0.638671875 0.201171875 0.021484375 0.021484375 
1 0.671875 0.2529296875 0.021484375 0.021484375 
0 0.515625 0.8876953125 0.025390625 0.025390625 
0 0.4912109375 0.2294921875 0.0234375 0.0234375 
1 0.5087890625 0.3134765625 0.0224609375 0.0224609375 
0 0.4345703125 0.6953125 0.021484375 0.021484375 
0 0.451171875 0.6171875 0.021484375 0.021484375 
1 0.5107421875 0.486328125 0.021484375 0.021484375 
1 0.6220703125 0.3681640625 0.021484375 0.021484375 
0 0.2919921875 0.0478515625 0.021484375 0.021484375 
0 0.583984375 0.4521484375 0.0224609375 0.0224609375 
1 0.5390625 0.689453125 0.0224609375 0.0224609375 
0 0.427734375 0.158203125 0.0234375 0.0234375 
1 0.505859375 0.21875 0.021484375 0.021484375 
0 0.337890625 0.04296875 0.0234375 0.0234375 
0 0.4775390625 0.298828125 0.0234375 0.0234375 
0 0.4775390625 0.66015625 0.021484375 0.021484375 
0 0.546875 0.091796875 0.021484375 0.021484375 
1 0.61328125 0.322265625 0.021484375 0.021484375 
