1 0.2724609375 0.0302734375 0.021484375 0.021484375 
0 0.587890625 0.2607421875 0.0234375 0.0234375 
0 0.45703125 0.2626953125 0.021484375 0.021484375 
1 0.623046875 0.1357421875 0.0224609375 0.0224609375 
0 0.3134765625 0.2353515625 0.0234375 0.0234375 
1 0.318359375 0.1416015625 0.0224609375 0.0224609375 
1 0.5234375 0.5205078125 0.021484375 0.021484375 
0 0.6630859375 0.1767578125 0.0224609375 0.0224609375 
0 0.4501953125 0.7666015625 0.01953125 0.01953125 
0 0.3896484375 0.044921875 0.021484375 0.021484375 
0 0.5654296875 0.1591796875 0.0234375 0.0234375 
0 0.556640625 0.740234375 0.0234375 0.0234375 
0 0.4462890625 0.7275390625 0.021484375 0.021484375 
1 0.4072265625 0.041015625 0.021484375 0.021484375 
0 0.505859375 0.693359375 0.021484375 0.021484375 
1 0.650390625 0.3076171875 0.0224609375 0.0224609375 
1 0.3837890625 0.1318359375 0.0224609375 0.0224609375 
1 0.5517578125 0.1923828125 0.0224609375 0.0224609375 
0 0.533203125 0.4404296875 0.0234375 0.0234375 
0 0.369140625 0.056640625 0.021484375 0.021484375 
0 0.41796875 0.5400390625 0.021484375 0.021484375 
0 0.5419921875 0.54296875 0.0234375 0.0234375 
0 0.421875 0.470703125 0.0234375 0.0234375 
0 0.39453125 0.2900390625 0.0234375 0.0234375 
1 0.4970703125 0.896484375 0.0234375 0.0234375 
0 0.4853515625 0.240234375 0.021484375 0.021484375 
0 0.4921875 0.4150390625 0.0234375 0.0234375 
0 0.470703125 0.880859375 0.025390625 0.025390625 
1 0.3681640625 0.078125 0.021484375 0.021484375 
1 0.3671875 0.408203125 0.0224609375 0.0224609375 
0 0.478515625 0.8173828125 0.025390625 0.025390625 
1 0.5478515625 0.6357421875 0.021484375 0.021484375 
0 0.564453125 0.32421875 0.0234375 0.0234375 
0 0.44140625 0.15625 0.0234375 0.0234375 
0 0.4892578125 0.564453125 0.0234375 0.0234375 
0 0.6025390625 0.43359375 0.0234375 0.0234375 
0 0.4501953125 0.330078125 0.0234375 0.0234375 
0 0.5390625 0.1318359375 0.021484375 0.021484375 
0 0.34765625 0.171875 0.0234375 0.0234375 
1 0.4599609375 0.1689453125 0.021484375 0.021484375 
1 0.39453125 0.2236328125 0.021484375 0.021484375 
0 0.478515625 0.61328125 0.021484375 0.021484375 
0 0.478515625 0.216796875 0.021484375 0.021484375 
0 0.537109375 0.6591796875 0.0234375 0.0234375 
0 0.5556640625 0.5703125 0.0234375 0.0234375 
0 0.30859375 0.109375 0.021484375 0.021484375 
0 0.4658203125 0.5576171875 0.0234375 0.0234375 
0 0.4619140625 0.45703125 0.021484375 0.021484375 
0 0.6083984375 0.17578125 0.021484375 0.021484375 
0 0.6435546875 0.357421875 0.0234375 0.0234375 
0 0.4423828125 0.34765625 0.021484375 0.021484375 
1 0.5244140625 0.1591796875 0.0224609375 0.0224609375 
0 0.486328125 0.5498046875 0.021484375 0.021484375 
0 0.46484375 0.107421875 0.021484375 0.021484375 
0 0.498046875 0.728515625 0.0234375 0.0234375 
1 0.3994140625 0.5556640625 0.021484375 0.021484375 
0 0.4091796875 0.208984375 0.0224609375 0.0224609375 
0 0.5400390625 0.080078125 0.021484375 0.021484375 
0 0.5556640625 0.8037109375 0.021484375 0.021484375 
0 0.623046875 0.0576171875 0.0224609375 0.0224609375 
1 0.3466796875 0.2861328125 0.021484375 0.021484375 
0 0.3193359375 0.25 0.021484375 0.021484375 
0 0.4462890625 0.232421875 0.0224609375 0.0224609375 
0 0.4267578125 0.322265625 0.021484375 0.021484375 
1 0.5615234375 0.7236328125 0.021484375 0.021484375 
0 0.3671875 0.2578125 0.021484375 0.021484375 
0 0.4736328125 0.58203125 0.021484375 0.021484375 
1 0.4140625 0.6513671875 0.021484375 0.021484375 
0 0.4814453125 0.66015625 0.0234375 0.0234375 
1 0.5888671875 0.42578125 0.021484375 0.021484375 
1 0.525390625 0.5390625 0.0224609375 0.0224609375 
1 0.5830078125 0.130859375 0.021484375 0.021484375 
0 0.5302734375 0.69921875 0.0224609375 0.0224609375 
0 0.396484375 0.5859375 0.021484375 0.021484375 
0 0.546875 0.234375 0.021484375 0.021484375 
1 0.4931640625 0.640625 0.0224609375 0.0224609375 
0 0.6201171875 0.45703125 0.0234375 0.0234375 
0 0.4443359375 0.798828125 0.025390625 0.025390625 
1 0.5322265625 0.3427734375 0.0224609375 0.0224609375 
1 0.4326171875 0.580078125 0.021484375 0.021484375 
