0 0.4326171875 0.095703125 0.0234375 0.0234375 
0 0.544921875 0.6435546875 0.021484375 0.021484375 
0 0.478515625 0.4111328125 0.021484375 0.021484375 
0 0.455078125 0.5927734375 0.0224609375 0.0224609375 
0 0.5146484375 0.205078125 0.021484375 0.021484375 
0 0.7109375 0.048828125 0.0234375 0.0234375 
0 0.5283203125 0.541015625 0.021484375 0.021484375 
0 0.6025390625 0.193359375 0.021484375 0.021484375 
0 0.3017578125 0.158203125 0.021484375 0.021484375 
0 0.4580078125 0.8564453125 0.025390625 0.025390625 
0 0.3798828125 0.5078125 0.021484375 0.021484375 
0 0.5625 0.4296875 0.0224609375 0.0224609375 
0 0.416015625 0.56640625 0.0234375 0.0234375 
1 0.5556640625 0.1044921875 0.0224609375 0.0224609375 
0 0.533203125 0.048828125 0.021484375 0.021484375 
0 0.4677734375 0.0693359375 0.021484375 0.021484375 
0 0.50390625 0.4111328125 0.0234375 0.0234375 
0 0.67578125 0.125 0.0224609375 0.0224609375 
0 0.662109375 0.0849609375 0.021484375 0.021484375 
0 0.50390625 0.330078125 0.021484375 0.021484375 
0 0.4287109375 0.1904296875 0.0234375 0.0234375 
0 0.41796875 0.205078125 0.021484375 0.021484375 
0 0.6376953125 0.4208984375 0.0224609375 0.0224609375 
1 0.35546875 0.2783203125 0.021484375 0.021484375 
0 0.5537109375 0.6845703125 0.0234375 0.0234375 
0 0.51953125 0.40234375 0.021484375 0.021484375 
0 0.5048828125 0.6796875 0.021484375 0.021484375 
0 0.595703125 0.3837890625 0.021484375 0.021484375 
1 0.529296875 0.5048828125 0.0224609375 0.0224609375 
1 0.7177734375 0.03125 0.021484375 0.021484375 
0 0.48046875 0.5263671875 0.021484375 0.021484375 
0 0.3095703125 0.033203125 0.021484375 0.021484375 
0 0.369140625 0.15625 0.0234375 0.0234375 
0 0.5185546875 0.7216796875 0.021484375 0.021484375 
0 0.6044921875 0.173828125 0.021484375 0.021484375 
0 0.548828125 0.7978515625 0.025390625 0.025390625 
0 0.4375 0.4208984375 0.0234375 0.0234375 
0 0.5009765625 0.76953125 0.0234375 0.0234375 
1 0.5888671875 0.4794921875 0.021484375 0.021484375 
0 0.5771484375 0.4423828125 0.0224609375 0.0224609375 
0 0.5888671875 0.083984375 0.0234375 0.0234375 
1 0.4921875 0.1337890625 0.021484375 0.021484375 
0 0.60546875 0.078125 0.0224609375 0.0224609375 
1 0.4482421875 0.501953125 0.0224609375 0.0224609375 
0 0.6064453125 0.564453125 0.021484375 0.021484375 
0 0.4140625 0.4345703125 0.021484375 0.021484375 
0 0.5439453125 0.6591796875 0.0224609375 0.0224609375 
0 0.625 0.0615234375 0.021484375 0.021484375 
0 0.5546875 0.333984375 0.0234375 0.0234375 
0 0.365234375 0.125 0.021484375 0.021484375 
1 0.451171875 0.5185546875 0.0224609375 0.0224609375 
0 0.40625 0.3603515625 0.021484375 0.021484375 
1 0.623046875 0.455078125 0.021484375 0.021484375 
0 0.369140625 0.2265625 0.021484375 0.021484375 
0 0.3994140625 0.3828125 0.021484375 0.021484375 
1 0.6435546875 0.35546875 0.021484375 0.021484375 
0 0.412109375 0.51171875 0.0234375 0.0234375 
0 0.521484375 0.2529296875 0.0234375 0.0234375 
0 0.390625 0.2880859375 0.021484375 0.021484375 
1 0.5390625 0.064453125 0.0224609375 0.0224609375 
1 0.458984375 0.091796875 0.021484375 0.021484375 
1 0.466796875 0.2548828125 0.021484375 0.021484375 
0 0.4345703125 0.1240234375 0.021484375 0.021484375 
0 0.4111328125 0.2392578125 0.021484375 0.021484375 
0 0.43359375 0.28515625 0.021484375 0.021484375 
0 0.5791015625 0.53125 0.0234375 0.0234375 
0 0.44140625 0.4677734375 0.0234375 0.0234375 
0 0.5146484375 0.365234375 0.0234375 0.0234375 
1 0.451171875 0.572265625 0.021484375 0.021484375 
0 0.4970703125 0.58984375 0.021484375 0.021484375 
1 0.5546875 0.158203125 0.0224609375 0.0224609375 
1 0.642578125 0.0732421875 0.021484375 0.021484375 
1 0.431640625 0.3203125 0.021484375 0.021484375 
0 0.5224609375 0.7451171875 0.021484375 0.021484375 
1 0.474609375 0.6904296875 0.021484375 0.021484375 
0 0.6962890625 0.0791015625 0.0234375 0.0234375 
1 0.583984375 0.1943359375 0.0224609375 0.0224609375 
0 0.2841796875 0.11328125 0.021484375 0.021484375 
0 0.5703125 0.689453125 0.0234375 0.0234375 
0 0.6669921875 0.20703125 0.021484375 0.021484375 
0 0.52734375 0.1494140625 0.021484375 0.021484375 
0 0.4033203125 0.056640625 0.021484375 0.021484375 
0 0.47265625 0.349609375 0.021484375 0.021484375 
0 0.3837890625 0.2294921875 0.0234375 0.0234375 
0 0.6640625 0.041015625 0.021484375 0.021484375 
1 0.5390625 0.6240234375 0.021484375 0.021484375 
0 0.5224609375 0.8642578125 0.0224609375 0.0224609375 
1 0.5087890625 0.37890625 0.021484375 0.021484375 
0 0.5751953125 0.2197265625 0.0224609375 0.0224609375 
1 0.4228515625 0.544921875 0.0224609375 0.0224609375 
1 0.64453125 0.1455078125 0.021484375 0.021484375 
1 0.51171875 0.8955078125 0.0234375 0.0234375 
0 0.44921875 0.3779296875 0.0224609375 0.0224609375 
0 0.412109375 0.2763671875 0.0234375 0.0234375 
0 0.345703125 0.060546875 0.0234375 0.0234375 
1 0.6142578125 0.103515625 0.021484375 0.021484375 
0 0.3173828125 0.1279296875 0.021484375 0.021484375 
0 0.4912109375 0.654296875 0.021484375 0.021484375 
0 0.34765625 0.119140625 0.021484375 0.021484375 
0 0.5810546875 0.46484375 0.021484375 0.021484375 
0 0.6259765625 0.08984375 0.021484375 0.021484375 
0 0.462890625 0.7705078125 0.0224609375 0.0224609375 
1 0.505859375 0.2998046875 0.021484375 0.021484375 
1 0.5166015625 0.5810546875 0.021484375 0.021484375 
1 0.5595703125 0.51171875 0.0224609375 0.0224609375 
1 0.6064453125 0.3701171875 0.021484375 0.021484375 
0 0.44921875 0.1943359375 0.021484375 0.021484375 
1 0.4755859375 0.0302734375 0.021484375 0.021484375 
0 0.6162109375 0.3173828125 0.021484375 0.021484375 
1 0.3740234375 0.2119140625 0.021484375 0.021484375 
0 0.4736328125 0.298828125 0.0234375 0.0234375 
0 0.5146484375 0.7587890625 0.01953125 0.01953125 
