0 0.3876953125 0.4736328125 0.0234375 0.0234375 
0 0.353515625 0.203125 0.0224609375 0.0224609375 
1 0.5390625 0.5693359375 0.0224609375 0.0224609375 
0 0.5048828125 0.5634765625 0.021484375 0.021484375 
0 0.5830078125 0.65625 0.0234375 0.0234375 
0 0.474609375 0.095703125 0.021484375 0.021484375 
0 0.521484375 0.1572265625 0.0234375 0.0234375 
1 0.59765625 0.078125 0.0224609375 0.0224609375 
0 0.6875 0.09375 0.0234375 0.0234375 
0 0.42578125 0.4970703125 0.0234375 0.0234375 
1 0.595703125 0.2978515625 0.021484375 0.021484375 
1 0.3251953125 0.2109375 0.021484375 0.021484375 
0 0.7021484375 0.060546875 0.021484375 0.021484375 
0 0.58203125 0.5244140625 0.021484375 0.021484375 
1 0.439453125 0.3583984375 0.0224609375 0.0224609375 
0 0.384765625 0.1240234375 0.0234375 0.0234375 
0 0.345703125 0.3115234375 0.021484375 0.021484375 
1 0.5556640625 0.0341796875 0.0224609375 0.0224609375 
1 0.4853515625 0.1416015625 0.021484375 0.021484375 
0 0.67578125 0.15234375 0.0234375 0.0234375 
0 0.5107421875 0.0986328125 0.0234375 0.0234375 
0 0.5205078125 0.03515625 0.021484375 0.021484375 
0 0.3701171875 0.1962890625 0.0224609375 0.0224609375 
0 0.4794921875 0.828125 0.0234375 0.0234375 
1 0.2744140625 0.0439453125 0.021484375 0.021484375 
0 0.51953125 0.328125 0.0234375 0.0234375 
0 0.455078125 0.3154296875 0.0234375 0.0234375 
0 0.5185546875 0.6103515625 0.021484375 0.021484375 
0 0.4658203125 0.14453125 0.0234375 0.0234375 
0 0.4990234375 0.8330078125 0.0224609375 0.0224609375 
0 0.6240234375 0.158203125 0.0234375 0.0234375 
0 0.4111328125 0.31640625 0.0234375 0.0234375 
1 0.5625 0.3876953125 0.0224609375 0.0224609375 
0 0.455078125 0.45703125 0.0234375 0.0234375 
0 0.5361328125 0.833984375 0.025390625 0.025390625 
0 0.3798828125 0.0849609375 0.021484375 0.021484375 
0 0.5009765625 0.53515625 0.0234375 0.0234375 
0 0.3818359375 0.0556640625 0.0224609375 0.0224609375 
1 0.60546875 0.4833984375 0.0224609375 0.0224609375 
0 0.658203125 0.0390625 0.0234375 0.0234375 
0 0.576171875 0.0947265625 0.0234375 0.0234375 
0 0.5283203125 0.5498046875 0.021484375 0.021484375 
0 0.513671875 0.30859375 0.0234375 0.0234375 
0 0.359375 0.177734375 0.021484375 0.021484375 
0 0.291015625 0.1103515625 0.021484375 0.021484375 
0 0.5947265625 0.1630859375 0.0234375 0.0234375 
0 0.408203125 0.609375 0.021484375 0.021484375 
1 0.6611328125 0.3017578125 0.021484375 0.021484375 
0 0.52734375 0.7978515625 0.021484375 0.021484375 
0 0.4375 0.19921875 0.021484375 0.021484375 
0 0.59375 0.580078125 0.0234375 0.0234375 
0 0.5859375 0.5556640625 0.0234375 0.0234375 
0 0.3271484375 0.0673828125 0.021484375 0.021484375 
0 0.5078125 0.275390625 0.0234375 0.0234375 
0 0.3916015625 0.0693359375 0.0234375 0.0234375 
0 0.4755859375 0.5244140625 0.0234375 0.0234375 
1 0.6484375 0.1728515625 0.0224609375 0.0224609375 
0 0.4912109375 0.4140625 0.021484375 0.021484375 
0 0.4052734375 0.5771484375 0.021484375 0.021484375 
1 0.4423828125 0.341796875 0.021484375 0.021484375 
0 0.5693359375 0.408203125 0.021484375 0.021484375 
0 0.634765625 0.0595703125 0.021484375 0.021484375 
0 0.3642578125 0.3828125 0.021484375 0.021484375 
0 0.4306640625 0.0966796875 0.0234375 0.0234375 
1 0.4560546875 0.107421875 0.0224609375 0.0224609375 
1 0.4912109375 0.44140625 0.021484375 0.021484375 
0 0.51953125 0.8134765625 0.0224609375 0.0224609375 
0 0.6064453125 0.09765625 0.0234375 0.0234375 
0 0.4873046875 0.705078125 0.021484375 0.021484375 
1 0.44140625 0.6494140625 0.021484375 0.021484375 
0 0.6796875 0.0673828125 0.0234375 0.0234375 
1 0.6162109375 0.451171875 0.021484375 0.021484375 
1 0.48046875 0.6767578125 0.021484375 0.021484375 
0 0.576171875 0.69921875 0.021484375 0.021484375 
1 0.5791015625 0.119140625 0.0224609375 0.0224609375 
0 0.6357421875 0.2490234375 0.021484375 0.021484375 
0 0.623046875 0.0810546875 0.0234375 0.0234375 
0 0.61328125 0.5302734375 0.0224609375 0.0224609375 
1 0.5634765625 0.0712890625 0.021484375 0.021484375 
1 0.513671875 0.74609375 0.0224609375 0.0224609375 
0 0.470703125 0.267578125 0.021484375 0.021484375 
0 0.615234375 0.21875 0.021484375 0.021484375 
0 0.55859375 0.3310546875 0.021484375 0.021484375 
0 0.439453125 0.2646484375 0.021484375 0.021484375 
