0 0.5673828125 0.2548828125 0.021484375 0.021484375 
1 0.5 0.2978515625 0.021484375 0.021484375 
1 0.5732421875 0.0537109375 0.021484375 0.021484375 
0 0.4912109375 0.3291015625 0.0234375 0.0234375 
0 0.3095703125 0.0302734375 0.021484375 0.021484375 
1 0.5966796875 0.4609375 0.021484375 0.021484375 
0 0.5 0.8203125 0.01953125 0.01953125 
0 0.328125 0.1015625 0.021484375 0.021484375 
0 0.552734375 0.365234375 0.0234375 0.0234375 
0 0.3916015625 0.4921875 0.0234375 0.0234375 
0 0.5458984375 0.603515625 0.021484375 0.021484375 
0 0.34765625 0.1259765625 0.0224609375 0.0224609375 
0 0.55078125 0.8154296875 0.021484375 0.021484375 
1 0.7080078125 0.0341796875 0.021484375 0.021484375 
0 0.3720703125 0.091796875 0.021484375 0.021484375 
0 0.5244140625 0.3193359375 0.021484375 0.021484375 
0 0.4091796875 0.271484375 0.0234375 0.0234375 
1 0.56640625 0.095703125 0.021484375 0.021484375 
0 0.447265625 0.583984375 0.021484375 0.021484375 
0 0.5751953125 0.3330078125 0.0224609375 0.0224609375 
1 0.541015625 0.03125 0.0224609375 0.0224609375 
0 0.4306640625 0.7490234375 0.021484375 0.021484375 
0 0.505859375 0.6279296875 0.021484375 0.021484375 
1 0.4951171875 0.1435546875 0.021484375 0.021484375 
0 0.541015625 0.5625 0.0234375 0.0234375 
0 0.5546875 0.6552734375 0.0234375 0.0234375 
0 0.412109375 0.427734375 0.021484375 0.021484375 
0 0.4267578125 0.0498046875 0.0234375 0.0234375 
1 0.6259765625 0.16015625 0.021484375 0.021484375 
0 0.5498046875 0.294921875 0.021484375 0.021484375 
1 0.626953125 0.3134765625 0.021484375 0.021484375 
0 0.5078125 0.5439453125 0.021484375 0.021484375 
1 0.3955078125 0.12109375 0.0224609375 0.0224609375 
1 0.3916015625 0.095703125 0.021484375 0.021484375 
0 0.322265625 0.1640625 0.0234375 0.0234375 
1 0.4697265625 0.6630859375 0.021484375 0.021484375 
0 0.3984375 0.294921875 0.021484375 0.021484375 
0 0.5263671875 0.6181640625 0.0234375 0.0234375 
1 0.5703125 0.21484375 0.021484375 0.021484375 
0 0.5859375 0.29296875 0.021484375 0.021484375 
0 0.365234375 0.376953125 0.0234375 0.0234375 
1 0.580078125 0.1455078125 0.021484375 0.021484375 
0 0.591796875 0.3896484375 0.021484375 0.021484375 
0 0.6650390625 0.1748046875 0.0234375 0.0234375 
0 0.5732421875 0.1923828125 0.0224609375 0.0224609375 
0 0.6220703125 0.2900390625 0.0234375 0.0234375 
0 0.478515625 0.837890625 0.0224609375 0.0224609375 
0 0.5625 0.2314453125 0.021484375 0.021484375 
0 0.521484375 0.30078125 0.021484375 0.021484375 
0 0.40625 0.1787109375 0.0224609375 0.0224609375 
0 0.4990234375 0.4833984375 0.0234375 0.0234375 
0 0.646484375 0.107421875 0.021484375 0.021484375 
0 0.513671875 0.24609375 0.021484375 0.021484375 
1 0.4326171875 0.34765625 0.0224609375 0.0224609375 
0 0.30859375 0.1220703125 0.0234375 0.0234375 
0 0.5673828125 0.2939453125 0.021484375 0.021484375 
1 0.4931640625 0.673828125 0.021484375 0.021484375 
0 0.3818359375 0.4609375 0.021484375 0.021484375 
0 0.4287109375 0.720703125 0.0234375 0.0234375 
0 0.4814453125 0.228515625 0.021484375 0.021484375 
0 0.5283203125 0.171875 0.0234375 0.0234375 
1 0.5625 0.6259765625 0.021484375 0.021484375 
0 0.58984375 0.6318359375 0.021484375 0.021484375 
0 0.4521484375 0.1640625 0.0234375 0.0234375 
0 0.3935546875 0.23046875 0.0224609375 0.0224609375 
1 0.5888671875 0.1220703125 0.021484375 0.021484375 
0 0.5732421875 0.37109375 0.0234375 0.0234375 
0 0.4072265625 0.2080078125 0.0234375 0.0234375 
0 0.47265625 0.8837890625 0.025390625 0.025390625 
0 0.51171875 0.1865234375 0.0234375 0.0234375 
0 0.431640625 0.3203125 0.0224609375 0.0224609375 
1 0.4482421875 0.3291015625 0.0224609375 0.0224609375 
0 0.5517578125 0.080078125 0.021484375 0.021484375 
1 0.556640625 0.2744140625 0.0224609375 0.0224609375 
1 0.48828125 0.0595703125 0.021484375 0.021484375 
0 0.5546875 0.24609375 0.021484375 0.021484375 
0 0.5302734375 0.8564453125 0.021484375 0.021484375 
0 0.6083984375 0.4921875 0.021484375 0.021484375 
0 0.568359375 0.1611328125 0.021484375 0.021484375 
0 0.6845703125 0.146484375 0.021484375 0.021484375 
0 0.5205078125 0.091796875 0.0234375 0.0234375 
0 0.609375 0.1689453125 0.021484375 0.021484375 
1 0.4326171875 0.578125 0.0224609375 0.0224609375 
0 0.5595703125 0.4638671875 0.021484375 0.021484375 
0 0.392578125 0.4501953125 0.0234375 0.0234375 
0 0.5751953125 0.2734375 0.021484375 0.021484375 
0 0.517578125 0.40234375 0.021484375 0.021484375 
0 0.58984375 0.4794921875 0.0234375 0.0234375 
0 0.423828125 0.39453125 0.021484375 0.021484375 
1 0.6416015625 0.0302734375 0.0224609375 0.0224609375 
0 0.4658203125 0.396484375 0.021484375 0.021484375 
1 0.64453125 0.3330078125 0.021484375 0.021484375 
0 0.6181640625 0.03515625 0.021484375 0.021484375 
0 0.5859375 0.3486328125 0.021484375 0.021484375 
0 0.4736328125 0.3818359375 0.0234375 0.0234375 
0 0.49609375 0.0361328125 0.0234375 0.0234375 
1 0.357421875 0.2626953125 0.0224609375 0.0224609375 
1 0.65625 0.287109375 0.021484375 0.021484375 
1 0.5498046875 0.337890625 0.021484375 0.021484375 
0 0.5576171875 0.7216796875 0.0224609375 0.0224609375 
1 0.3251953125 0.138671875 0.021484375 0.021484375 
0 0.4755859375 0.5087890625 0.021484375 0.021484375 
0 0.2939453125 0.154296875 0.021484375 0.021484375 
0 0.4306640625 0.2060546875 0.0234375 0.0234375 
1 0.5087890625 0.1513671875 0.021484375 0.021484375 
0 0.376953125 0.162109375 0.021484375 0.021484375 
0 0.677734375 0.166015625 0.0234375 0.0234375 
0 0.638671875 0.3974609375 0.021484375 0.021484375 
0 0.599609375 0.0546875 0.021484375 0.021484375 
0 0.4375 0.7783203125 0.025390625 0.025390625 
1 0.458984375 0.4306640625 0.021484375 0.021484375 
0 0.5673828125 0.068359375 0.021484375 0.021484375 
0 0.4169921875 0.455078125 0.0224609375 0.0224609375 
0 0.3505859375 0.345703125 0.021484375 0.021484375 
0 0.5419921875 0.31640625 0.021484375 0.021484375 
1 0.376953125 0.2265625 0.0224609375 0.0224609375 
1 0.4912109375 0.7392578125 0.021484375 0.021484375 
0 0.3828125 0.2099609375 0.0234375 0.0234375 
0 0.51953125 0.2119140625 0.0234375 0.0234375 
