0 0.5458984375 0.296875 0.021484375 0.021484375 
0 0.4970703125 0.5009765625 0.021484375 0.021484375 
1 0.5126953125 0.72265625 0.021484375 0.021484375 
0 0.595703125 0.3857421875 0.021484375 0.021484375 
1 0.4521484375 0.7529296875 0.021484375 0.021484375 
1 0.603515625 0.173828125 0.021484375 0.021484375 
0 0.353515625 0.4013671875 0.021484375 0.021484375 
0 0.47265625 0.5576171875 0.0224609375 0.0224609375 
0 0.4892578125 0.416015625 0.0234375 0.0234375 
1 0.48046875 0.2177734375 0.021484375 0.021484375 
1 0.4453125 0.6474609375 0.0224609375 0.0224609375 
0 0.5419921875 0.537109375 0.0234375 0.0234375 
1 0.5068359375 0.1689453125 0.021484375 0.021484375 
0 0.6220703125 0.3701171875 0.0234375 0.0234375 
0 0.533203125 0.796875 0.021484375 0.021484375 
0 0.3427734375 0.353515625 0.021484375 0.021484375 
0 0.333984375 0.0703125 0.021484375 0.021484375 
0 0.5 0.341796875 0.021484375 0.021484375 
1 0.6474609375 0.0400390625 0.021484375 0.021484375 
0 0.431640625 0.443359375 0.021484375 0.021484375 
0 0.556640625 0.0927734375 0.0234375 0.0234375 
0 0.3798828125 0.0693359375 0.021484375 0.021484375 
0 0.5 0.80078125 0.025390625 0.025390625 
0 0.421875 0.2353515625 0.021484375 0.021484375 
1 0.5087890625 0.3134765625 0.021484375 0.021484375 
0 0.48046875 0.5029296875 0.021484375 0.021484375 
0 0.623046875 0.482421875 0.0234375 0.0234375 
0 0.357421875 0.2919921875 0.021484375 0.021484375 
0 0.564453125 0.2021484375 0.021484375 0.021484375 
1 0.43359375 0.314453125 0.021484375 0.021484375 
1 0.615234375 0.5302734375 0.021484375 0.021484375 
0 0.5263671875 0.2255859375 0.0234375 0.0234375 
1 0.4541015625 0.6806640625 0.021484375 0.021484375 
1 0.4208984375 0.1103515625 0.0224609375 0.0224609375 
0 0.57421875 0.564453125 0.0234375 0.0234375 
1 0.6171875 0.3310546875 0.0224609375 0.0224609375 
0 0.3173828125 0.078125 0.0234375 0.0234375 
1 0.525390625 0.1611328125 0.021484375 0.021484375 
0 0.5595703125 0.3525390625 0.021484375 0.021484375 
0 0.5615234375 0.7646484375 0.021484375 0.021484375 
0 0.681640625 0.056640625 0.021484375 0.021484375 
1 0.4033203125 0.27734375 0.021484375 0.021484375 
0 0.5 0.650390625 0.0224609375 0.0224609375 
1 0.6181640625 0.3115234375 0.021484375 0.021484375 
0 0.375 0.3828125 0.0234375 0.0234375 
0 0.4150390625 0.4462890625 0.0234375 0.0234375 
0 0.515625 0.2998046875 0.0234375 0.0234375 
0 0.4443359375 0.03125 0.0224609375 0.0224609375 
0 0.5810546875 0.271484375 0.0224609375 0.0224609375 
1 0.416015625 0.544921875 0.021484375 0.021484375 
0 0.634765625 0.3408203125 0.021484375 0.021484375 
0 0.3427734375 0.13671875 0.021484375 0.021484375 
1 0.4013671875 0.5244140625 0.021484375 0.021484375 
0 0.4306640625 0.3359375 0.021484375 0.021484375 
0 0.5869140625 0.634765625 0.021484375 0.021484375 
0 0.443359375 0.4951171875 0.021484375 0.021484375 
0 0.4140625 0.1845703125 0.021484375 0.021484375 
0 0.4326171875 0.6962890625 0.0224609375 0.0224609375 
0 0.4951171875 0.8798828125 0.0224609375 0.0224609375 
1 0.57421875 0.109375 0.021484375 0.021484375 
0 0.3564453125 0.197265625 0.021484375 0.021484375 
0 0.5322265625 0.4716796875 0.0224609375 0.0224609375 
0 0.529296875 0.69921875 0.0234375 0.0234375 
0 0.427734375 0.2509765625 0.0234375 0.0234375 
0 0.5029296875 0.8466796875 0.0234375 0.0234375 
1 0.3203125 0.23828125 0.021484375 0.021484375 
0 0.4990234375 0.779296875 0.0234375 0.0234375 
1 0.4931640625 0.830078125 0.021484375 0.021484375 
0 0.607421875 0.0517578125 0.021484375 0.021484375 
0 0.390625 0.3681640625 0.0234375 0.0234375 
1 0.541015625 0.0888671875 0.021484375 0.021484375 
0 0.4990234375 0.2392578125 0.021484375 0.021484375 
1 0.556640625 0.669921875 0.021484375 0.021484375 
0 0.478515625 0.7548828125 0.01953125 0.01953125 
1 0.6552734375 0.30078125 0.0224609375 0.0224609375 
0 0.51171875 0.23046875 0.021484375 0.021484375 
0 0.4326171875 0.7119140625 0.021484375 0.021484375 
1 0.548828125 0.1318359375 0.0224609375 0.0224609375 
0 0.5986328125 0.095703125 0.021484375 0.021484375 
0 0.505859375 0.81640625 0.0234375 0.0234375 
0 0.4775390625 0.345703125 0.0224609375 0.0224609375 
0 0.484375 0.1240234375 0.021484375 0.021484375 
0 0.552734375 0.49609375 0.021484375 0.021484375 
0 0.4443359375 0.208984375 0.021484375 0.021484375 
0 0.5087890625 0.2119140625 0.021484375 0.021484375 
0 0.4013671875 0.1533203125 0.021484375 0.021484375 
1 0.4443359375 0.1064453125 0.0224609375 0.0224609375 
1 0.6669921875 0.041015625 0.021484375 0.021484375 
1 0.52734375 0.505859375 0.021484375 0.021484375 
0 0.48046875 0.08203125 0.0234375 0.0234375 
1 0.3408203125 0.048828125 0.0224609375 0.0224609375 
0 0.5556640625 0.595703125 0.021484375 0.021484375 
0 0.345703125 0.2099609375 0.0234375 0.0234375 
0 0.330078125 0.263671875 0.021484375 0.021484375 
1 0.4755859375 0.8642578125 0.021484375 0.021484375 
0 0.5830078125 0.5771484375 0.0234375 0.0234375 
1 0.568359375 0.5224609375 0.021484375 0.021484375 
0 0.4951171875 0.3837890625 0.021484375 0.021484375 
0 0.6083984375 0.439453125 0.0234375 0.0234375 
1 0.498046875 0.400390625 0.021484375 0.021484375 
0 0.2939453125 0.064453125 0.021484375 0.021484375 
1 0.587890625 0.517578125 0.0224609375 0.0224609375 
0 0.6123046875 0.4970703125 0.021484375 0.021484375 
0 0.5546875 0.7314453125 0.021484375 0.021484375 
0 0.5537109375 0.5498046875 0.021484375 0.021484375 
1 0.6005859375 0.5654296875 0.0224609375 0.0224609375 
0 0.5302734375 0.0595703125 0.021484375 0.021484375 
1 0.4140625 0.365234375 0.0224609375 0.0224609375 
0 0.39453125 0.4140625 0.021484375 0.021484375 
1 0.421875 0.5244140625 0.021484375 0.021484375 
1 0.3974609375 0.5 0.021484375 0.021484375 
0 0.4716796875 0.6171875 0.0234375 0.0234375 
0 0.453125 0.6328125 0.0224609375 0.0224609375 
1 0.4951171875 0.3671875 0.021484375 0.021484375 
0 0.591796875 0.609375 0.0234375 0.0234375 
0 0.3486328125 0.3134765625 0.021484375 0.021484375 
0 0.451171875 0.240234375 0.0224609375 0.0224609375 
0 0.4560546875 0.27734375 0.021484375 0.021484375 
1 0.4814453125 0.810546875 0.0234375 0.0234375 
0 0.517578125 0.880859375 0.021484375 0.021484375 
0 0.62109375 0.2890625 0.021484375 0.021484375 
1 0.63671875 0.068359375 0.0224609375 0.0224609375 
0 0.3701171875 0.0361328125 0.021484375 0.021484375 
0 0.54296875 0.1103515625 0.021484375 0.021484375 
0 0.6650390625 0.185546875 0.021484375 0.021484375 
0 0.4423828125 0.361328125 0.0224609375 0.0224609375 
0 0.5498046875 0.42578125 0.021484375 0.021484375 
0 0.3330078125 0.1708984375 0.021484375 0.021484375 
1 0.5947265625 0.5322265625 0.0224609375 0.0224609375 
1 0.533203125 0.7744140625 0.0234375 0.0234375 
0 0.5126953125 0.595703125 0.021484375 0.021484375 
0 0.42578125 0.662109375 0.021484375 0.021484375 
1 0.34375 0.119140625 0.021484375 0.021484375 
0 0.3662109375 0.1259765625 0.0234375 0.0234375 
1 0.4521484375 0.71484375 0.021484375 0.021484375 
1 0.4326171875 0.73046875 0.0224609375 0.0224609375 
