0 0.509765625 0.8720703125 0.0234375 0.0234375 
0 0.50390625 0.3134765625 0.0224609375 0.0224609375 
0 0.439453125 0.5166015625 0.021484375 0.021484375 
0 0.580078125 0.6513671875 0.021484375 0.021484375 
0 0.6650390625 0.2958984375 0.021484375 0.021484375 
1 0.5048828125 0.4521484375 0.021484375 0.021484375 
0 0.47265625 0.1318359375 0.021484375 0.021484375 
0 0.3896484375 0.3876953125 0.021484375 0.021484375 
0 0.34765625 0.26953125 0.0234375 0.0234375 
1 0.4443359375 0.4677734375 0.0224609375 0.0224609375 
0 0.634765625 0.322265625 0.021484375 0.021484375 
0 0.4736328125 0.3310546875 0.021484375 0.021484375 
0 0.43359375 0.2275390625 0.0224609375 0.0224609375 
0 0.4892578125 0.490234375 0.021484375 0.021484375 
1 0.6083984375 0.080078125 0.0224609375 0.0224609375 
1 0.3779296875 0.31640625 0.021484375 0.021484375 
0 0.3828125 0.373046875 0.0234375 0.0234375 
0 0.3173828125 0.0927734375 0.021484375 0.021484375 
0 0.4306640625 0.576171875 0.021484375 0.021484375 
0 0.462890625 0.0830078125 0.021484375 0.021484375 
0 0.4111328125 0.365234375 0.0234375 0.0234375 
1 0.349609375 0.298828125 0.021484375 0.021484375 
1 0.384765625 0.1171875 0.021484375 0.021484375 
0 0.712890625 0.03515625 0.0224609375 0.0224609375 
1 0.333984375 0.0751953125 0.0224609375 0.0224609375 
0 0.5302734375 0.400390625 0.0234375 0.0234375 
1 0.662109375 0.162109375 0.0224609375 0.0224609375 
0 0.47265625 0.052734375 0.0224609375 0.0224609375 
1 0.57421875 0.1484375 0.021484375 0.021484375 
0 0.46875 0.4189453125 0.0234375 0.0234375 
0 0.453125 0.6728515625 0.021484375 0.021484375 
1 0.5126953125 0.791015625 0.0234375 0.0234375 
0 0.4501953125 0.5029296875 0.021484375 0.021484375 
0 0.490234375 0.0380859375 0.021484375 0.021484375 
1 0.3486328125 0.1884765625 0.0224609375 0.0224609375 
0 0.4697265625 0.587890625 0.021484375 0.021484375 
0 0.689453125 0.0927734375 0.0224609375 0.0224609375 
0 0.5078125 0.5458984375 0.0234375 0.0234375 
0 0.6806640625 0.0419921875 0.021484375 0.021484375 
1 0.501953125 0.5146484375 0.021484375 0.021484375 
0 0.3994140625 0.2138671875 0.021484375 0.021484375 
0 0.564453125 0.27734375 0.021484375 0.021484375 
0 0.4384765625 0.208984375 0.0234375 0.0234375 
0 0.6201171875 0.373046875 0.0234375 0.0234375 
1 0.365234375 0.36328125 0.021484375 0.021484375 
0 0.466796875 0.66015625 0.0234375 0.0234375 
0 0.4501953125 0.1806640625 0.0234375 0.0234375 
0 0.4794921875 0.759765625 0.021484375 0.021484375 
0 0.5263671875 0.765625 0.0234375 0.0234375 
0 0.642578125 0.099609375 0.0234375 0.0234375 
0 0.4580078125 0.4326171875 0.0234375 0.0234375 
0 0.3955078125 0.25390625 0.021484375 0.021484375 
0 0.4501953125 0.162109375 0.0234375 0.0234375 
0 0.546875 0.2255859375 0.021484375 0.021484375 
1 0.6171875 0.189453125 0.021484375 0.021484375 
0 0.3330078125 0.1572265625 0.0234375 0.0234375 
0 0.4150390625 0.673828125 0.021484375 0.021484375 
0 0.34765625 0.1337890625 0.021484375 0.021484375 
1 0.2734375 0.0419921875 0.021484375 0.021484375 
0 0.423828125 0.43359375 0.021484375 0.021484375 
0 0.3837890625 0.3583984375 0.021484375 0.021484375 
0 0.318359375 0.046875 0.0234375 0.0234375 
0 0.4560546875 0.701171875 0.0224609375 0.0224609375 
0 0.544921875 0.3369140625 0.021484375 0.021484375 
0 0.3828125 0.1767578125 0.0234375 0.0234375 
1 0.44140625 0.076171875 0.0224609375 0.0224609375 
0 0.44140625 0.6064453125 0.021484375 0.021484375 
0 0.51953125 0.03125 0.021484375 0.021484375 
0 0.4248046875 0.3466796875 0.021484375 0.021484375 
0 0.3662109375 0.4091796875 0.0234375 0.0234375 
0 0.578125 0.375 0.0234375 0.0234375 
0 0.5615234375 0.05859375 0.021484375 0.021484375 
0 0.6591796875 0.244140625 0.0234375 0.0234375 
0 0.4873046875 0.138671875 0.0234375 0.0234375 
0 0.4013671875 0.1259765625 0.021484375 0.021484375 
1 0.6748046875 0.0869140625 0.0224609375 0.0224609375 
0 0.48046875 0.568359375 0.021484375 0.021484375 
1 0.5087890625 0.1552734375 0.0224609375 0.0224609375 
0 0.6376953125 0.3984375 0.0234375 0.0234375 
0 0.5634765625 0.65625 0.0234375 0.0234375 
0 0.5361328125 0.146484375 0.021484375 0.021484375 
