0 0.458984375 0.7001953125 0.0234375 0.0234375 
0 0.3603515625 0.404296875 0.0234375 0.0234375 
0 0.5009765625 0.068359375 0.021484375 0.021484375 
1 0.4814453125 0.234375 0.021484375 0.021484375 
0 0.4072265625 0.083984375 0.021484375 0.021484375 
0 0.642578125 0.1279296875 0.0234375 0.0234375 
0 0.40625 0.0595703125 0.021484375 0.021484375 
0 0.46484375 0.0908203125 0.021484375 0.021484375 
0 0.619140625 0.3095703125 0.0234375 0.0234375 
0 0.3232421875 0.2314453125 0.021484375 0.021484375 
0 0.4921875 0.1494140625 0.021484375 0.021484375 
0 0.5869140625 0.25 0.021484375 0.021484375 
0 0.52734375 0.384765625 0.021484375 0.021484375 
0 0.5283203125 0.677734375 0.021484375 0.021484375 
1 0.46484375 0.564453125 0.0224609375 0.0224609375 
0 0.408203125 0.4287109375 0.021484375 0.021484375 
0 0.6298828125 0.4072265625 0.0234375 0.0234375 
1 0.4130859375 0.2529296875 0.021484375 0.021484375 
0 0.5625 0.404296875 0.021484375 0.021484375 
0 0.3935546875 0.244140625 0.0234375 0.0234375 
1 0.5703125 0.103515625 0.0224609375 0.0224609375 
0 0.501953125 0.3349609375 0.021484375 0.021484375 
0 0.390625 0.1123046875 0.0234375 0.0234375 
0 0.3955078125 0.5185546875 0.021484375 0.021484375 
0 0.609375 0.39453125 0.021484375 0.021484375 
0 0.66015625 0.1083984375 0.021484375 0.021484375 
0 0.5234375 0.2919921875 0.021484375 0.021484375 
0 0.595703125 0.5078125 0.021484375 0.021484375 
0 0.4677734375 0.4853515625 0.0234375 0.0234375 
1 0.4384765625 0.0810546875 0.021484375 0.021484375 
0 0.341796875 0.1171875 0.0234375 0.0234375 
0 0.5498046875 0.1328125 0.0224609375 0.0224609375 
0 0.4453125 0.4345703125 0.0224609375 0.0224609375 
1 0.4658203125 0.375 0.021484375 0.021484375 
1 0.3388671875 0.1953125 0.0224609375 0.0224609375 
0 0.3955078125 0.5546875 0.0224609375 0.0224609375 
0 0.6748046875 0.166015625 0.0234375 0.0234375 
0 0.6240234375 0.203125 0.021484375 0.021484375 
0 0.60546875 0.1572265625 0.021484375 0.021484375 
1 0.337890625 0.3203125 0.021484375 0.021484375 
0 0.3994140625 0.3857421875 0.021484375 0.021484375 
1 0.4775390625 0.78125 0.021484375 0.021484375 
0 0.3974609375 0.283203125 0.021484375 0.021484375 
0 0.4208984375 0.611328125 0.021484375 0.021484375 
1 0.3173828125 0.2138671875 0.0224609375 0.0224609375 
0 0.5263671875 0.20703125 0.0224609375 0.0224609375 
1 0.693359375 0.044921875 0.0224609375 0.0224609375 
0 0.412109375 0.37109375 0.0234375 0.0234375 
0 0.4609375 0.61328125 0.0234375 0.0234375 
1 0.4326171875 0.6728515625 0.021484375 0.021484375 
0 0.5673828125 0.6005859375 0.021484375 0.021484375 
1 0.5751953125 0.6689453125 0.0224609375 0.0224609375 
0 0.6025390625 0.087890625 0.021484375 0.021484375 
1 0.5751953125 0.0400390625 0.021484375 0.021484375 
0 0.4296875 0.5380859375 0.0224609375 0.0224609375 
0 0.46484375 0.2607421875 0.0224609375 0.0224609375 
0 0.4892578125 0.5830078125 0.021484375 0.021484375 
0 0.4912109375 0.4013671875 0.021484375 0.021484375 
0 0.5546875 0.4951171875 0.0224609375 0.0224609375 
0 0.5498046875 0.708984375 0.021484375 0.021484375 
1 0.5390625 0.056640625 0.0224609375 0.0224609375 
1 0.482421875 0.20703125 0.021484375 0.021484375 
0 0.578125 0.5888671875 0.0234375 0.0234375 
1 0.6142578125 0.0517578125 0.021484375 0.021484375 
0 0.40234375 0.1943359375 0.021484375 0.021484375 
0 0.3193359375 0.1220703125 0.0234375 0.0234375 
0 0.6669921875 0.19921875 0.021484375 0.021484375 
0 0.640625 0.17578125 0.0234375 0.0234375 
1 0.5302734375 0.4677734375 0.021484375 0.021484375 
0 0.6328125 0.08984375 0.021484375 0.021484375 
0 0.5615234375 0.3623046875 0.0224609375 0.0224609375 
0 0.326171875 0.0810546875 0.0234375 0.0234375 
0 0.55078125 0.3388671875 0.0234375 0.0234375 
0 0.564453125 0.0654296875 0.0234375 0.0234375 
1 0.494140625 0.4326171875 0.021484375 0.021484375 
0 0.5791015625 0.1259765625 0.0234375 0.0234375 
0 0.3916015625 0.173828125 0.0224609375 0.0224609375 
1 0.3759765625 0.4658203125 0.021484375 0.021484375 
0 0.478515625 0.7607421875 0.0224609375 0.0224609375 
0 0.5048828125 0.349609375 0.0234375 0.0234375 
0 0.4501953125 0.4072265625 0.021484375 0.021484375 
1 0.3896484375 0.541015625 0.021484375 0.021484375 
0 0.3427734375 0.0966796875 0.021484375 0.021484375 
0 0.580078125 0.263671875 0.0224609375 0.0224609375 
1 0.46875 0.1201171875 0.0224609375 0.0224609375 
0 0.4755859375 0.529296875 0.021484375 0.021484375 
0 0.5322265625 0.0390625 0.0234375 0.0234375 
0 0.4375 0.7255859375 0.0224609375 0.0224609375 
0 0.3388671875 0.0419921875 0.021484375 0.021484375 
0 0.63671875 0.154296875 0.0234375 0.0234375 
1 0.455078125 0.626953125 0.0224609375 0.0224609375 
0 0.65625 0.2119140625 0.0224609375 0.0224609375 
1 0.2822265625 0.107421875 0.021484375 0.021484375 
0 0.4560546875 0.775390625 0.0224609375 0.0224609375 
0 0.5126953125 0.7822265625 0.021484375 0.021484375 
1 0.580078125 0.5556640625 0.021484375 0.021484375 
0 0.67578125 0.060546875 0.021484375 0.021484375 
1 0.396484375 0.361328125 0.0224609375 0.0224609375 
1 0.4833984375 0.8466796875 0.021484375 0.021484375 
0 0.6484375 0.1962890625 0.0224609375 0.0224609375 
1 0.2998046875 0.12109375 0.021484375 0.021484375 
0 0.5322265625 0.3251953125 0.021484375 0.021484375 
0 0.544921875 0.6103515625 0.021484375 0.021484375 
1 0.501953125 0.267578125 0.021484375 0.021484375 
1 0.4443359375 0.296875 0.0224609375 0.0224609375 
0 0.662109375 0.1279296875 0.021484375 0.021484375 
0 0.591796875 0.2001953125 0.021484375 0.021484375 
0 0.2978515625 0.1484375 0.0234375 0.0234375 
0 0.4677734375 0.4140625 0.021484375 0.021484375 
0 0.4765625 0.4609375 0.021484375 0.021484375 
0 0.5859375 0.3681640625 0.021484375 0.021484375 
1 0.5107421875 0.1787109375 0.0224609375 0.0224609375 
0 0.66796875 0.181640625 0.021484375 0.021484375 
0 0.625 0.36328125 0.021484375 0.021484375 
1 0.3056640625 0.19921875 0.021484375 0.021484375 
0 0.3681640625 0.072265625 0.0234375 0.0234375 
0 0.552734375 0.1796875 0.021484375 0.021484375 
0 0.46484375 0.447265625 0.021484375 0.021484375 
1 0.6357421875 0.0478515625 0.0224609375 0.0224609375 
0 0.4814453125 0.373046875 0.021484375 0.021484375 
1 0.4541015625 0.740234375 0.0224609375 0.0224609375 
0 0.5126953125 0.0322265625 0.021484375 0.021484375 
0 0.5517578125 0.5546875 0.0234375 0.0234375 
0 0.392578125 0.2109375 0.021484375 0.021484375 
0 0.3671875 0.3671875 0.021484375 0.021484375 
