0 0.4365234375 0.1181640625 0.021484375 0.021484375 
0 0.373046875 0.189453125 0.021484375 0.021484375 
1 0.64453125 0.0400390625 0.0224609375 0.0224609375 
0 0.4267578125 0.1533203125 0.021484375 0.021484375 
0 0.517578125 0.501953125 0.021484375 0.021484375 
1 0.55859375 0.3720703125 0.0224609375 0.0224609375 
0 0.48828125 0.3935546875 0.0234375 0.0234375 
0 0.4375 0.30078125 0.021484375 0.021484375 
0 0.5107421875 0.2373046875 0.0234375 0.0234375 
0 0.328125 0.203125 0.021484375 0.021484375 
1 0.3759765625 0.1572265625 0.021484375 0.021484375 
1 0.6044921875 0.4248046875 0.021484375 0.021484375 
0 0.3310546875 0.091796875 0.021484375 0.021484375 
0 0.4697265625 0.333984375 0.0234375 0.0234375 
0 0.4716796875 0.537109375 0.021484375 0.021484375 
0 0.4072265625 0.486328125 0.021484375 0.021484375 
0 0.671875 0.05078125 0.0224609375 0.0224609375 
0 0.3310546875 0.228515625 0.021484375 0.021484375 
0 0.3046875 0.09375 0.0224609375 0.0224609375 
0 0.4345703125 0.587890625 0.0234375 0.0234375 
0 0.4228515625 0.5302734375 0.021484375 0.021484375 
0 0.4736328125 0.7109375 0.021484375 0.021484375 
0 0.48828125 0.1298828125 0.0234375 0.0234375 
1 0.3134765625 0.0498046875 0.021484375 0.021484375 
0 0.3310546875 0.130859375 0.0224609375 0.0224609375 
0 0.396484375 0.3701171875 0.021484375 0.021484375 
0 0.4912109375 0.865234375 0.0224609375 0.0224609375 
0 0.53125 0.869140625 0.01953125 0.01953125 
1 0.5908203125 0.130859375 0.021484375 0.021484375 
0 0.5390625 0.1533203125 0.0234375 0.0234375 
0 0.4892578125 0.58203125 0.0234375 0.0234375 
0 0.5078125 0.3115234375 0.021484375 0.021484375 
0 0.654296875 0.197265625 0.021484375 0.021484375 
0 0.4658203125 0.0947265625 0.021484375 0.021484375 
0 0.5361328125 0.333984375 0.021484375 0.021484375 
0 0.5556640625 0.048828125 0.0224609375 0.0224609375 
0 0.4443359375 0.337890625 0.0234375 0.0234375 
1 0.595703125 0.16796875 0.0224609375 0.0224609375 
0 0.419921875 0.4609375 0.021484375 0.021484375 
1 0.4052734375 0.2294921875 0.021484375 0.021484375 
0 0.4775390625 0.6474609375 0.0224609375 0.0224609375 
0 0.4677734375 0.388671875 0.0234375 0.0234375 
0 0.5205078125 0.1435546875 0.021484375 0.021484375 
0 0.494140625 0.64453125 0.021484375 0.021484375 
0 0.37890625 0.0556640625 0.0224609375 0.0224609375 
0 0.564453125 0.615234375 0.0234375 0.0234375 
1 0.5439453125 0.4921875 0.0224609375 0.0224609375 
0 0.4921875 0.501953125 0.0234375 0.0234375 
1 0.505859375 0.5185546875 0.021484375 0.021484375 
0 0.5166015625 0.427734375 0.0234375 0.0234375 
0 0.6337890625 0.0732421875 0.0234375 0.0234375 
0 0.3564453125 0.0458984375 0.021484375 0.021484375 
0 0.5458984375 0.642578125 0.021484375 0.021484375 
0 0.517578125 0.7294921875 0.0234375 0.0234375 
0 0.5341796875 0.0654296875 0.021484375 0.021484375 
0 0.4814453125 0.7685546875 0.01953125 0.01953125 
0 0.6357421875 0.345703125 0.0234375 0.0234375 
0 0.2734375 0.052734375 0.021484375 0.021484375 
0 0.578125 0.64453125 0.0224609375 0.0224609375 
0 0.3740234375 0.31640625 0.0234375 0.0234375 
0 0.544921875 0.4404296875 0.0234375 0.0234375 
0 0.4453125 0.076171875 0.021484375 0.021484375 
0 0.58203125 0.0927734375 0.021484375 0.021484375 
0 0.4697265625 0.1962890625 0.021484375 0.021484375 
0 0.607421875 0.3056640625 0.0224609375 0.0224609375 
0 0.51953125 0.8076171875 0.025390625 0.025390625 
1 0.458984375 0.6416015625 0.021484375 0.021484375 
1 0.5400390625 0.224609375 0.021484375 0.021484375 
1 0.5166015625 0.2919921875 0.021484375 0.021484375 
1 0.5380859375 0.37890625 0.0224609375 0.0224609375 
1 0.5029296875 0.1005859375 0.0224609375 0.0224609375 
1 0.408203125 0.5654296875 0.021484375 0.021484375 
0 0.53515625 0.595703125 0.021484375 0.021484375 
0 0.666015625 0.1396484375 0.0224609375 0.0224609375 
0 0.587890625 0.4287109375 0.0234375 0.0234375 
0 0.642578125 0.123046875 0.0234375 0.0234375 
1 0.6875 0.1376953125 0.021484375 0.021484375 
0 0.5859375 0.0302734375 0.021484375 0.021484375 
0 0.40234375 0.1591796875 0.0234375 0.0234375 
0 0.544921875 0.458984375 0.0234375 0.0234375 
0 0.40625 0.03125 0.0234375 0.0234375 
1 0.4765625 0.2451171875 0.021484375 0.021484375 
0 0.6181640625 0.0791015625 0.021484375 0.021484375 
0 0.521484375 0.763671875 0.0234375 0.0234375 
1 0.4482421875 0.03125 0.0224609375 0.0224609375 
0 0.380859375 0.466796875 0.021484375 0.021484375 
0 0.5419921875 0.8310546875 0.0234375 0.0234375 
0 0.48046875 0.5166015625 0.021484375 0.021484375 
1 0.326171875 0.0576171875 0.021484375 0.021484375 
0 0.5078125 0.388671875 0.021484375 0.021484375 
0 0.6044921875 0.5048828125 0.021484375 0.021484375 
1 0.5068359375 0.212890625 0.021484375 0.021484375 
1 0.3935546875 0.203125 0.021484375 0.021484375 
1 0.63671875 0.1904296875 0.0224609375 0.0224609375 
