0 0.474609375 0.5107421875 0.0234375 0.0234375 
0 0.55078125 0.71875 0.021484375 0.021484375 
0 0.4658203125 0.2890625 0.021484375 0.021484375 
1 0.5703125 0.318359375 0.021484375 0.021484375 
0 0.580078125 0.546875 0.0234375 0.0234375 
0 0.5263671875 0.6875 0.0234375 0.0234375 
0 0.474609375 0.2158203125 0.021484375 0.021484375 
0 0.59765625 0.36328125 0.021484375 0.021484375 
0 0.6552734375 0.0537109375 0.021484375 0.021484375 
0 0.4208984375 0.060546875 0.021484375 0.021484375 
0 0.6142578125 0.4296875 0.021484375 0.021484375 
1 0.65625 0.166015625 0.021484375 0.021484375 
0 0.4677734375 0.1494140625 0.0234375 0.0234375 
0 0.357421875 0.314453125 0.0234375 0.0234375 
0 0.537109375 0.7880859375 0.0234375 0.0234375 
1 0.556640625 0.6474609375 0.0224609375 0.0224609375 
1 0.5869140625 0.390625 0.0224609375 0.0224609375 
0 0.5546875 0.16796875 0.021484375 0.021484375 
0 0.5849609375 0.04296875 0.0234375 0.0234375 
1 0.4130859375 0.14453125 0.021484375 0.021484375 
0 0.451171875 0.1240234375 0.021484375 0.021484375 
0 0.517578125 0.435546875 0.0234375 0.0234375 
1 0.6025390625 0.2265625 0.0224609375 0.0224609375 
0 0.3896484375 0.3701171875 0.0224609375 0.0224609375 
1 0.4619140625 0.7470703125 0.0224609375 0.0224609375 
0 0.556640625 0.2783203125 0.021484375 0.021484375 
0 0.4912109375 0.63671875 0.0234375 0.0234375 
0 0.4716796875 0.8544921875 0.025390625 0.025390625 
0 0.4794921875 0.08203125 0.021484375 0.021484375 
1 0.439453125 0.7919921875 0.021484375 0.021484375 
0 0.55859375 0.0830078125 0.0234375 0.0234375 
1 0.46484375 0.6474609375 0.0224609375 0.0224609375 
0 0.6220703125 0.21484375 0.021484375 0.021484375 
1 0.3642578125 0.0673828125 0.021484375 0.021484375 
0 0.6767578125 0.0478515625 0.0224609375 0.0224609375 
0 0.45703125 0.49609375 0.021484375 0.021484375 
0 0.494140625 0.490234375 0.0234375 0.0234375 
0 0.400390625 0.4541015625 0.021484375 0.021484375 
0 0.6240234375 0.03125 0.0234375 0.0234375 
0 0.681640625 0.1123046875 0.0224609375 0.0224609375 
0 0.3349609375 0.0927734375 0.021484375 0.021484375 
0 0.6162109375 0.333984375 0.021484375 0.021484375 
0 0.642578125 0.2109375 0.0224609375 0.0224609375 
0 0.623046875 0.2666015625 0.0234375 0.0234375 
0 0.4091796875 0.572265625 0.021484375 0.021484375 
0 0.38671875 0.1240234375 0.0234375 0.0234375 
1 0.537109375 0.0693359375 0.0224609375 0.0224609375 
0 0.3369140625 0.1669921875 0.0234375 0.0234375 
0 0.4033203125 0.5419921875 0.021484375 0.021484375 
0 0.5927734375 0.4208984375 0.0234375 0.0234375 
0 0.4921875 0.0390625 0.021484375 0.021484375 
0 0.5693359375 0.1640625 0.021484375 0.021484375 
1 0.6923828125 0.125 0.021484375 0.021484375 
0 0.556640625 0.513671875 0.0234375 0.0234375 
1 0.369140625 0.3955078125 0.0224609375 0.0224609375 
0 0.4462890625 0.19140625 0.0234375 0.0234375 
0 0.6640625 0.1982421875 0.0234375 0.0234375 
0 0.5380859375 0.8515625 0.01953125 0.01953125 
0 0.5849609375 0.1220703125 0.0234375 0.0234375 
0 0.693359375 0.0341796875 0.021484375 0.021484375 
0 0.5810546875 0.15234375 0.021484375 0.021484375 
0 0.5009765625 0.8681640625 0.021484375 0.021484375 
1 0.4111328125 0.2138671875 0.021484375 0.021484375 
0 0.42578125 0.10546875 0.0234375 0.0234375 
0 0.521484375 0.5283203125 0.021484375 0.021484375 
0 0.41796875 0.642578125 0.0234375 0.0234375 
1 0.470703125 0.2646484375 0.021484375 0.021484375 
0 0.50390625 0.06640625 0.021484375 0.021484375 
0 0.4599609375 0.5458984375 0.0234375 0.0234375 
0 0.5517578125 0.4150390625 0.021484375 0.021484375 
1 0.669921875 0.2421875 0.021484375 0.021484375 
0 0.3349609375 0.2783203125 0.0234375 0.0234375 
0 0.466796875 0.7314453125 0.0234375 0.0234375 
0 0.6494140625 0.1005859375 0.0234375 0.0234375 
0 0.44140625 0.5146484375 0.0234375 0.0234375 
1 0.529296875 0.8330078125 0.0234375 0.0234375 
0 0.376953125 0.50390625 0.0234375 0.0234375 
0 0.46875 0.4501953125 0.021484375 0.021484375 
0 0.392578125 0.2822265625 0.0234375 0.0234375 
0 0.458984375 0.6884765625 0.021484375 0.021484375 
0 0.4619140625 0.8115234375 0.0234375 0.0234375 
0 0.5625 0.3837890625 0.0234375 0.0234375 
0 0.7119140625 0.0390625 0.0234375 0.0234375 
1 0.369140625 0.103515625 0.0224609375 0.0224609375 
0 0.5966796875 0.26171875 0.021484375 0.021484375 
0 0.435546875 0.2578125 0.021484375 0.021484375 
0 0.34375 0.326171875 0.0224609375 0.0224609375 
0 0.50390625 0.890625 0.01953125 0.01953125 
0 0.373046875 0.462890625 0.021484375 0.021484375 
1 0.318359375 0.1259765625 0.021484375 0.021484375 
0 0.6533203125 0.2607421875 0.021484375 0.021484375 
0 0.5283203125 0.1162109375 0.021484375 0.021484375 
0 0.5166015625 0.357421875 0.0234375 0.0234375 
0 0.6328125 0.4169921875 0.0234375 0.0234375 
0 0.466796875 0.392578125 0.0234375 0.0234375 
0 0.552734375 0.2353515625 0.0234375 0.0234375 
0 0.44140625 0.310546875 0.021484375 0.021484375 
1 0.48046875 0.16015625 0.021484375 0.021484375 
0 0.6328125 0.31640625 0.0234375 0.0234375 
0 0.4892578125 0.3076171875 0.0234375 0.0234375 
1 0.376953125 0.0537109375 0.0224609375 0.0224609375 
0 0.5048828125 0.310546875 0.0234375 0.0234375 
1 0.5166015625 0.7587890625 0.021484375 0.021484375 
0 0.5625 0.6865234375 0.021484375 0.021484375 
0 0.3330078125 0.259765625 0.021484375 0.021484375 
1 0.6982421875 0.107421875 0.021484375 0.021484375 
0 0.2998046875 0.1806640625 0.021484375 0.021484375 
0 0.5341796875 0.142578125 0.021484375 0.021484375 
1 0.55078125 0.1279296875 0.0224609375 0.0224609375 
0 0.4658203125 0.23046875 0.0234375 0.0234375 
0 0.5400390625 0.6943359375 0.021484375 0.021484375 
0 0.2978515625 0.06640625 0.0224609375 0.0224609375 
0 0.443359375 0.4287109375 0.0224609375 0.0224609375 
1 0.59765625 0.40234375 0.021484375 0.021484375 
0 0.40625 0.361328125 0.0234375 0.0234375 
0 0.4482421875 0.669921875 0.021484375 0.021484375 
1 0.5615234375 0.3466796875 0.0224609375 0.0224609375 
0 0.587890625 0.3291015625 0.021484375 0.021484375 
0 0.3173828125 0.1708984375 0.021484375 0.021484375 
0 0.583984375 0.669921875 0.021484375 0.021484375 
0 0.4775390625 0.357421875 0.0234375 0.0234375 
0 0.3271484375 0.0576171875 0.0234375 0.0234375 
1 0.5029296875 0.3447265625 0.021484375 0.021484375 
0 0.439453125 0.4638671875 0.021484375 0.021484375 
0 0.4775390625 0.66796875 0.0234375 0.0234375 
0 0.3310546875 0.037109375 0.021484375 0.021484375 
0 0.3701171875 0.3349609375 0.0224609375 0.0224609375 
0 0.5634765625 0.4873046875 0.021484375 0.021484375 
0 0.3984375 0.22265625 0.021484375 0.021484375 
0 0.5595703125 0.21875 0.021484375 0.021484375 
0 0.458984375 0.779296875 0.01953125 0.01953125 
