0 0.587890625 0.3310546875 0.0234375 0.0234375 
0 0.55859375 0.2861328125 0.0234375 0.0234375 
0 0.419921875 0.3271484375 0.021484375 0.021484375 
0 0.572265625 0.6630859375 0.021484375 0.021484375 
0 0.642578125 0.236328125 0.021484375 0.021484375 
0 0.5556640625 0.1962890625 0.021484375 0.021484375 
0 0.6875 0.109375 0.0234375 0.0234375 
0 0.4375 0.2158203125 0.021484375 0.021484375 
0 0.4345703125 0.318359375 0.021484375 0.021484375 
1 0.59765625 0.3994140625 0.021484375 0.021484375 
0 0.4287109375 0.455078125 0.0234375 0.0234375 
1 0.4326171875 0.4873046875 0.0224609375 0.0224609375 
0 0.595703125 0.6005859375 0.0234375 0.0234375 
0 0.654296875 0.1611328125 0.0224609375 0.0224609375 
0 0.5810546875 0.1708984375 0.0234375 0.0234375 
0 0.5576171875 0.2412109375 0.021484375 0.021484375 
1 0.5166015625 0.654296875 0.021484375 0.021484375 
0 0.5048828125 0.107421875 0.021484375 0.021484375 
0 0.544921875 0.677734375 0.0234375 0.0234375 
0 0.515625 0.462890625 0.0234375 0.0234375 
0 0.484375 0.1796875 0.021484375 0.021484375 
1 0.3486328125 0.2529296875 0.021484375 0.021484375 
0 0.4560546875 0.1767578125 0.0224609375 0.0224609375 
0 0.591796875 0.6328125 0.021484375 0.021484375 
0 0.5732421875 0.59765625 0.0234375 0.0234375 
0 0.5732421875 0.2265625 0.021484375 0.021484375 
0 0.388671875 0.201171875 0.021484375 0.021484375 
1 0.5419921875 0.099609375 0.021484375 0.021484375 
1 0.623046875 0.2236328125 0.0224609375 0.0224609375 
0 0.3720703125 0.044921875 0.021484375 0.021484375 
1 0.59375 0.365234375 0.0224609375 0.0224609375 
1 0.513671875 0.69140625 0.021484375 0.021484375 
1 0.349609375 0.3740234375 0.0224609375 0.0224609375 
0 0.5751953125 0.0380859375 0.021484375 0.021484375 
0 0.44140625 0.03125 0.0234375 0.0234375 
0 0.48046875 0.466796875 0.0234375 0.0234375 
0 0.568359375 0.435546875 0.0234375 0.0234375 
0 0.4658203125 0.7490234375 0.0234375 0.0234375 
0 0.505859375 0.2451171875 0.021484375 0.021484375 
0 0.4697265625 0.783203125 0.025390625 0.025390625 
0 0.5234375 0.6748046875 0.021484375 0.021484375 
1 0.4697265625 0.5390625 0.0224609375 0.0224609375 
0 0.63671875 0.3125 0.021484375 0.021484375 
1 0.3359375 0.0517578125 0.0224609375 0.0224609375 
0 0.5703125 0.6962890625 0.021484375 0.021484375 
1 0.3798828125 0.1162109375 0.021484375 0.021484375 
0 0.3759765625 0.1845703125 0.0234375 0.0234375 
0 0.513671875 0.34765625 0.021484375 0.021484375 
0 0.5009765625 0.3798828125 0.021484375 0.021484375 
0 0.51953125 0.14453125 0.021484375 0.021484375 
0 0.5263671875 0.20703125 0.021484375 0.021484375 
1 0.6328125 0.404296875 0.021484375 0.021484375 
0 0.6787109375 0.166015625 0.0234375 0.0234375 
0 0.4833984375 0.4189453125 0.0234375 0.0234375 
0 0.53125 0.69140625 0.0234375 0.0234375 
1 0.44140625 0.107421875 0.021484375 0.021484375 
0 0.4990234375 0.150390625 0.0234375 0.0234375 
0 0.390625 0.4716796875 0.021484375 0.021484375 
1 0.5966796875 0.5546875 0.0224609375 0.0224609375 
0 0.4228515625 0.29296875 0.021484375 0.021484375 
1 0.54296875 0.77734375 0.021484375 0.021484375 
0 0.513671875 0.2255859375 0.0224609375 0.0224609375 
0 0.3720703125 0.3115234375 0.021484375 0.021484375 
1 0.4482421875 0.625 0.021484375 0.021484375 
0 0.494140625 0.8935546875 0.0224609375 0.0224609375 
1 0.404296875 0.3359375 0.021484375 0.021484375 
0 0.4111328125 0.26171875 0.021484375 0.021484375 
1 0.38671875 0.216796875 0.021484375 0.021484375 
1 0.3974609375 0.2939453125 0.021484375 0.021484375 
0 0.4775390625 0.19921875 0.021484375 0.021484375 
1 0.6044921875 0.4345703125 0.021484375 0.021484375 
0 0.4892578125 0.08203125 0.0234375 0.0234375 
0 0.5 0.7705078125 0.0234375 0.0234375 
0 0.591796875 0.2841796875 0.0234375 0.0234375 
0 0.5634765625 0.46875 0.021484375 0.021484375 
1 0.662109375 0.140625 0.021484375 0.021484375 
0 0.5205078125 0.4375 0.0234375 0.0234375 
0 0.49609375 0.6533203125 0.021484375 0.021484375 
0 0.5498046875 0.388671875 0.021484375 0.021484375 
0 0.333984375 0.2666015625 0.021484375 0.021484375 
0 0.494140625 0.361328125 0.0224609375 0.0224609375 
0 0.5234375 0.5556640625 0.021484375 0.021484375 
0 0.498046875 0.4072265625 0.021484375 0.021484375 
0 0.3134765625 0.1435546875 0.021484375 0.021484375 
0 0.4375 0.2509765625 0.0234375 0.0234375 
1 0.5244140625 0.3017578125 0.0224609375 0.0224609375 
1 0.6796875 0.150390625 0.021484375 0.021484375 
1 0.548828125 0.5556640625 0.021484375 0.021484375 
0 0.5625 0.0595703125 0.021484375 0.021484375 
0 0.3603515625 0.28125 0.021484375 0.021484375 
1 0.544921875 0.716796875 0.021484375 0.021484375 
0 0.4443359375 0.267578125 0.0234375 0.0234375 
0 0.2978515625 0.09375 0.021484375 0.021484375 
0 0.5009765625 0.669921875 0.0224609375 0.0224609375 
0 0.6171875 0.263671875 0.0234375 0.0234375 
1 0.3525390625 0.12109375 0.0224609375 0.0224609375 
0 0.5419921875 0.595703125 0.021484375 0.021484375 
1 0.4873046875 0.7275390625 0.021484375 0.021484375 
0 0.4970703125 0.7490234375 0.021484375 0.021484375 
1 0.4609375 0.41796875 0.0224609375 0.0224609375 
0 0.6123046875 0.5361328125 0.0234375 0.0234375 
0 0.4560546875 0.146484375 0.0234375 0.0234375 
0 0.45703125 0.2978515625 0.0224609375 0.0224609375 
1 0.5146484375 0.0654296875 0.0224609375 0.0224609375 
1 0.541015625 0.8251953125 0.021484375 0.021484375 
0 0.48828125 0.53515625 0.021484375 0.021484375 
0 0.48828125 0.298828125 0.021484375 0.021484375 
1 0.4248046875 0.66015625 0.021484375 0.021484375 
1 0.55859375 0.111328125 0.021484375 0.021484375 
0 0.458984375 0.5087890625 0.0224609375 0.0224609375 
1 0.3544921875 0.3359375 0.0224609375 0.0224609375 
1 0.544921875 0.3466796875 0.021484375 0.021484375 
0 0.4677734375 0.099609375 0.0224609375 0.0224609375 
1 0.5224609375 0.625 0.0224609375 0.0224609375 
0 0.6083984375 0.37109375 0.0234375 0.0234375 
0 0.59765625 0.0771484375 0.021484375 0.021484375 
0 0.408203125 0.4482421875 0.021484375 0.021484375 
0 0.4716796875 0.259765625 0.021484375 0.021484375 
1 0.3984375 0.3994140625 0.0224609375 0.0224609375 
0 0.5703125 0.2119140625 0.021484375 0.021484375 
0 0.4697265625 0.4482421875 0.021484375 0.021484375 
0 0.634765625 0.291015625 0.021484375 0.021484375 
0 0.57421875 0.5615234375 0.0224609375 0.0224609375 
0 0.4482421875 0.3310546875 0.021484375 0.021484375 
0 0.2890625 0.0302734375 0.021484375 0.021484375 
1 0.4248046875 0.7177734375 0.021484375 0.021484375 
1 0.5595703125 0.5068359375 0.021484375 0.021484375 
0 0.716796875 0.0546875 0.0234375 0.0234375 
0 0.5224609375 0.791015625 0.0224609375 0.0224609375 
0 0.53515625 0.4453125 0.0234375 0.0234375 
0 0.6181640625 0.3916015625 0.021484375 0.021484375 
0 0.3837890625 0.1611328125 0.021484375 0.021484375 
0 0.5556640625 0.580078125 0.021484375 0.021484375 
0 0.3427734375 0.326171875 0.0234375 0.0234375 
1 0.576171875 0.1884765625 0.0224609375 0.0224609375 
