0 0.5380859375 0.458984375 0.0234375 0.0234375 
0 0.3681640625 0.369140625 0.0234375 0.0234375 
0 0.4306640625 0.2666015625 0.0224609375 0.0224609375 
0 0.4326171875 0.458984375 0.0234375 0.0234375 
0 0.4921875 0.130859375 0.021484375 0.021484375 
1 0.599609375 0.484375 0.021484375 0.021484375 
0 0.5361328125 0.6005859375 0.0234375 0.0234375 
1 0.470703125 0.0654296875 0.021484375 0.021484375 
1 0.40234375 0.423828125 0.0224609375 0.0224609375 
0 0.404296875 0.4794921875 0.021484375 0.021484375 
0 0.4453125 0.451171875 0.0234375 0.0234375 
0 0.583984375 0.046875 0.0224609375 0.0224609375 
0 0.5234375 0.57421875 0.0234375 0.0234375 
0 0.5830078125 0.6474609375 0.0234375 0.0234375 
0 0.455078125 0.490234375 0.021484375 0.021484375 
0 0.4384765625 0.130859375 0.021484375 0.021484375 
0 0.6015625 0.353515625 0.021484375 0.021484375 
0 0.4345703125 0.7470703125 0.021484375 0.021484375 
1 0.6337890625 0.197265625 0.021484375 0.021484375 
0 0.4833984375 0.4208984375 0.021484375 0.021484375 
1 0.5712890625 0.6787109375 0.021484375 0.021484375 
0 0.3564453125 0.0595703125 0.0234375 0.0234375 
1 0.55078125 0.671875 0.021484375 0.021484375 
1 0.533203125 0.197265625 0.0224609375 0.0224609375 
0 0.583984375 0.400390625 0.021484375 0.021484375 
0 0.4453125 0.361328125 0.021484375 0.021484375 
0 0.6279296875 0.3779296875 0.0224609375 0.0224609375 
1 0.4375 0.390625 0.021484375 0.021484375 
0 0.37109375 0.2548828125 0.0234375 0.0234375 
0 0.529296875 0.365234375 0.0234375 0.0234375 
0 0.3125 0.0615234375 0.021484375 0.021484375 
0 0.61328125 0.3212890625 0.0234375 0.0234375 
0 0.68359375 0.1572265625 0.021484375 0.021484375 
0 0.5458984375 0.8388671875 0.025390625 0.025390625 
0 0.4736328125 0.875 0.01953125 0.01953125 
0 0.576171875 0.5400390625 0.0234375 0.0234375 
1 0.6416015625 0.0732421875 0.021484375 0.021484375 
0 0.4599609375 0.8046875 0.01953125 0.01953125 
0 0.5107421875 0.4755859375 0.0234375 0.0234375 
0 0.3857421875 0.5556640625 0.021484375 0.021484375 
0 0.46484375 0.1328125 0.021484375 0.021484375 
0 0.6748046875 0.171875 0.021484375 0.021484375 
0 0.4609375 0.462890625 0.021484375 0.021484375 
0 0.5869140625 0.107421875 0.0234375 0.0234375 
0 0.56640625 0.12109375 0.021484375 0.021484375 
1 0.392578125 0.1083984375 0.021484375 0.021484375 
0 0.4892578125 0.4677734375 0.021484375 0.021484375 
0 0.564453125 0.716796875 0.021484375 0.021484375 
1 0.4833984375 0.18359375 0.0224609375 0.0224609375 
1 0.5478515625 0.490234375 0.021484375 0.021484375 
0 0.509765625 0.8681640625 0.021484375 0.021484375 
0 0.4560546875 0.40234375 0.021484375 0.021484375 
0 0.427734375 0.67578125 0.021484375 0.021484375 
0 0.6591796875 0.3232421875 0.021484375 0.021484375 
0 0.458984375 0.6611328125 0.021484375 0.021484375 
0 0.3984375 0.16015625 0.021484375 0.021484375 
0 0.5810546875 0.3603515625 0.021484375 0.021484375 
0 0.7080078125 0.060546875 0.0234375 0.0234375 
0 0.44921875 0.150390625 0.021484375 0.021484375 
0 0.3837890625 0.4365234375 0.021484375 0.021484375 
0 0.513671875 0.716796875 0.0224609375 0.0224609375 
1 0.4384765625 0.626953125 0.021484375 0.021484375 
0 0.4990234375 0.4072265625 0.0234375 0.0234375 
0 0.390625 0.4970703125 0.021484375 0.021484375 
0 0.517578125 0.62890625 0.021484375 0.021484375 
0 0.3916015625 0.294921875 0.021484375 0.021484375 
1 0.6884765625 0.123046875 0.0224609375 0.0224609375 
1 0.388671875 0.0302734375 0.021484375 0.021484375 
1 0.6591796875 0.1162109375 0.021484375 0.021484375 
0 0.388671875 0.3369140625 0.021484375 0.021484375 
0 0.482421875 0.28125 0.0234375 0.0234375 
0 0.533203125 0.1396484375 0.021484375 0.021484375 
1 0.3076171875 0.1240234375 0.0224609375 0.0224609375 
0 0.5205078125 0.1708984375 0.0234375 0.0234375 
0 0.6943359375 0.1083984375 0.021484375 0.021484375 
0 0.6103515625 0.5322265625 0.0224609375 0.0224609375 
0 0.4794921875 0.65625 0.0224609375 0.0224609375 
0 0.58203125 0.3828125 0.021484375 0.021484375 
0 0.4873046875 0.072265625 0.021484375 0.021484375 
1 0.62109375 0.1064453125 0.0224609375 0.0224609375 
0 0.4384765625 0.2919921875 0.021484375 0.021484375 
1 0.4609375 0.640625 0.021484375 0.021484375 
0 0.64453125 0.2880859375 0.0224609375 0.0224609375 
1 0.5341796875 0.7353515625 0.021484375 0.021484375 
1 0.5048828125 0.740234375 0.021484375 0.021484375 
0 0.3623046875 0.3408203125 0.0234375 0.0234375 
1 0.5625 0.587890625 0.021484375 0.021484375 
1 0.5888671875 0.2861328125 0.021484375 0.021484375 
0 0.4248046875 0.0517578125 0.0234375 0.0234375 
0 0.5791015625 0.1611328125 0.021484375 0.021484375 
0 0.4150390625 0.4150390625 0.0224609375 0.0224609375 
1 0.2841796875 0.1103515625 0.021484375 0.021484375 
1 0.5771484375 0.2451171875 0.021484375 0.021484375 
