0 0.5283203125 0.361328125 0.021484375 0.021484375 
0 0.5341796875 0.34375 0.021484375 0.021484375 
1 0.4013671875 0.30859375 0.0224609375 0.0224609375 
0 0.4150390625 0.43359375 0.021484375 0.021484375 
0 0.5859375 0.5 0.0234375 0.0234375 
1 0.578125 0.03125 0.021484375 0.021484375 
1 0.6259765625 0.1904296875 0.021484375 0.021484375 
0 0.5234375 0.546875 0.021484375 0.021484375 
0 0.474609375 0.88671875 0.0224609375 0.0224609375 
1 0.3701171875 0.3017578125 0.021484375 0.021484375 
0 0.427734375 0.0478515625 0.0234375 0.0234375 
0 0.4697265625 0.4326171875 0.021484375 0.021484375 
0 0.46875 0.3974609375 0.021484375 0.021484375 
0 0.6025390625 0.5859375 0.021484375 0.021484375 
0 0.498046875 0.33984375 0.021484375 0.021484375 
0 0.4501953125 0.3916015625 0.0234375 0.0234375 
1 0.505859375 0.787109375 0.021484375 0.021484375 
0 0.400390625 0.4482421875 0.021484375 0.021484375 
0 0.373046875 0.443359375 0.021484375 0.021484375 
0 0.5458984375 0.1279296875 0.021484375 0.021484375 
0 0.4580078125 0.6728515625 0.0234375 0.0234375 
0 0.505859375 0.4921875 0.0224609375 0.0224609375 
0 0.466796875 0.076171875 0.0234375 0.0234375 
0 0.2744140625 0.0498046875 0.0234375 0.0234375 
0 0.609375 0.2568359375 0.021484375 0.021484375 
0 0.54296875 0.77734375 0.0224609375 0.0224609375 
1 0.5947265625 0.2099609375 0.021484375 0.021484375 
0 0.373046875 0.2626953125 0.021484375 0.021484375 
0 0.5498046875 0.404296875 0.021484375 0.021484375 
0 0.4931640625 0.7392578125 0.021484375 0.021484375 
0 0.5419921875 0.0576171875 0.0234375 0.0234375 
0 0.3115234375 0.1337890625 0.0234375 0.0234375 
0 0.32421875 0.17578125 0.021484375 0.021484375 
0 0.556640625 0.1708984375 0.021484375 0.021484375 
1 0.3408203125 0.07421875 0.021484375 0.021484375 
0 0.51953125 0.08203125 0.0234375 0.0234375 
1 0.423828125 0.55859375 0.021484375 0.021484375 
0 0.5986328125 0.4853515625 0.021484375 0.021484375 
0 0.4716796875 0.0966796875 0.0234375 0.0234375 
0 0.4453125 0.6640625 0.0234375 0.0234375 
0 0.318359375 0.22265625 0.021484375 0.021484375 
0 0.626953125 0.4697265625 0.021484375 0.021484375 
0 0.470703125 0.470703125 0.0224609375 0.0224609375 
0 0.2919921875 0.10546875 0.0234375 0.0234375 
0 0.421875 0.1494140625 0.0234375 0.0234375 
0 0.5830078125 0.6005859375 0.0234375 0.0234375 
1 0.404296875 0.181640625 0.021484375 0.021484375 
0 0.55078125 0.2333984375 0.0224609375 0.0224609375 
0 0.462890625 0.5634765625 0.0234375 0.0234375 
0 0.4619140625 0.7861328125 0.01953125 0.01953125 
0 0.3564453125 0.15625 0.0234375 0.0234375 
1 0.4462890625 0.6943359375 0.021484375 0.021484375 
0 0.5126953125 0.1357421875 0.0234375 0.0234375 
1 0.4140625 0.5361328125 0.021484375 0.021484375 
0 0.5107421875 0.2666015625 0.0234375 0.0234375 
1 0.6533203125 0.1748046875 0.021484375 0.021484375 
0 0.49609375 0.408203125 0.021484375 0.021484375 
1 0.5009765625 0.0361328125 0.021484375 0.021484375 
1 0.62890625 0.21484375 0.021484375 0.021484375 
0 0.431640625 0.3544921875 0.021484375 0.021484375 
0 0.4501953125 0.125 0.021484375 0.021484375 
1 0.7001953125 0.03515625 0.0224609375 0.0224609375 
0 0.708984375 0.064453125 0.021484375 0.021484375 
1 0.5263671875 0.7734375 0.021484375 0.021484375 
0 0.525390625 0.474609375 0.021484375 0.021484375 
1 0.451171875 0.5029296875 0.021484375 0.021484375 
1 0.501953125 0.689453125 0.021484375 0.021484375 
0 0.6162109375 0.5146484375 0.0234375 0.0234375 
0 0.525390625 0.048828125 0.0234375 0.0234375 
0 0.4599609375 0.45703125 0.021484375 0.021484375 
0 0.5703125 0.115234375 0.021484375 0.021484375 
1 0.5947265625 0.53515625 0.0224609375 0.0224609375 
0 0.6201171875 0.3828125 0.021484375 0.021484375 
1 0.51171875 0.0966796875 0.0224609375 0.0224609375 
0 0.580078125 0.287109375 0.0234375 0.0234375 
0 0.453125 0.1923828125 0.0224609375 0.0224609375 
0 0.4833984375 0.646484375 0.021484375 0.021484375 
0 0.5537109375 0.671875 0.021484375 0.021484375 
0 0.38671875 0.2265625 0.021484375 0.021484375 
0 0.5244140625 0.4365234375 0.021484375 0.021484375 
1 0.45703125 0.5830078125 0.0224609375 0.0224609375 
0 0.4931640625 0.8251953125 0.0224609375 0.0224609375 
0 0.3837890625 0.333984375 0.021484375 0.021484375 
0 0.5673828125 0.0712890625 0.0234375 0.0234375 
0 0.5849609375 0.4345703125 0.021484375 0.021484375 
0 0.4755859375 0.7119140625 0.0234375 0.0234375 
0 0.6513671875 0.052734375 0.021484375 0.021484375 
0 0.615234375 0.2783203125 0.021484375 0.021484375 
0 0.4931640625 0.0625 0.0234375 0.0234375 
1 0.4677734375 0.490234375 0.0224609375 0.0224609375 
1 0.484375 0.0419921875 0.021484375 0.021484375 
0 0.4248046875 0.28125 0.021484375 0.021484375 
1 0.392578125 0.26171875 0.021484375 0.021484375 
0 0.3515625 0.2998046875 0.021484375 0.021484375 
0 0.5078125 0.4365234375 0.021484375 0.021484375 
0 0.4873046875 0.4482421875 0.0234375 0.0234375 
0 0.40625 0.619140625 0.021484375 0.021484375 
0 0.4052734375 0.09765625 0.0234375 0.0234375 
0 0.3837890625 0.5 0.021484375 0.021484375 
0 0.4775390625 0.544921875 0.021484375 0.021484375 
0 0.6259765625 0.306640625 0.0234375 0.0234375 
0 0.59765625 0.337890625 0.021484375 0.021484375 
1 0.4453125 0.240234375 0.021484375 0.021484375 
0 0.6025390625 0.46484375 0.0234375 0.0234375 
0 0.5625 0.287109375 0.0234375 0.0234375 
0 0.4306640625 0.2509765625 0.0234375 0.0234375 
0 0.6435546875 0.197265625 0.0234375 0.0234375 
1 0.4404296875 0.611328125 0.021484375 0.021484375 
0 0.552734375 0.8017578125 0.021484375 0.021484375 
0 0.5263671875 0.1806640625 0.021484375 0.021484375 
