0 0.4033203125 0.248046875 0.0234375 0.0234375 
1 0.541015625 0.7314453125 0.0224609375 0.0224609375 
0 0.5361328125 0.4951171875 0.021484375 0.021484375 
0 0.52734375 0.1796875 0.0224609375 0.0224609375 
0 0.470703125 0.8759765625 0.025390625 0.025390625 
1 0.39453125 0.1474609375 0.021484375 0.021484375 
0 0.490234375 0.1015625 0.0234375 0.0234375 
0 0.685546875 0.0322265625 0.021484375 0.021484375 
0 0.517578125 0.2265625 0.0234375 0.0234375 
0 0.5439453125 0.220703125 0.021484375 0.021484375 
1 0.583984375 0.2373046875 0.0224609375 0.0224609375 
0 0.3212890625 0.12109375 0.021484375 0.021484375 
0 0.6494140625 0.1201171875 0.0234375 0.0234375 
0 0.6748046875 0.1552734375 0.0234375 0.0234375 
0 0.51171875 0.744140625 0.021484375 0.021484375 
1 0.2880859375 0.072265625 0.021484375 0.021484375 
1 0.4033203125 0.447265625 0.021484375 0.021484375 
0 0.435546875 0.4111328125 0.0234375 0.0234375 
0 0.5361328125 0.0302734375 0.021484375 0.021484375 
1 0.5556640625 0.68359375 0.021484375 0.021484375 
0 0.45703125 0.568359375 0.021484375 0.021484375 
1 0.5927734375 0.357421875 0.0224609375 0.0224609375 
0 0.384765625 0.03125 0.0234375 0.0234375 
0 0.560546875 0.28515625 0.0224609375 0.0224609375 
1 0.5498046875 0.3017578125 0.021484375 0.021484375 
0 0.4189453125 0.25390625 0.0224609375 0.0224609375 
0 0.6064453125 0.396484375 0.021484375 0.021484375 
1 0.5625 0.24609375 0.021484375 0.021484375 
0 0.6669921875 0.203125 0.021484375 0.021484375 
0 0.509765625 0.3935546875 0.0234375 0.0234375 
0 0.5927734375 0.30859375 0.0224609375 0.0224609375 
0 0.4169921875 0.578125 0.021484375 0.021484375 
0 0.494140625 0.3779296875 0.021484375 0.021484375 
0 0.55859375 0.458984375 0.0224609375 0.0224609375 
1 0.412109375 0.2890625 0.021484375 0.021484375 
0 0.4541015625 0.0625 0.021484375 0.021484375 
0 0.4921875 0.505859375 0.0234375 0.0234375 
0 0.560546875 0.37109375 0.0234375 0.0234375 
0 0.65625 0.2783203125 0.0224609375 0.0224609375 
0 0.455078125 0.3896484375 0.021484375 0.021484375 
0 0.6552734375 0.244140625 0.021484375 0.021484375 
0 0.3232421875 0.2392578125 0.021484375 0.021484375 
0 0.5771484375 0.09375 0.021484375 0.021484375 
0 0.37890625 0.0849609375 0.021484375 0.021484375 
0 0.515625 0.8388671875 0.0224609375 0.0224609375 
1 0.3681640625 0.1162109375 0.021484375 0.021484375 
0 0.4228515625 0.3359375 0.021484375 0.021484375 
0 0.4140625 0.4765625 0.0224609375 0.0224609375 
1 0.5087890625 0.1259765625 0.021484375 0.021484375 
0 0.4072265625 0.390625 0.021484375 0.021484375 
0 0.3916015625 0.224609375 0.0234375 0.0234375 
0 0.6650390625 0.0517578125 0.021484375 0.021484375 
0 0.5517578125 0.4951171875 0.0234375 0.0234375 
0 0.5712890625 0.7099609375 0.021484375 0.021484375 
1 0.2919921875 0.1376953125 0.021484375 0.021484375 
0 0.59375 0.482421875 0.021484375 0.021484375 
0 0.4169921875 0.44140625 0.021484375 0.021484375 
0 0.52734375 0.3203125 0.0234375 0.0234375 
0 0.482421875 0.595703125 0.021484375 0.021484375 
0 0.48828125 0.84375 0.0224609375 0.0224609375 
0 0.46484375 0.080078125 0.021484375 0.021484375 
1 0.6025390625 0.03515625 0.0224609375 0.0224609375 
0 0.509765625 0.7294921875 0.0224609375 0.0224609375 
0 0.3837890625 0.52734375 0.0234375 0.0234375 
1 0.5048828125 0.607421875 0.0224609375 0.0224609375 
0 0.58203125 0.3935546875 0.0234375 0.0234375 
1 0.48046875 0.0751953125 0.021484375 0.021484375 
1 0.6806640625 0.1875 0.0224609375 0.0224609375 
0 0.4189453125 0.5361328125 0.0234375 0.0234375 
0 0.509765625 0.6513671875 0.0224609375 0.0224609375 
1 0.4755859375 0.2841796875 0.021484375 0.021484375 
1 0.5693359375 0.6904296875 0.0224609375 0.0224609375 
0 0.5234375 0.6708984375 0.0224609375 0.0224609375 
0 0.482421875 0.2099609375 0.0234375 0.0234375 
1 0.509765625 0.7822265625 0.021484375 0.021484375 
0 0.443359375 0.6455078125 0.0234375 0.0234375 
0 0.619140625 0.421875 0.021484375 0.021484375 
0 0.58203125 0.2841796875 0.021484375 0.021484375 
0 0.5654296875 0.4189453125 0.0234375 0.0234375 
0 0.5400390625 0.6103515625 0.021484375 0.021484375 
0 0.5126953125 0.18359375 0.021484375 0.021484375 
0 0.48828125 0.5810546875 0.021484375 0.021484375 
0 0.4453125 0.796875 0.025390625 0.025390625 
0 0.5986328125 0.103515625 0.021484375 0.021484375 
0 0.5810546875 0.6650390625 0.021484375 0.021484375 
1 0.5166015625 0.2861328125 0.0224609375 0.0224609375 
0 0.58984375 0.044921875 0.021484375 0.021484375 
