1 0.5615234375 0.71875 0.021484375 0.021484375 
1 0.4521484375 0.369140625 0.021484375 0.021484375 
0 0.490234375 0.5908203125 0.021484375 0.021484375 
0 0.4296875 0.6787109375 0.021484375 0.021484375 
0 0.5478515625 0.1591796875 0.0234375 0.0234375 
1 0.2744140625 0.044921875 0.021484375 0.021484375 
1 0.544921875 0.69921875 0.021484375 0.021484375 
0 0.57421875 0.6884765625 0.0234375 0.0234375 
1 0.4443359375 0.15234375 0.021484375 0.021484375 
0 0.69140625 0.1025390625 0.0224609375 0.0224609375 
0 0.3759765625 0.2392578125 0.0224609375 0.0224609375 
1 0.6181640625 0.0927734375 0.021484375 0.021484375 
0 0.5283203125 0.8173828125 0.025390625 0.025390625 
0 0.69921875 0.0361328125 0.0234375 0.0234375 
0 0.48046875 0.6796875 0.0234375 0.0234375 
0 0.4560546875 0.8525390625 0.021484375 0.021484375 
0 0.41796875 0.107421875 0.0224609375 0.0224609375 
0 0.6435546875 0.3515625 0.021484375 0.021484375 
0 0.439453125 0.240234375 0.021484375 0.021484375 
0 0.55859375 0.462890625 0.021484375 0.021484375 
0 0.3935546875 0.1220703125 0.021484375 0.021484375 
1 0.5556640625 0.6865234375 0.021484375 0.021484375 
0 0.619140625 0.3466796875 0.021484375 0.021484375 
1 0.5625 0.544921875 0.0224609375 0.0224609375 
0 0.6611328125 0.2158203125 0.021484375 0.021484375 
0 0.5458984375 0.5830078125 0.0234375 0.0234375 
0 0.5908203125 0.1845703125 0.021484375 0.021484375 
0 0.595703125 0.291015625 0.021484375 0.021484375 
0 0.4072265625 0.0546875 0.021484375 0.021484375 
0 0.4130859375 0.6259765625 0.0234375 0.0234375 
0 0.54296875 0.3017578125 0.0224609375 0.0224609375 
1 0.513671875 0.671875 0.021484375 0.021484375 
0 0.5625 0.0888671875 0.0234375 0.0234375 
0 0.56640625 0.30859375 0.0234375 0.0234375 
0 0.341796875 0.080078125 0.021484375 0.021484375 
1 0.3388671875 0.1845703125 0.021484375 0.021484375 
0 0.4931640625 0.3173828125 0.0234375 0.0234375 
0 0.5380859375 0.2216796875 0.021484375 0.021484375 
0 0.646484375 0.1728515625 0.0224609375 0.0224609375 
0 0.5849609375 0.310546875 0.021484375 0.021484375 
0 0.484375 0.8203125 0.0224609375 0.0224609375 
0 0.5869140625 0.5517578125 0.021484375 0.021484375 
0 0.4013671875 0.556640625 0.0234375 0.0234375 
1 0.3681640625 0.0419921875 0.0224609375 0.0224609375 
1 0.400390625 0.0869140625 0.021484375 0.021484375 
0 0.4736328125 0.7109375 0.021484375 0.021484375 
0 0.4248046875 0.376953125 0.0234375 0.0234375 
1 0.4423828125 0.765625 0.021484375 0.021484375 
0 0.341796875 0.20703125 0.0224609375 0.0224609375 
0 0.447265625 0.0625 0.021484375 0.021484375 
0 0.353515625 0.0576171875 0.021484375 0.021484375 
1 0.609375 0.439453125 0.021484375 0.021484375 
0 0.482421875 0.201171875 0.021484375 0.021484375 
1 0.4921875 0.57421875 0.0224609375 0.0224609375 
0 0.498046875 0.6982421875 0.0234375 0.0234375 
1 0.541015625 0.1044921875 0.0224609375 0.0224609375 
0 0.416015625 0.4775390625 0.0224609375 0.0224609375 
0 0.400390625 0.48046875 0.0224609375 0.0224609375 
1 0.470703125 0.7509765625 0.0224609375 0.0224609375 
0 0.4111328125 0.45703125 0.021484375 0.021484375 
0 0.470703125 0.2158203125 0.0234375 0.0234375 
0 0.50390625 0.072265625 0.021484375 0.021484375 
0 0.4560546875 0.3876953125 0.0234375 0.0234375 
0 0.6240234375 0.4599609375 0.021484375 0.021484375 
0 0.375 0.087890625 0.0234375 0.0234375 
0 0.4482421875 0.541015625 0.021484375 0.021484375 
0 0.4560546875 0.6328125 0.021484375 0.021484375 
1 0.67578125 0.2177734375 0.0224609375 0.0224609375 
1 0.3544921875 0.1064453125 0.0224609375 0.0224609375 
1 0.4208984375 0.2216796875 0.0224609375 0.0224609375 
0 0.4931640625 0.3623046875 0.0234375 0.0234375 
0 0.671875 0.08984375 0.0234375 0.0234375 
0 0.6669921875 0.15234375 0.021484375 0.021484375 
0 0.611328125 0.123046875 0.021484375 0.021484375 
0 0.5078125 0.3935546875 0.0234375 0.0234375 
1 0.294921875 0.0478515625 0.021484375 0.021484375 
0 0.4052734375 0.5048828125 0.0224609375 0.0224609375 
0 0.509765625 0.7451171875 0.021484375 0.021484375 
1 0.556640625 0.64453125 0.0224609375 0.0224609375 
0 0.3505859375 0.32421875 0.0224609375 0.0224609375 
1 0.587890625 0.5673828125 0.021484375 0.021484375 
1 0.525390625 0.044921875 0.0224609375 0.0224609375 
0 0.5302734375 0.494140625 0.021484375 0.021484375 
0 0.494140625 0.1904296875 0.021484375 0.021484375 
0 0.2958984375 0.1474609375 0.021484375 0.021484375 
0 0.6708984375 0.185546875 0.021484375 0.021484375 
0 0.404296875 0.2880859375 0.021484375 0.021484375 
0 0.6357421875 0.3203125 0.0224609375 0.0224609375 
0 0.3896484375 0.1533203125 0.021484375 0.021484375 
0 0.5927734375 0.427734375 0.0234375 0.0234375 
0 0.640625 0.404296875 0.0234375 0.0234375 
0 0.4384765625 0.71484375 0.0234375 0.0234375 
0 0.54296875 0.5654296875 0.0234375 0.0234375 
0 0.4482421875 0.7861328125 0.0224609375 0.0224609375 
0 0.4423828125 0.802734375 0.0224609375 0.0224609375 
0 0.5009765625 0.5576171875 0.0224609375 0.0224609375 
0 0.5537109375 0.25390625 0.0234375 0.0234375 
0 0.359375 0.1611328125 0.0234375 0.0234375 
1 0.384765625 0.513671875 0.021484375 0.021484375 
0 0.4228515625 0.1884765625 0.021484375 0.021484375 
1 0.4033203125 0.4404296875 0.021484375 0.021484375 
0 0.6767578125 0.2421875 0.0234375 0.0234375 
0 0.685546875 0.125 0.021484375 0.021484375 
0 0.3671875 0.4677734375 0.021484375 0.021484375 
0 0.359375 0.3447265625 0.0234375 0.0234375 
0 0.4111328125 0.3154296875 0.021484375 0.021484375 
0 0.4912109375 0.041015625 0.0234375 0.0234375 
0 0.654296875 0.2314453125 0.0234375 0.0234375 
1 0.5205078125 0.2900390625 0.021484375 0.021484375 
1 0.5908203125 0.2236328125 0.0224609375 0.0224609375 
0 0.4375 0.587890625 0.021484375 0.021484375 
1 0.6044921875 0.3359375 0.021484375 0.021484375 
0 0.5419921875 0.841796875 0.0224609375 0.0224609375 
1 0.6533203125 0.3046875 0.0224609375 0.0224609375 
1 0.509765625 0.427734375 0.021484375 0.021484375 
0 0.3818359375 0.3056640625 0.0224609375 0.0224609375 
0 0.611328125 0.4736328125 0.021484375 0.021484375 
0 0.4521484375 0.5556640625 0.0234375 0.0234375 
0 0.39453125 0.412109375 0.021484375 0.021484375 
0 0.552734375 0.173828125 0.0234375 0.0234375 
0 0.5458984375 0.3662109375 0.0234375 0.0234375 
0 0.5263671875 0.4677734375 0.0234375 0.0234375 
1 0.5673828125 0.3818359375 0.021484375 0.021484375 
0 0.57421875 0.232421875 0.021484375 0.021484375 
0 0.3056640625 0.068359375 0.0234375 0.0234375 
0 0.5498046875 0.23828125 0.021484375 0.021484375 
0 0.71875 0.04296875 0.0234375 0.0234375 
0 0.7060546875 0.05859375 0.0234375 0.0234375 
0 0.4443359375 0.3203125 0.021484375 0.021484375 
0 0.419921875 0.3330078125 0.021484375 0.021484375 
1 0.5849609375 0.03125 0.021484375 0.021484375 
0 0.4736328125 0.3505859375 0.0224609375 0.0224609375 
1 0.4365234375 0.0419921875 0.021484375 0.021484375 
0 0.42578125 0.4404296875 0.0234375 0.0234375 
0 0.37890625 0.4130859375 0.0234375 0.0234375 
1 0.5908203125 0.1171875 0.021484375 0.021484375 
0 0.48046875 0.2587890625 0.0234375 0.0234375 
0 0.5068359375 0.865234375 0.021484375 0.021484375 
0 0.552734375 0.203125 0.0224609375 0.0224609375 
0 0.5146484375 0.6357421875 0.021484375 0.021484375 
0 0.6162109375 0.1669921875 0.0234375 0.0234375 
0 0.525390625 0.544921875 0.021484375 0.021484375 
0 0.421875 0.12890625 0.021484375 0.021484375 
1 0.5234375 0.345703125 0.021484375 0.021484375 
0 0.3828125 0.37109375 0.021484375 0.021484375 
0 0.470703125 0.6005859375 0.0234375 0.0234375 
1 0.5234375 0.158203125 0.021484375 0.021484375 
0 0.4853515625 0.07421875 0.021484375 0.021484375 
1 0.291015625 0.1279296875 0.021484375 0.021484375 
0 0.4794921875 0.30859375 0.021484375 0.021484375 
0 0.33203125 0.279296875 0.021484375 0.021484375 
0 0.376953125 0.3974609375 0.0224609375 0.0224609375 
0 0.50390625 0.1474609375 0.0224609375 0.0224609375 
0 0.6171875 0.2119140625 0.0234375 0.0234375 
0 0.5546875 0.3193359375 0.021484375 0.021484375 
1 0.4619140625 0.8154296875 0.021484375 0.021484375 
0 0.486328125 0.791015625 0.021484375 0.021484375 
0 0.5302734375 0.7421875 0.0234375 0.0234375 
1 0.5859375 0.6123046875 0.021484375 0.021484375 
1 0.466796875 0.80078125 0.0234375 0.0234375 
1 0.66015625 0.2744140625 0.021484375 0.021484375 
