0 0.486328125 0.59375 0.021484375 0.021484375 
0 0.5146484375 0.3232421875 0.021484375 0.021484375 
0 0.4638671875 0.126953125 0.021484375 0.021484375 
0 0.4013671875 0.03515625 0.0224609375 0.0224609375 
1 0.4580078125 0.1884765625 0.0224609375 0.0224609375 
0 0.544921875 0.51171875 0.0234375 0.0234375 
0 0.6494140625 0.0791015625 0.021484375 0.021484375 
0 0.5947265625 0.22265625 0.021484375 0.021484375 
1 0.541015625 0.6123046875 0.021484375 0.021484375 
0 0.5546875 0.203125 0.021484375 0.021484375 
0 0.44140625 0.189453125 0.021484375 0.021484375 
0 0.568359375 0.54296875 0.0224609375 0.0224609375 
1 0.5400390625 0.712890625 0.021484375 0.021484375 
0 0.6591796875 0.0361328125 0.021484375 0.021484375 
1 0.4580078125 0.8369140625 0.0234375 0.0234375 
0 0.642578125 0.1796875 0.0234375 0.0234375 
0 0.583984375 0.099609375 0.021484375 0.021484375 
0 0.41015625 0.1884765625 0.021484375 0.021484375 
1 0.6181640625 0.494140625 0.021484375 0.021484375 
0 0.4638671875 0.30859375 0.0234375 0.0234375 
1 0.65234375 0.1357421875 0.021484375 0.021484375 
0 0.4892578125 0.630859375 0.021484375 0.021484375 
0 0.431640625 0.6279296875 0.021484375 0.021484375 
1 0.625 0.0537109375 0.0224609375 0.0224609375 
0 0.4599609375 0.361328125 0.021484375 0.021484375 
1 0.283203125 0.0439453125 0.021484375 0.021484375 
0 0.5244140625 0.1044921875 0.0234375 0.0234375 
1 0.6201171875 0.13671875 0.021484375 0.021484375 
0 0.4384765625 0.7080078125 0.0234375 0.0234375 
0 0.49609375 0.814453125 0.0224609375 0.0224609375 
0 0.55859375 0.328125 0.021484375 0.021484375 
0 0.4443359375 0.16796875 0.0234375 0.0234375 
1 0.4404296875 0.400390625 0.0224609375 0.0224609375 
0 0.5361328125 0.5263671875 0.021484375 0.021484375 
0 0.34375 0.26953125 0.021484375 0.021484375 
0 0.4814453125 0.7822265625 0.021484375 0.021484375 
0 0.513671875 0.1708984375 0.0234375 0.0234375 
1 0.576171875 0.068359375 0.021484375 0.021484375 
0 0.5107421875 0.826171875 0.01953125 0.01953125 
1 0.494140625 0.5078125 0.021484375 0.021484375 
0 0.48828125 0.1572265625 0.021484375 0.021484375 
1 0.42578125 0.0615234375 0.0224609375 0.0224609375 
1 0.4736328125 0.8837890625 0.0234375 0.0234375 
0 0.4609375 0.337890625 0.021484375 0.021484375 
1 0.470703125 0.73046875 0.021484375 0.021484375 
0 0.33984375 0.0791015625 0.021484375 0.021484375 
0 0.392578125 0.3857421875 0.0234375 0.0234375 
1 0.3232421875 0.06640625 0.021484375 0.021484375 
0 0.4814453125 0.46484375 0.021484375 0.021484375 
1 0.396484375 0.5732421875 0.021484375 0.021484375 
1 0.34765625 0.25390625 0.0224609375 0.0224609375 
1 0.537109375 0.7431640625 0.021484375 0.021484375 
0 0.6396484375 0.099609375 0.021484375 0.021484375 
1 0.6552734375 0.330078125 0.0224609375 0.0224609375 
1 0.5517578125 0.0517578125 0.021484375 0.021484375 
0 0.642578125 0.1240234375 0.0234375 0.0234375 
0 0.4697265625 0.19921875 0.021484375 0.021484375 
0 0.609375 0.4013671875 0.021484375 0.021484375 
0 0.384765625 0.0947265625 0.0234375 0.0234375 
0 0.6015625 0.197265625 0.021484375 0.021484375 
1 0.3671875 0.1845703125 0.021484375 0.021484375 
0 0.505859375 0.701171875 0.021484375 0.021484375 
0 0.4765625 0.43359375 0.0224609375 0.0224609375 
0 0.369140625 0.080078125 0.021484375 0.021484375 
1 0.515625 0.07421875 0.021484375 0.021484375 
0 0.310546875 0.2001953125 0.0234375 0.0234375 
1 0.40625 0.4697265625 0.021484375 0.021484375 
0 0.5087890625 0.5107421875 0.0224609375 0.0224609375 
0 0.4052734375 0.3974609375 0.0234375 0.0234375 
1 0.458984375 0.1416015625 0.0224609375 0.0224609375 
0 0.6953125 0.052734375 0.0234375 0.0234375 
0 0.5654296875 0.4638671875 0.021484375 0.021484375 
0 0.484375 0.83203125 0.025390625 0.025390625 
0 0.5302734375 0.08984375 0.021484375 0.021484375 
1 0.4150390625 0.1640625 0.021484375 0.021484375 
0 0.3857421875 0.1708984375 0.0234375 0.0234375 
0 0.5283203125 0.830078125 0.025390625 0.025390625 
0 0.6572265625 0.2001953125 0.021484375 0.021484375 
0 0.412109375 0.3037109375 0.021484375 0.021484375 
0 0.4130859375 0.53515625 0.021484375 0.021484375 
0 0.5068359375 0.4677734375 0.021484375 0.021484375 
1 0.6220703125 0.236328125 0.0224609375 0.0224609375 
0 0.5771484375 0.0380859375 0.0234375 0.0234375 
