0 0.333984375 0.208984375 0.021484375 0.021484375 
0 0.3037109375 0.1416015625 0.021484375 0.021484375 
1 0.5087890625 0.7421875 0.0224609375 0.0224609375 
0 0.5087890625 0.4248046875 0.021484375 0.021484375 
0 0.4541015625 0.228515625 0.021484375 0.021484375 
0 0.5283203125 0.6630859375 0.0224609375 0.0224609375 
1 0.384765625 0.060546875 0.0224609375 0.0224609375 
0 0.3330078125 0.0556640625 0.0234375 0.0234375 
1 0.4755859375 0.04296875 0.0224609375 0.0224609375 
1 0.58984375 0.1494140625 0.0224609375 0.0224609375 
0 0.568359375 0.2880859375 0.0224609375 0.0224609375 
0 0.552734375 0.658203125 0.0234375 0.0234375 
0 0.5458984375 0.0380859375 0.021484375 0.021484375 
0 0.595703125 0.0908203125 0.021484375 0.021484375 
0 0.6337890625 0.3740234375 0.021484375 0.021484375 
1 0.4384765625 0.328125 0.021484375 0.021484375 
0 0.5166015625 0.564453125 0.021484375 0.021484375 
0 0.4619140625 0.5810546875 0.021484375 0.021484375 
1 0.572265625 0.08984375 0.021484375 0.021484375 
0 0.318359375 0.1806640625 0.0224609375 0.0224609375 
0 0.552734375 0.48828125 0.021484375 0.021484375 
1 0.3896484375 0.5732421875 0.021484375 0.021484375 
0 0.6806640625 0.0888671875 0.021484375 0.021484375 
0 0.5615234375 0.453125 0.021484375 0.021484375 
1 0.5439453125 0.3798828125 0.0224609375 0.0224609375 
0 0.53125 0.4990234375 0.021484375 0.021484375 
0 0.5986328125 0.068359375 0.021484375 0.021484375 
0 0.669921875 0.1455078125 0.021484375 0.021484375 
0 0.5673828125 0.478515625 0.0234375 0.0234375 
0 0.306640625 0.111328125 0.021484375 0.021484375 
0 0.5029296875 0.2861328125 0.021484375 0.021484375 
1 0.5546875 0.7685546875 0.021484375 0.021484375 
0 0.40625 0.421875 0.021484375 0.021484375 
0 0.62890625 0.2236328125 0.0224609375 0.0224609375 
1 0.42578125 0.2177734375 0.0224609375 0.0224609375 
0 0.4755859375 0.0869140625 0.0224609375 0.0224609375 
0 0.296875 0.08984375 0.0234375 0.0234375 
0 0.435546875 0.15234375 0.0234375 0.0234375 
1 0.552734375 0.419921875 0.0224609375 0.0224609375 
0 0.40234375 0.22265625 0.021484375 0.021484375 
1 0.6669921875 0.1806640625 0.021484375 0.021484375 
0 0.6796875 0.212890625 0.021484375 0.021484375 
0 0.5078125 0.5078125 0.0234375 0.0234375 
0 0.5888671875 0.4453125 0.0234375 0.0234375 
0 0.3701171875 0.2158203125 0.021484375 0.021484375 
0 0.3857421875 0.2294921875 0.021484375 0.021484375 
0 0.52734375 0.158203125 0.0234375 0.0234375 
1 0.4814453125 0.3447265625 0.0224609375 0.0224609375 
0 0.548828125 0.0751953125 0.0234375 0.0234375 
0 0.59765625 0.4921875 0.021484375 0.021484375 
0 0.5888671875 0.205078125 0.0224609375 0.0224609375 
0 0.33984375 0.3203125 0.021484375 0.021484375 
0 0.4482421875 0.828125 0.0224609375 0.0224609375 
1 0.525390625 0.2919921875 0.0224609375 0.0224609375 
1 0.611328125 0.5419921875 0.0224609375 0.0224609375 
0 0.634765625 0.2958984375 0.0234375 0.0234375 
0 0.5205078125 0.076171875 0.021484375 0.021484375 
0 0.509765625 0.4013671875 0.021484375 0.021484375 
0 0.611328125 0.2919921875 0.021484375 0.021484375 
0 0.48828125 0.6435546875 0.0234375 0.0234375 
0 0.4912109375 0.693359375 0.0224609375 0.0224609375 
0 0.375 0.474609375 0.021484375 0.021484375 
0 0.6298828125 0.439453125 0.021484375 0.021484375 
0 0.28515625 0.1005859375 0.0234375 0.0234375 
1 0.46484375 0.845703125 0.021484375 0.021484375 
0 0.33984375 0.18359375 0.021484375 0.021484375 
0 0.49609375 0.3037109375 0.0234375 0.0234375 
0 0.5 0.3896484375 0.021484375 0.021484375 
1 0.515625 0.7177734375 0.021484375 0.021484375 
1 0.353515625 0.220703125 0.021484375 0.021484375 
0 0.4638671875 0.8857421875 0.0224609375 0.0224609375 
0 0.3974609375 0.140625 0.0234375 0.0234375 
1 0.619140625 0.1708984375 0.021484375 0.021484375 
0 0.65234375 0.3037109375 0.0224609375 0.0224609375 
1 0.474609375 0.130859375 0.0224609375 0.0224609375 
0 0.5712890625 0.390625 0.0234375 0.0234375 
0 0.5146484375 0.3173828125 0.021484375 0.021484375 
0 0.6806640625 0.15625 0.021484375 0.021484375 
0 0.396484375 0.52734375 0.021484375 0.021484375 
0 0.4921875 0.8134765625 0.0224609375 0.0224609375 
0 0.5029296875 0.8359375 0.0224609375 0.0224609375 
0 0.5439453125 0.6201171875 0.0224609375 0.0224609375 
0 0.4365234375 0.2412109375 0.021484375 0.021484375 
1 0.552734375 0.1484375 0.021484375 0.021484375 
0 0.384765625 0.259765625 0.021484375 0.021484375 
0 0.54296875 0.5087890625 0.0234375 0.0234375 
0 0.4794921875 0.3798828125 0.021484375 0.021484375 
1 0.3671875 0.3955078125 0.0224609375 0.0224609375 
1 0.4599609375 0.4072265625 0.021484375 0.021484375 
1 0.6064453125 0.4794921875 0.021484375 0.021484375 
0 0.630859375 0.1123046875 0.0224609375 0.0224609375 
0 0.4697265625 0.2470703125 0.0234375 0.0234375 
0 0.443359375 0.494140625 0.0234375 0.0234375 
1 0.4306640625 0.6875 0.021484375 0.021484375 
0 0.3876953125 0.0859375 0.0234375 0.0234375 
1 0.341796875 0.0751953125 0.021484375 0.021484375 
0 0.548828125 0.201171875 0.021484375 0.021484375 
