0 0.4775390625 0.37109375 0.021484375 0.021484375 
0 0.548828125 0.6142578125 0.0224609375 0.0224609375 
0 0.486328125 0.810546875 0.025390625 0.025390625 
0 0.560546875 0.685546875 0.021484375 0.021484375 
0 0.322265625 0.1796875 0.0234375 0.0234375 
0 0.5712890625 0.5419921875 0.0234375 0.0234375 
0 0.625 0.1494140625 0.0234375 0.0234375 
1 0.4970703125 0.255859375 0.021484375 0.021484375 
0 0.5908203125 0.46875 0.021484375 0.021484375 
0 0.5166015625 0.06640625 0.021484375 0.021484375 
0 0.5166015625 0.19921875 0.0234375 0.0234375 
0 0.4951171875 0.076171875 0.021484375 0.021484375 
0 0.640625 0.2373046875 0.021484375 0.021484375 
0 0.36328125 0.3740234375 0.021484375 0.021484375 
0 0.7041015625 0.083984375 0.0234375 0.0234375 
0 0.4853515625 0.3857421875 0.0234375 0.0234375 
0 0.7060546875 0.0595703125 0.021484375 0.021484375 
0 0.431640625 0.6865234375 0.021484375 0.021484375 
0 0.3662109375 0.134765625 0.021484375 0.021484375 
1 0.455078125 0.40625 0.021484375 0.021484375 
1 0.5322265625 0.6416015625 0.021484375 0.021484375 
1 0.5224609375 0.501953125 0.021484375 0.021484375 
0 0.595703125 0.1201171875 0.021484375 0.021484375 
1 0.41796875 0.546875 0.021484375 0.021484375 
0 0.4228515625 0.48828125 0.0234375 0.0234375 
0 0.5205078125 0.2587890625 0.021484375 0.021484375 
0 0.6572265625 0.16015625 0.021484375 0.021484375 
0 0.5703125 0.6533203125 0.021484375 0.021484375 
0 0.46875 0.427734375 0.0224609375 0.0224609375 
0 0.4638671875 0.2275390625 0.0224609375 0.0224609375 
0 0.4677734375 0.4794921875 0.0234375 0.0234375 
1 0.4580078125 0.4658203125 0.021484375 0.021484375 
1 0.615234375 0.1943359375 0.021484375 0.021484375 
0 0.4833984375 0.5361328125 0.021484375 0.021484375 
0 0.5390625 0.80078125 0.0224609375 0.0224609375 
0 0.5322265625 0.8662109375 0.025390625 0.025390625 
0 0.3232421875 0.130859375 0.021484375 0.021484375 
0 0.3583984375 0.2119140625 0.0224609375 0.0224609375 
0 0.4970703125 0.40625 0.021484375 0.021484375 
0 0.3212890625 0.1611328125 0.0224609375 0.0224609375 
1 0.5068359375 0.8955078125 0.0234375 0.0234375 
0 0.38671875 0.52734375 0.021484375 0.021484375 
0 0.5107421875 0.564453125 0.0234375 0.0234375 
0 0.4814453125 0.599609375 0.021484375 0.021484375 
0 0.4423828125 0.7333984375 0.021484375 0.021484375 
0 0.5859375 0.26953125 0.021484375 0.021484375 
0 0.607421875 0.455078125 0.0234375 0.0234375 
0 0.3447265625 0.34375 0.021484375 0.021484375 
0 0.5087890625 0.0341796875 0.021484375 0.021484375 
1 0.4599609375 0.5146484375 0.021484375 0.021484375 
1 0.474609375 0.716796875 0.021484375 0.021484375 
0 0.3876953125 0.4853515625 0.021484375 0.021484375 
0 0.404296875 0.5 0.0234375 0.0234375 
0 0.46484375 0.0927734375 0.0234375 0.0234375 
0 0.34375 0.2255859375 0.021484375 0.021484375 
0 0.4873046875 0.8310546875 0.021484375 0.021484375 
0 0.4814453125 0.1591796875 0.0224609375 0.0224609375 
1 0.62109375 0.2451171875 0.0224609375 0.0224609375 
0 0.3525390625 0.1171875 0.0234375 0.0234375 
0 0.533203125 0.224609375 0.021484375 0.021484375 
0 0.6259765625 0.11328125 0.021484375 0.021484375 
0 0.359375 0.1591796875 0.0224609375 0.0224609375 
0 0.3037109375 0.1396484375 0.0234375 0.0234375 
0 0.4541015625 0.2763671875 0.021484375 0.021484375 
1 0.2861328125 0.0390625 0.0224609375 0.0224609375 
1 0.51171875 0.6298828125 0.021484375 0.021484375 
0 0.6279296875 0.3251953125 0.021484375 0.021484375 
0 0.5546875 0.2080078125 0.021484375 0.021484375 
0 0.544921875 0.099609375 0.0234375 0.0234375 
0 0.390625 0.1943359375 0.021484375 0.021484375 
0 0.650390625 0.21484375 0.021484375 0.021484375 
0 0.4716796875 0.7958984375 0.021484375 0.021484375 
1 0.3779296875 0.451171875 0.0224609375 0.0224609375 
0 0.6455078125 0.263671875 0.0234375 0.0234375 
0 0.419921875 0.2177734375 0.0234375 0.0234375 
