0 0.4853515625 0.814453125 0.021484375 0.021484375 
0 0.4072265625 0.453125 0.0224609375 0.0224609375 
0 0.62109375 0.1630859375 0.021484375 0.021484375 
0 0.4560546875 0.822265625 0.0224609375 0.0224609375 
0 0.26953125 0.0361328125 0.021484375 0.021484375 
0 0.6318359375 0.3505859375 0.021484375 0.021484375 
0 0.5888671875 0.185546875 0.021484375 0.021484375 
0 0.400390625 0.3134765625 0.0234375 0.0234375 
1 0.501953125 0.1259765625 0.021484375 0.021484375 
0 0.4404296875 0.73046875 0.0234375 0.0234375 
0 0.3837890625 0.3955078125 0.0234375 0.0234375 
0 0.6845703125 0.17578125 0.021484375 0.021484375 
0 0.6025390625 0.54296875 0.0234375 0.0234375 
0 0.6875 0.1015625 0.021484375 0.021484375 
0 0.51171875 0.1640625 0.021484375 0.021484375 
0 0.439453125 0.7880859375 0.021484375 0.021484375 
0 0.6337890625 0.033203125 0.0224609375 0.0224609375 
0 0.6083984375 0.271484375 0.021484375 0.021484375 
0 0.419921875 0.6611328125 0.021484375 0.021484375 
0 0.6533203125 0.2255859375 0.0234375 0.0234375 
0 0.4521484375 0.1484375 0.021484375 0.021484375 
0 0.34765625 0.265625 0.0224609375 0.0224609375 
0 0.4853515625 0.625 0.0224609375 0.0224609375 
1 0.3505859375 0.0625 0.021484375 0.021484375 
1 0.6025390625 0.5625 0.021484375 0.021484375 
0 0.6845703125 0.0458984375 0.0234375 0.0234375 
0 0.31640625 0.044921875 0.0234375 0.0234375 
0 0.5869140625 0.2333984375 0.021484375 0.021484375 
0 0.5166015625 0.1923828125 0.0224609375 0.0224609375 
1 0.7021484375 0.05078125 0.0224609375 0.0224609375 
1 0.392578125 0.265625 0.0224609375 0.0224609375 
0 0.5 0.244140625 0.021484375 0.021484375 
0 0.482421875 0.2802734375 0.021484375 0.021484375 
1 0.53515625 0.2275390625 0.021484375 0.021484375 
0 0.6806640625 0.080078125 0.021484375 0.021484375 
0 0.3935546875 0.046875 0.021484375 0.021484375 
0 0.5107421875 0.484375 0.021484375 0.021484375 
0 0.52734375 0.7890625 0.025390625 0.025390625 
0 0.513671875 0.525390625 0.0234375 0.0234375 
0 0.5869140625 0.123046875 0.0224609375 0.0224609375 
0 0.6533203125 0.0869140625 0.0234375 0.0234375 
0 0.4267578125 0.4140625 0.0224609375 0.0224609375 
0 0.5634765625 0.755859375 0.021484375 0.021484375 
0 0.39453125 0.0732421875 0.021484375 0.021484375 
0 0.595703125 0.15625 0.021484375 0.021484375 
0 0.46484375 0.396484375 0.021484375 0.021484375 
1 0.3046875 0.1611328125 0.0224609375 0.0224609375 
0 0.3388671875 0.2294921875 0.0234375 0.0234375 
0 0.513671875 0.322265625 0.0234375 0.0234375 
0 0.37109375 0.2783203125 0.0234375 0.0234375 
0 0.5107421875 0.0673828125 0.0234375 0.0234375 
0 0.4990234375 0.78125 0.021484375 0.021484375 
1 0.3505859375 0.171875 0.021484375 0.021484375 
1 0.353515625 0.1083984375 0.021484375 0.021484375 
0 0.43359375 0.2470703125 0.021484375 0.021484375 
0 0.4013671875 0.353515625 0.021484375 0.021484375 
1 0.5947265625 0.376953125 0.021484375 0.021484375 
0 0.53515625 0.3017578125 0.021484375 0.021484375 
0 0.6708984375 0.068359375 0.0234375 0.0234375 
1 0.5537109375 0.4853515625 0.021484375 0.021484375 
0 0.5009765625 0.8154296875 0.0224609375 0.0224609375 
0 0.484375 0.3369140625 0.0234375 0.0234375 
0 0.65234375 0.3349609375 0.0234375 0.0234375 
1 0.5712890625 0.142578125 0.0224609375 0.0224609375 
0 0.4033203125 0.5166015625 0.021484375 0.021484375 
0 0.46484375 0.6884765625 0.021484375 0.021484375 
1 0.6650390625 0.287109375 0.021484375 0.021484375 
0 0.541015625 0.4931640625 0.021484375 0.021484375 
1 0.5068359375 0.3857421875 0.021484375 0.021484375 
1 0.6513671875 0.05078125 0.0224609375 0.0224609375 
0 0.595703125 0.4306640625 0.021484375 0.021484375 
1 0.66796875 0.1474609375 0.021484375 0.021484375 
1 0.45703125 0.517578125 0.021484375 0.021484375 
0 0.53125 0.572265625 0.021484375 0.021484375 
0 0.685546875 0.1259765625 0.021484375 0.021484375 
1 0.556640625 0.5810546875 0.0224609375 0.0224609375 
0 0.412109375 0.5380859375 0.0224609375 0.0224609375 
0 0.35546875 0.2978515625 0.0224609375 0.0224609375 
0 0.3974609375 0.4765625 0.021484375 0.021484375 
0 0.5234375 0.734375 0.0224609375 0.0224609375 
0 0.4140625 0.5634765625 0.0234375 0.0234375 
0 0.5166015625 0.283203125 0.021484375 0.021484375 
1 0.6298828125 0.0732421875 0.0224609375 0.0224609375 
0 0.66796875 0.18359375 0.021484375 0.021484375 
0 0.5517578125 0.728515625 0.0224609375 0.0224609375 
0 0.4345703125 0.1318359375 0.021484375 0.021484375 
1 0.333984375 0.279296875 0.0224609375 0.0224609375 
0 0.62890625 0.2138671875 0.0234375 0.0234375 
0 0.5703125 0.3369140625 0.021484375 0.021484375 
0 0.4423828125 0.6123046875 0.021484375 0.021484375 
0 0.4111328125 0.033203125 0.021484375 0.021484375 
1 0.390625 0.5478515625 0.021484375 0.021484375 
1 0.5048828125 0.8515625 0.021484375 0.021484375 
1 0.552734375 0.6865234375 0.021484375 0.021484375 
0 0.537109375 0.4384765625 0.0224609375 0.0224609375 
0 0.4580078125 0.6572265625 0.0224609375 0.0224609375 
0 0.62890625 0.408203125 0.021484375 0.021484375 
0 0.4931640625 0.498046875 0.021484375 0.021484375 
0 0.4111328125 0.224609375 0.021484375 0.021484375 
0 0.4541015625 0.24609375 0.0234375 0.0234375 
0 0.4189453125 0.0703125 0.0234375 0.0234375 
0 0.330078125 0.0693359375 0.021484375 0.021484375 
0 0.4794921875 0.572265625 0.021484375 0.021484375 
0 0.4365234375 0.3544921875 0.021484375 0.021484375 
0 0.3662109375 0.4736328125 0.0224609375 0.0224609375 
0 0.3916015625 0.1884765625 0.0234375 0.0234375 
0 0.4609375 0.634765625 0.0234375 0.0234375 
0 0.58203125 0.4755859375 0.021484375 0.021484375 
0 0.6416015625 0.1962890625 0.021484375 0.021484375 
1 0.4677734375 0.5009765625 0.021484375 0.021484375 
0 0.681640625 0.203125 0.0234375 0.0234375 
0 0.396484375 0.1328125 0.021484375 0.021484375 
0 0.5595703125 0.6630859375 0.0224609375 0.0224609375 
1 0.5126953125 0.0361328125 0.021484375 0.021484375 
1 0.3701171875 0.2060546875 0.021484375 0.021484375 
0 0.4365234375 0.7724609375 0.01953125 0.01953125 
0 0.572265625 0.2548828125 0.021484375 0.021484375 
1 0.4140625 0.431640625 0.021484375 0.021484375 
1 0.3720703125 0.1044921875 0.021484375 0.021484375 
1 0.482421875 0.0830078125 0.021484375 0.021484375 
0 0.587890625 0.34375 0.021484375 0.021484375 
1 0.2998046875 0.12890625 0.021484375 0.021484375 
0 0.6201171875 0.3212890625 0.0234375 0.0234375 
0 0.3291015625 0.09375 0.0234375 0.0234375 
0 0.306640625 0.091796875 0.021484375 0.021484375 
0 0.6005859375 0.203125 0.0234375 0.0234375 
0 0.5419921875 0.6259765625 0.021484375 0.021484375 
0 0.583984375 0.3896484375 0.021484375 0.021484375 
0 0.5419921875 0.1494140625 0.021484375 0.021484375 
0 0.568359375 0.404296875 0.021484375 0.021484375 
1 0.37109375 0.3681640625 0.021484375 0.021484375 
0 0.3896484375 0.5224609375 0.0234375 0.0234375 
1 0.5546875 0.19921875 0.0224609375 0.0224609375 
1 0.466796875 0.6015625 0.0224609375 0.0224609375 
1 0.42578125 0.3349609375 0.021484375 0.021484375 
0 0.4775390625 0.1650390625 0.021484375 0.021484375 
1 0.3349609375 0.1806640625 0.021484375 0.021484375 
0 0.54296875 0.552734375 0.021484375 0.021484375 
0 0.4306640625 0.43359375 0.0234375 0.0234375 
0 0.5537109375 0.5166015625 0.0234375 0.0234375 
0 0.44921875 0.3388671875 0.0234375 0.0234375 
0 0.46875 0.33203125 0.0234375 0.0234375 
1 0.4677734375 0.03515625 0.021484375 0.021484375 
0 0.5234375 0.7568359375 0.021484375 0.021484375 
1 0.5458984375 0.2861328125 0.0224609375 0.0224609375 
0 0.6708984375 0.2421875 0.021484375 0.021484375 
0 0.408203125 0.1904296875 0.0234375 0.0234375 
0 0.458984375 0.05859375 0.0234375 0.0234375 
1 0.6181640625 0.197265625 0.0224609375 0.0224609375 
0 0.5556640625 0.1806640625 0.0234375 0.0234375 
0 0.5400390625 0.759765625 0.025390625 0.025390625 
1 0.583984375 0.6298828125 0.021484375 0.021484375 
1 0.55078125 0.7060546875 0.021484375 0.021484375 
1 0.5029296875 0.4326171875 0.0224609375 0.0224609375 
0 0.5751953125 0.208984375 0.0234375 0.0234375 
0 0.4814453125 0.1455078125 0.0234375 0.0234375 
0 0.4296875 0.4755859375 0.021484375 0.021484375 
1 0.4228515625 0.4501953125 0.0224609375 0.0224609375 
0 0.470703125 0.0703125 0.021484375 0.021484375 
1 0.55859375 0.60546875 0.0224609375 0.0224609375 
0 0.6826171875 0.1572265625 0.021484375 0.021484375 
0 0.4072265625 0.240234375 0.0234375 0.0234375 
1 0.4501953125 0.2724609375 0.0224609375 0.0224609375 
0 0.482421875 0.6650390625 0.0224609375 0.0224609375 
0 0.51953125 0.681640625 0.0234375 0.0234375 
0 0.5791015625 0.2880859375 0.0234375 0.0234375 
0 0.619140625 0.3037109375 0.0234375 0.0234375 
1 0.484375 0.6005859375 0.021484375 0.021484375 
0 0.6171875 0.1416015625 0.0234375 0.0234375 
0 0.3251953125 0.1484375 0.0234375 0.0234375 
1 0.5390625 0.5869140625 0.021484375 0.021484375 
0 0.2890625 0.0791015625 0.021484375 0.021484375 
1 0.630859375 0.05078125 0.021484375 0.021484375 
0 0.49609375 0.5302734375 0.0234375 0.0234375 
0 0.5869140625 0.4111328125 0.0234375 0.0234375 
0 0.5263671875 0.1318359375 0.021484375 0.021484375 
0 0.603515625 0.0849609375 0.021484375 0.021484375 
0 0.4599609375 0.310546875 0.0234375 0.0234375 
0 0.3193359375 0.1796875 0.021484375 0.021484375 
0 0.640625 0.2392578125 0.0234375 0.0234375 
1 0.6015625 0.2451171875 0.021484375 0.021484375 
0 0.4755859375 0.7197265625 0.021484375 0.021484375 
1 0.5009765625 0.40234375 0.021484375 0.021484375 
0 0.49609375 0.4541015625 0.021484375 0.021484375 
0 0.61328125 0.517578125 0.021484375 0.021484375 
0 0.4462890625 0.107421875 0.021484375 0.021484375 
0 0.4541015625 0.5634765625 0.021484375 0.021484375 
0 0.560546875 0.2724609375 0.021484375 0.021484375 
0 0.517578125 0.09765625 0.021484375 0.021484375 
0 0.451171875 0.37109375 0.0234375 0.0234375 
