1 0.478515625 0.5205078125 0.0224609375 0.0224609375 
0 0.3427734375 0.1328125 0.021484375 0.021484375 
0 0.5263671875 0.8369140625 0.01953125 0.01953125 
0 0.46484375 0.70703125 0.021484375 0.021484375 
0 0.5654296875 0.62109375 0.0234375 0.0234375 
0 0.4482421875 0.666015625 0.0224609375 0.0224609375 
1 0.5859375 0.294921875 0.021484375 0.021484375 
0 0.451171875 0.26171875 0.021484375 0.021484375 
0 0.388671875 0.060546875 0.021484375 0.021484375 
0 0.6640625 0.09765625 0.021484375 0.021484375 
0 0.5732421875 0.6650390625 0.021484375 0.021484375 
0 0.6328125 0.2587890625 0.0234375 0.0234375 
0 0.623046875 0.474609375 0.021484375 0.021484375 
0 0.4736328125 0.75390625 0.0224609375 0.0224609375 
1 0.3095703125 0.17578125 0.0224609375 0.0224609375 
0 0.5380859375 0.7509765625 0.0224609375 0.0224609375 
0 0.47265625 0.869140625 0.025390625 0.025390625 
0 0.35546875 0.1611328125 0.021484375 0.021484375 
1 0.421875 0.4189453125 0.021484375 0.021484375 
0 0.42578125 0.279296875 0.0234375 0.0234375 
0 0.5673828125 0.3232421875 0.021484375 0.021484375 
1 0.576171875 0.251953125 0.021484375 0.021484375 
1 0.6337890625 0.037109375 0.0224609375 0.0224609375 
0 0.4697265625 0.326171875 0.0234375 0.0234375 
0 0.619140625 0.306640625 0.0234375 0.0234375 
0 0.560546875 0.4931640625 0.021484375 0.021484375 
1 0.509765625 0.4755859375 0.021484375 0.021484375 
1 0.556640625 0.0703125 0.021484375 0.021484375 
0 0.3310546875 0.1884765625 0.021484375 0.021484375 
0 0.5458984375 0.6474609375 0.0234375 0.0234375 
0 0.70703125 0.0625 0.0234375 0.0234375 
1 0.5859375 0.44921875 0.021484375 0.021484375 
0 0.40625 0.26171875 0.0224609375 0.0224609375 
0 0.6591796875 0.2080078125 0.021484375 0.021484375 
0 0.5234375 0.873046875 0.021484375 0.021484375 
0 0.515625 0.330078125 0.0234375 0.0234375 
0 0.611328125 0.4609375 0.021484375 0.021484375 
0 0.5244140625 0.447265625 0.0224609375 0.0224609375 
0 0.486328125 0.630859375 0.021484375 0.021484375 
1 0.4013671875 0.076171875 0.021484375 0.021484375 
0 0.482421875 0.306640625 0.0234375 0.0234375 
0 0.5234375 0.6845703125 0.021484375 0.021484375 
0 0.548828125 0.517578125 0.021484375 0.021484375 
1 0.5009765625 0.748046875 0.021484375 0.021484375 
0 0.6162109375 0.046875 0.021484375 0.021484375 
0 0.3818359375 0.3583984375 0.021484375 0.021484375 
1 0.58203125 0.1962890625 0.0224609375 0.0224609375 
0 0.34765625 0.31640625 0.021484375 0.021484375 
0 0.5068359375 0.12109375 0.021484375 0.021484375 
1 0.3642578125 0.216796875 0.021484375 0.021484375 
0 0.53515625 0.2978515625 0.0234375 0.0234375 
0 0.439453125 0.357421875 0.0234375 0.0234375 
0 0.5361328125 0.103515625 0.021484375 0.021484375 
1 0.42578125 0.5537109375 0.0224609375 0.0224609375 
0 0.623046875 0.2451171875 0.021484375 0.021484375 
0 0.4072265625 0.568359375 0.021484375 0.021484375 
0 0.517578125 0.818359375 0.0234375 0.0234375 
0 0.701171875 0.076171875 0.0224609375 0.0224609375 
1 0.4765625 0.822265625 0.0234375 0.0234375 
1 0.599609375 0.443359375 0.021484375 0.021484375 
0 0.44140625 0.197265625 0.0234375 0.0234375 
0 0.3681640625 0.3251953125 0.0234375 0.0234375 
0 0.4345703125 0.4306640625 0.021484375 0.021484375 
0 0.525390625 0.4892578125 0.0234375 0.0234375 
1 0.4169921875 0.46484375 0.0224609375 0.0224609375 
1 0.4560546875 0.6435546875 0.021484375 0.021484375 
1 0.330078125 0.2099609375 0.021484375 0.021484375 
0 0.3349609375 0.2431640625 0.0234375 0.0234375 
0 0.51171875 0.7333984375 0.0234375 0.0234375 
1 0.59375 0.3505859375 0.0224609375 0.0224609375 
0 0.51953125 0.6201171875 0.0234375 0.0234375 
1 0.5087890625 0.0390625 0.021484375 0.021484375 
0 0.46875 0.4873046875 0.0234375 0.0234375 
0 0.3935546875 0.1181640625 0.021484375 0.021484375 
0 0.60546875 0.1484375 0.021484375 0.021484375 
1 0.490234375 0.7900390625 0.0234375 0.0234375 
1 0.544921875 0.2392578125 0.0224609375 0.0224609375 
0 0.673828125 0.05859375 0.0234375 0.0234375 
1 0.6220703125 0.35546875 0.0224609375 0.0224609375 
0 0.58203125 0.3349609375 0.021484375 0.021484375 
0 0.4365234375 0.677734375 0.0234375 0.0234375 
0 0.494140625 0.28125 0.021484375 0.021484375 
0 0.3681640625 0.2607421875 0.021484375 0.021484375 
0 0.34765625 0.255859375 0.021484375 0.021484375 
0 0.5234375 0.716796875 0.021484375 0.021484375 
0 0.4921875 0.6689453125 0.021484375 0.021484375 
0 0.5830078125 0.046875 0.0224609375 0.0224609375 
0 0.6259765625 0.0751953125 0.021484375 0.021484375 
0 0.3837890625 0.2080078125 0.0234375 0.0234375 
0 0.630859375 0.16015625 0.021484375 0.021484375 
0 0.5263671875 0.20703125 0.0234375 0.0234375 
0 0.6015625 0.412109375 0.021484375 0.021484375 
1 0.5654296875 0.3525390625 0.0224609375 0.0224609375 
0 0.4560546875 0.16015625 0.021484375 0.021484375 
0 0.5439453125 0.5361328125 0.021484375 0.021484375 
0 0.59765625 0.072265625 0.021484375 0.021484375 
1 0.5458984375 0.625 0.021484375 0.021484375 
0 0.5859375 0.384765625 0.021484375 0.021484375 
1 0.578125 0.0986328125 0.021484375 0.021484375 
0 0.5498046875 0.7841796875 0.021484375 0.021484375 
0 0.3828125 0.2646484375 0.0234375 0.0234375 
0 0.4736328125 0.36328125 0.0224609375 0.0224609375 
0 0.4521484375 0.728515625 0.021484375 0.021484375 
0 0.2998046875 0.115234375 0.021484375 0.021484375 
0 0.412109375 0.490234375 0.021484375 0.021484375 
0 0.6865234375 0.12109375 0.021484375 0.021484375 
0 0.4091796875 0.6416015625 0.0224609375 0.0224609375 
1 0.5185546875 0.3935546875 0.021484375 0.021484375 
0 0.38671875 0.3134765625 0.0234375 0.0234375 
0 0.50390625 0.517578125 0.021484375 0.021484375 
0 0.576171875 0.1240234375 0.021484375 0.021484375 
0 0.5546875 0.755859375 0.021484375 0.021484375 
0 0.525390625 0.5244140625 0.021484375 0.021484375 
0 0.6650390625 0.08203125 0.0234375 0.0234375 
0 0.62890625 0.111328125 0.0234375 0.0234375 
0 0.6142578125 0.2001953125 0.021484375 0.021484375 
0 0.40234375 0.1953125 0.021484375 0.021484375 
0 0.4873046875 0.5537109375 0.021484375 0.021484375 
0 0.5341796875 0.47265625 0.0234375 0.0234375 
0 0.5966796875 0.056640625 0.0234375 0.0234375 
0 0.626953125 0.3232421875 0.0234375 0.0234375 
1 0.5517578125 0.1484375 0.021484375 0.021484375 
0 0.3115234375 0.037109375 0.021484375 0.021484375 
0 0.4892578125 0.333984375 0.0234375 0.0234375 
0 0.490234375 0.1162109375 0.021484375 0.021484375 
0 0.4716796875 0.6220703125 0.0234375 0.0234375 
0 0.455078125 0.2958984375 0.021484375 0.021484375 
0 0.5673828125 0.533203125 0.021484375 0.021484375 
0 0.4326171875 0.6220703125 0.0234375 0.0234375 
1 0.4892578125 0.69921875 0.021484375 0.021484375 
0 0.556640625 0.416015625 0.021484375 0.021484375 
0 0.5283203125 0.5732421875 0.021484375 0.021484375 
0 0.4013671875 0.455078125 0.021484375 0.021484375 
0 0.421875 0.0634765625 0.0224609375 0.0224609375 
0 0.4873046875 0.4404296875 0.021484375 0.021484375 
0 0.58984375 0.18359375 0.021484375 0.021484375 
1 0.517578125 0.07421875 0.021484375 0.021484375 
1 0.3701171875 0.4423828125 0.021484375 0.021484375 
0 0.65625 0.0625 0.0234375 0.0234375 
1 0.6025390625 0.515625 0.0224609375 0.0224609375 
1 0.537109375 0.7353515625 0.021484375 0.021484375 
1 0.5361328125 0.2822265625 0.0224609375 0.0224609375 
0 0.3369140625 0.275390625 0.021484375 0.021484375 
0 0.5009765625 0.1787109375 0.021484375 0.021484375 
0 0.669921875 0.248046875 0.0234375 0.0234375 
1 0.44140625 0.744140625 0.021484375 0.021484375 
0 0.3994140625 0.169921875 0.021484375 0.021484375 
0 0.494140625 0.216796875 0.021484375 0.021484375 
0 0.2998046875 0.078125 0.021484375 0.021484375 
0 0.46875 0.798828125 0.0224609375 0.0224609375 
1 0.4169921875 0.34375 0.021484375 0.021484375 
0 0.45703125 0.767578125 0.0234375 0.0234375 
1 0.6044921875 0.2978515625 0.0224609375 0.0224609375 
0 0.625 0.1298828125 0.021484375 0.021484375 
0 0.46484375 0.341796875 0.021484375 0.021484375 
0 0.390625 0.412109375 0.0234375 0.0234375 
1 0.5732421875 0.4306640625 0.021484375 0.021484375 
0 0.3056640625 0.095703125 0.021484375 0.021484375 
0 0.2919921875 0.0419921875 0.021484375 0.021484375 
1 0.61328125 0.1845703125 0.021484375 0.021484375 
1 0.486328125 0.48046875 0.021484375 0.021484375 
1 0.4853515625 0.603515625 0.0224609375 0.0224609375 
0 0.2998046875 0.0576171875 0.021484375 0.021484375 
1 0.5107421875 0.3134765625 0.021484375 0.021484375 
0 0.3193359375 0.0849609375 0.021484375 0.021484375 
1 0.5419921875 0.6982421875 0.021484375 0.021484375 
1 0.3935546875 0.5869140625 0.0224609375 0.0224609375 
0 0.419921875 0.1943359375 0.021484375 0.021484375 
0 0.5537109375 0.3134765625 0.0234375 0.0234375 
1 0.408203125 0.1044921875 0.0224609375 0.0224609375 
1 0.4638671875 0.1748046875 0.0224609375 0.0224609375 
0 0.5224609375 0.7724609375 0.021484375 0.021484375 
0 0.5078125 0.416015625 0.021484375 0.021484375 
1 0.5498046875 0.6015625 0.021484375 0.021484375 
1 0.6015625 0.259765625 0.021484375 0.021484375 
1 0.5078125 0.548828125 0.021484375 0.021484375 
0 0.3603515625 0.2958984375 0.021484375 0.021484375 
1 0.5556640625 0.439453125 0.021484375 0.021484375 
0 0.4697265625 0.3876953125 0.021484375 0.021484375 
0 0.533203125 0.1474609375 0.0224609375 0.0224609375 
0 0.4384765625 0.7841796875 0.0224609375 0.0224609375 
0 0.4765625 0.1982421875 0.0234375 0.0234375 
