0 0.3857421875 0.341796875 0.021484375 0.021484375 
0 0.6796875 0.123046875 0.0224609375 0.0224609375 
0 0.6201171875 0.2041015625 0.021484375 0.021484375 
0 0.5 0.7529296875 0.0224609375 0.0224609375 
0 0.4287109375 0.2080078125 0.0234375 0.0234375 
1 0.650390625 0.2568359375 0.021484375 0.021484375 
0 0.458984375 0.2705078125 0.021484375 0.021484375 
1 0.578125 0.158203125 0.021484375 0.021484375 
1 0.39453125 0.0302734375 0.0224609375 0.0224609375 
0 0.3916015625 0.5048828125 0.0234375 0.0234375 
1 0.6572265625 0.17578125 0.021484375 0.021484375 
0 0.451171875 0.78515625 0.0224609375 0.0224609375 
1 0.6220703125 0.3017578125 0.0224609375 0.0224609375 
0 0.4853515625 0.359375 0.021484375 0.021484375 
0 0.5224609375 0.599609375 0.021484375 0.021484375 
0 0.4892578125 0.5087890625 0.0234375 0.0234375 
1 0.689453125 0.1640625 0.0224609375 0.0224609375 
0 0.4267578125 0.4833984375 0.0224609375 0.0224609375 
0 0.3583984375 0.2373046875 0.021484375 0.021484375 
0 0.65234375 0.060546875 0.021484375 0.021484375 
0 0.666015625 0.0546875 0.021484375 0.021484375 
0 0.3837890625 0.255859375 0.021484375 0.021484375 
1 0.474609375 0.2763671875 0.021484375 0.021484375 
0 0.400390625 0.1962890625 0.021484375 0.021484375 
0 0.4443359375 0.541015625 0.0224609375 0.0224609375 
1 0.5869140625 0.4755859375 0.0224609375 0.0224609375 
1 0.638671875 0.193359375 0.0224609375 0.0224609375 
0 0.5830078125 0.66796875 0.0234375 0.0234375 
0 0.5380859375 0.7275390625 0.021484375 0.021484375 
0 0.4482421875 0.7265625 0.021484375 0.021484375 
1 0.4384765625 0.701171875 0.0224609375 0.0224609375 
0 0.5146484375 0.80078125 0.0224609375 0.0224609375 
0 0.3291015625 0.2265625 0.021484375 0.021484375 
0 0.48828125 0.8544921875 0.025390625 0.025390625 
1 0.5302734375 0.4091796875 0.021484375 0.021484375 
0 0.3408203125 0.1796875 0.021484375 0.021484375 
0 0.6123046875 0.3818359375 0.021484375 0.021484375 
0 0.5712890625 0.384765625 0.0224609375 0.0224609375 
1 0.4990234375 0.3125 0.0224609375 0.0224609375 
0 0.5107421875 0.7255859375 0.0234375 0.0234375 
0 0.6630859375 0.2099609375 0.021484375 0.021484375 
1 0.4716796875 0.11328125 0.0224609375 0.0224609375 
0 0.4150390625 0.0888671875 0.021484375 0.021484375 
0 0.505859375 0.1328125 0.021484375 0.021484375 
0 0.40234375 0.0703125 0.0234375 0.0234375 
0 0.4658203125 0.5498046875 0.021484375 0.021484375 
1 0.6044921875 0.208984375 0.021484375 0.021484375 
0 0.4892578125 0.8291015625 0.021484375 0.021484375 
0 0.5693359375 0.47265625 0.021484375 0.021484375 
0 0.54296875 0.8076171875 0.0224609375 0.0224609375 
1 0.416015625 0.4404296875 0.021484375 0.021484375 
0 0.57421875 0.337890625 0.021484375 0.021484375 
0 0.6943359375 0.12109375 0.0234375 0.0234375 
0 0.525390625 0.51171875 0.0224609375 0.0224609375 
1 0.4609375 0.462890625 0.021484375 0.021484375 
0 0.4853515625 0.8876953125 0.025390625 0.025390625 
0 0.4609375 0.6845703125 0.021484375 0.021484375 
0 0.42578125 0.2529296875 0.021484375 0.021484375 
0 0.4736328125 0.2177734375 0.021484375 0.021484375 
1 0.43359375 0.66796875 0.0224609375 0.0224609375 
0 0.6728515625 0.076171875 0.0224609375 0.0224609375 
0 0.5283203125 0.646484375 0.021484375 0.021484375 
0 0.5712890625 0.123046875 0.0224609375 0.0224609375 
0 0.42578125 0.341796875 0.021484375 0.021484375 
0 0.5478515625 0.6962890625 0.021484375 0.021484375 
0 0.5771484375 0.03125 0.0234375 0.0234375 
0 0.44921875 0.744140625 0.0234375 0.0234375 
0 0.4248046875 0.171875 0.0234375 0.0234375 
0 0.6162109375 0.1123046875 0.0234375 0.0234375 
0 0.4521484375 0.513671875 0.021484375 0.021484375 
1 0.5361328125 0.3896484375 0.021484375 0.021484375 
0 0.5166015625 0.8427734375 0.021484375 0.021484375 
0 0.3984375 0.1318359375 0.0234375 0.0234375 
0 0.5341796875 0.8271484375 0.021484375 0.021484375 
0 0.4345703125 0.76953125 0.025390625 0.025390625 
1 0.5576171875 0.1044921875 0.021484375 0.021484375 
0 0.3662109375 0.1044921875 0.021484375 0.021484375 
0 0.634765625 0.40625 0.021484375 0.021484375 
1 0.4521484375 0.44140625 0.021484375 0.021484375 
0 0.5390625 0.140625 0.021484375 0.021484375 
0 0.5859375 0.50390625 0.021484375 0.021484375 
0 0.4501953125 0.3125 0.0234375 0.0234375 
1 0.615234375 0.3359375 0.0224609375 0.0224609375 
0 0.5478515625 0.541015625 0.021484375 0.021484375 
1 0.5966796875 0.115234375 0.021484375 0.021484375 
0 0.6806640625 0.1376953125 0.0234375 0.0234375 
0 0.384765625 0.40625 0.021484375 0.021484375 
0 0.439453125 0.06640625 0.021484375 0.021484375 
1 0.3681640625 0.419921875 0.021484375 0.021484375 
1 0.662109375 0.150390625 0.021484375 0.021484375 
0 0.37109375 0.17578125 0.0224609375 0.0224609375 
1 0.638671875 0.177734375 0.021484375 0.021484375 
1 0.353515625 0.1298828125 0.021484375 0.021484375 
1 0.5703125 0.07421875 0.021484375 0.021484375 
1 0.6435546875 0.1171875 0.0224609375 0.0224609375 
0 0.6669921875 0.2890625 0.021484375 0.021484375 
0 0.4072265625 0.4140625 0.0234375 0.0234375 
0 0.6162109375 0.423828125 0.0234375 0.0234375 
0 0.36328125 0.396484375 0.0234375 0.0234375 
0 0.4287109375 0.71875 0.021484375 0.021484375 
0 0.5048828125 0.3486328125 0.0234375 0.0234375 
0 0.4833984375 0.3056640625 0.021484375 0.021484375 
1 0.5537109375 0.3779296875 0.021484375 0.021484375 
0 0.5703125 0.2763671875 0.021484375 0.021484375 
1 0.5546875 0.0888671875 0.021484375 0.021484375 
0 0.6162109375 0.4072265625 0.0234375 0.0234375 
0 0.5087890625 0.8193359375 0.0224609375 0.0224609375 
0 0.52734375 0.0849609375 0.021484375 0.021484375 
0 0.5380859375 0.603515625 0.0224609375 0.0224609375 
0 0.3544921875 0.05078125 0.021484375 0.021484375 
0 0.4423828125 0.2958984375 0.0234375 0.0234375 
0 0.3681640625 0.380859375 0.021484375 0.021484375 
0 0.5390625 0.5830078125 0.0224609375 0.0224609375 
0 0.482421875 0.380859375 0.0234375 0.0234375 
0 0.484375 0.4228515625 0.0234375 0.0234375 
1 0.3193359375 0.1748046875 0.021484375 0.021484375 
1 0.46875 0.3017578125 0.021484375 0.021484375 
0 0.6396484375 0.3876953125 0.021484375 0.021484375 
0 0.4599609375 0.2041015625 0.0234375 0.0234375 
0 0.4755859375 0.6552734375 0.0234375 0.0234375 
1 0.6025390625 0.5166015625 0.0224609375 0.0224609375 
1 0.544921875 0.0302734375 0.0224609375 0.0224609375 
0 0.6279296875 0.46484375 0.0224609375 0.0224609375 
0 0.376953125 0.033203125 0.021484375 0.021484375 
1 0.439453125 0.6064453125 0.021484375 0.021484375 
0 0.525390625 0.2578125 0.021484375 0.021484375 
0 0.5908203125 0.609375 0.021484375 0.021484375 
0 0.556640625 0.5712890625 0.021484375 0.021484375 
0 0.443359375 0.1572265625 0.021484375 0.021484375 
1 0.3837890625 0.5419921875 0.0224609375 0.0224609375 
0 0.5615234375 0.4287109375 0.021484375 0.021484375 
0 0.5927734375 0.193359375 0.021484375 0.021484375 
0 0.501953125 0.6591796875 0.021484375 0.021484375 
0 0.46875 0.1748046875 0.0224609375 0.0224609375 
1 0.3251953125 0.2568359375 0.0224609375 0.0224609375 
0 0.595703125 0.587890625 0.0234375 0.0234375 
0 0.54296875 0.12109375 0.021484375 0.021484375 
0 0.5400390625 0.1982421875 0.021484375 0.021484375 
1 0.541015625 0.3447265625 0.0224609375 0.0224609375 
0 0.4375 0.3984375 0.0224609375 0.0224609375 
0 0.443359375 0.56640625 0.0234375 0.0234375 
0 0.5498046875 0.4912109375 0.0224609375 0.0224609375 
1 0.4765625 0.2392578125 0.021484375 0.021484375 
0 0.4599609375 0.3642578125 0.0234375 0.0234375 
0 0.50390625 0.7041015625 0.0234375 0.0234375 
0 0.4775390625 0.6748046875 0.0234375 0.0234375 
0 0.337890625 0.138671875 0.021484375 0.021484375 
0 0.39453125 0.56640625 0.0234375 0.0234375 
0 0.517578125 0.37890625 0.0224609375 0.0224609375 
