0 0.5869140625 0.4443359375 0.0224609375 0.0224609375 
1 0.4619140625 0.0341796875 0.021484375 0.021484375 
0 0.58984375 0.46484375 0.021484375 0.021484375 
0 0.43359375 0.546875 0.0234375 0.0234375 
0 0.3505859375 0.236328125 0.021484375 0.021484375 
0 0.6396484375 0.21875 0.0234375 0.0234375 
0 0.4736328125 0.7861328125 0.0224609375 0.0224609375 
1 0.525390625 0.56640625 0.021484375 0.021484375 
0 0.39453125 0.095703125 0.021484375 0.021484375 
0 0.4404296875 0.037109375 0.021484375 0.021484375 
1 0.3505859375 0.29296875 0.021484375 0.021484375 
0 0.3828125 0.228515625 0.021484375 0.021484375 
0 0.478515625 0.0888671875 0.021484375 0.021484375 
0 0.4775390625 0.1171875 0.0234375 0.0234375 
0 0.40234375 0.22265625 0.021484375 0.021484375 
0 0.45703125 0.53515625 0.021484375 0.021484375 
1 0.6337890625 0.244140625 0.021484375 0.021484375 
0 0.6103515625 0.0947265625 0.021484375 0.021484375 
0 0.4755859375 0.748046875 0.0234375 0.0234375 
0 0.2734375 0.0693359375 0.021484375 0.021484375 
1 0.552734375 0.5439453125 0.021484375 0.021484375 
0 0.5146484375 0.29296875 0.0234375 0.0234375 
0 0.4033203125 0.5263671875 0.0234375 0.0234375 
0 0.3642578125 0.375 0.021484375 0.021484375 
0 0.54296875 0.2587890625 0.0224609375 0.0224609375 
0 0.40234375 0.5732421875 0.0234375 0.0234375 
0 0.4326171875 0.2744140625 0.021484375 0.021484375 
0 0.4140625 0.498046875 0.021484375 0.021484375 
0 0.357421875 0.16015625 0.021484375 0.021484375 
0 0.6142578125 0.337890625 0.0234375 0.0234375 
1 0.42578125 0.0947265625 0.021484375 0.021484375 
0 0.4072265625 0.615234375 0.021484375 0.021484375 
1 0.4501953125 0.169921875 0.021484375 0.021484375 
0 0.2998046875 0.0478515625 0.021484375 0.021484375 
0 0.54296875 0.6474609375 0.021484375 0.021484375 
0 0.611328125 0.47265625 0.021484375 0.021484375 
0 0.4853515625 0.23046875 0.021484375 0.021484375 
0 0.423828125 0.693359375 0.0224609375 0.0224609375 
0 0.494140625 0.671875 0.021484375 0.021484375 
1 0.466796875 0.8056640625 0.021484375 0.021484375 
1 0.4130859375 0.1484375 0.021484375 0.021484375 
0 0.638671875 0.158203125 0.021484375 0.021484375 
0 0.6220703125 0.1650390625 0.0224609375 0.0224609375 
0 0.5517578125 0.4951171875 0.021484375 0.021484375 
0 0.6669921875 0.1171875 0.021484375 0.021484375 
0 0.3447265625 0.3076171875 0.021484375 0.021484375 
0 0.611328125 0.3759765625 0.021484375 0.021484375 
0 0.41015625 0.1953125 0.021484375 0.021484375 
0 0.515625 0.3447265625 0.021484375 0.021484375 
0 0.4091796875 0.4375 0.0234375 0.0234375 
0 0.609375 0.2509765625 0.0224609375 0.0224609375 
1 0.4306640625 0.5126953125 0.021484375 0.021484375 
0 0.49609375 0.6162109375 0.0224609375 0.0224609375 
0 0.6025390625 0.349609375 0.0234375 0.0234375 
0 0.380859375 0.4853515625 0.0234375 0.0234375 
0 0.6171875 0.0771484375 0.0224609375 0.0224609375 
0 0.4072265625 0.1171875 0.0234375 0.0234375 
0 0.4501953125 0.2685546875 0.021484375 0.021484375 
0 0.4736328125 0.8466796875 0.0224609375 0.0224609375 
0 0.548828125 0.6708984375 0.021484375 0.021484375 
0 0.66015625 0.2294921875 0.021484375 0.021484375 
0 0.416015625 0.59375 0.0234375 0.0234375 
0 0.5517578125 0.4599609375 0.021484375 0.021484375 
0 0.5986328125 0.40234375 0.021484375 0.021484375 
1 0.45703125 0.818359375 0.021484375 0.021484375 
0 0.4130859375 0.234375 0.0224609375 0.0224609375 
0 0.6103515625 0.236328125 0.0234375 0.0234375 
1 0.515625 0.517578125 0.0224609375 0.0224609375 
0 0.5244140625 0.8359375 0.0224609375 0.0224609375 
1 0.5 0.3974609375 0.021484375 0.021484375 
0 0.30078125 0.1572265625 0.021484375 0.021484375 
1 0.5087890625 0.3271484375 0.021484375 0.021484375 
0 0.5888671875 0.30078125 0.021484375 0.021484375 
0 0.5087890625 0.6533203125 0.0234375 0.0234375 
0 0.3720703125 0.181640625 0.021484375 0.021484375 
0 0.6494140625 0.34375 0.021484375 0.021484375 
0 0.482421875 0.732421875 0.021484375 0.021484375 
0 0.5205078125 0.0458984375 0.0234375 0.0234375 
0 0.5615234375 0.0546875 0.0234375 0.0234375 
0 0.697265625 0.041015625 0.021484375 0.021484375 
0 0.6708984375 0.09765625 0.021484375 0.021484375 
0 0.6982421875 0.1083984375 0.021484375 0.021484375 
0 0.30859375 0.0751953125 0.0224609375 0.0224609375 
1 0.4482421875 0.7265625 0.0224609375 0.0224609375 
0 0.447265625 0.5048828125 0.021484375 0.021484375 
0 0.576171875 0.6083984375 0.0234375 0.0234375 
0 0.51953125 0.1904296875 0.021484375 0.021484375 
1 0.640625 0.072265625 0.021484375 0.021484375 
1 0.544921875 0.1083984375 0.0224609375 0.0224609375 
0 0.376953125 0.3994140625 0.021484375 0.021484375 
0 0.46484375 0.193359375 0.0234375 0.0234375 
0 0.359375 0.1015625 0.021484375 0.021484375 
1 0.5244140625 0.6240234375 0.021484375 0.021484375 
0 0.4365234375 0.10546875 0.021484375 0.021484375 
0 0.51171875 0.7099609375 0.0234375 0.0234375 
0 0.51171875 0.75390625 0.025390625 0.025390625 
0 0.4619140625 0.58203125 0.021484375 0.021484375 
0 0.470703125 0.7158203125 0.021484375 0.021484375 
0 0.4990234375 0.763671875 0.0234375 0.0234375 
0 0.548828125 0.185546875 0.0234375 0.0234375 
0 0.4482421875 0.6298828125 0.0234375 0.0234375 
0 0.513671875 0.60546875 0.0234375 0.0234375 
0 0.4697265625 0.4677734375 0.021484375 0.021484375 
0 0.6279296875 0.470703125 0.021484375 0.021484375 
0 0.384765625 0.42578125 0.021484375 0.021484375 
0 0.3916015625 0.046875 0.0234375 0.0234375 
0 0.6845703125 0.1669921875 0.0234375 0.0234375 
0 0.486328125 0.1748046875 0.021484375 0.021484375 
0 0.5341796875 0.5849609375 0.021484375 0.021484375 
0 0.537109375 0.892578125 0.021484375 0.021484375 
1 0.6083984375 0.0546875 0.021484375 0.021484375 
0 0.4677734375 0.73046875 0.021484375 0.021484375 
0 0.4990234375 0.037109375 0.021484375 0.021484375 
0 0.548828125 0.4306640625 0.0234375 0.0234375 
0 0.384765625 0.140625 0.0234375 0.0234375 
0 0.4326171875 0.3623046875 0.021484375 0.021484375 
0 0.6748046875 0.224609375 0.0234375 0.0234375 
0 0.5634765625 0.509765625 0.0234375 0.0234375 
1 0.48046875 0.5458984375 0.021484375 0.021484375 
0 0.4287109375 0.6123046875 0.021484375 0.021484375 
1 0.4130859375 0.478515625 0.0224609375 0.0224609375 
0 0.375 0.443359375 0.021484375 0.021484375 
0 0.5224609375 0.205078125 0.021484375 0.021484375 
1 0.5615234375 0.478515625 0.021484375 0.021484375 
0 0.46484375 0.609375 0.021484375 0.021484375 
0 0.4765625 0.7666015625 0.0234375 0.0234375 
0 0.634765625 0.3017578125 0.0224609375 0.0224609375 
0 0.5517578125 0.72265625 0.021484375 0.021484375 
0 0.466796875 0.154296875 0.0234375 0.0234375 
0 0.58203125 0.541015625 0.021484375 0.021484375 
0 0.4560546875 0.078125 0.021484375 0.021484375 
0 0.515625 0.2236328125 0.0234375 0.0234375 
0 0.4228515625 0.3798828125 0.0234375 0.0234375 
0 0.6259765625 0.3720703125 0.021484375 0.021484375 
1 0.5361328125 0.0888671875 0.021484375 0.021484375 
