0 0.466796875 0.3701171875 0.0234375 0.0234375 
0 0.4814453125 0.0498046875 0.021484375 0.021484375 
0 0.4384765625 0.736328125 0.021484375 0.021484375 
0 0.40625 0.3017578125 0.021484375 0.021484375 
0 0.5791015625 0.263671875 0.021484375 0.021484375 
0 0.443359375 0.7568359375 0.0224609375 0.0224609375 
1 0.5556640625 0.775390625 0.0234375 0.0234375 
0 0.6953125 0.0810546875 0.0224609375 0.0224609375 
0 0.4130859375 0.380859375 0.0234375 0.0234375 
0 0.3798828125 0.5283203125 0.021484375 0.021484375 
0 0.599609375 0.142578125 0.0234375 0.0234375 
1 0.5400390625 0.3583984375 0.021484375 0.021484375 
0 0.4609375 0.3115234375 0.021484375 0.021484375 
0 0.5009765625 0.662109375 0.0234375 0.0234375 
0 0.541015625 0.451171875 0.021484375 0.021484375 
0 0.2919921875 0.095703125 0.0234375 0.0234375 
0 0.4609375 0.234375 0.0234375 0.0234375 
0 0.580078125 0.380859375 0.0234375 0.0234375 
1 0.4384765625 0.1845703125 0.021484375 0.021484375 
0 0.328125 0.166015625 0.021484375 0.021484375 
0 0.3837890625 0.375 0.021484375 0.021484375 
1 0.5419921875 0.2705078125 0.0224609375 0.0224609375 
0 0.466796875 0.607421875 0.021484375 0.021484375 
1 0.5302734375 0.67578125 0.0224609375 0.0224609375 
0 0.4208984375 0.599609375 0.021484375 0.021484375 
0 0.392578125 0.400390625 0.021484375 0.021484375 
0 0.6513671875 0.19140625 0.021484375 0.021484375 
0 0.4990234375 0.6845703125 0.021484375 0.021484375 
0 0.375 0.1123046875 0.021484375 0.021484375 
0 0.48046875 0.765625 0.0224609375 0.0224609375 
0 0.47265625 0.5166015625 0.0234375 0.0234375 
1 0.62890625 0.302734375 0.021484375 0.021484375 
1 0.5703125 0.2802734375 0.021484375 0.021484375 
0 0.482421875 0.716796875 0.021484375 0.021484375 
0 0.5341796875 0.724609375 0.021484375 0.021484375 
0 0.4228515625 0.1611328125 0.021484375 0.021484375 
0 0.4794921875 0.1005859375 0.0234375 0.0234375 
0 0.4306640625 0.5869140625 0.0234375 0.0234375 
0 0.650390625 0.08984375 0.021484375 0.021484375 
0 0.4375 0.0615234375 0.0224609375 0.0224609375 
0 0.326171875 0.1982421875 0.021484375 0.021484375 
1 0.6083984375 0.1162109375 0.0224609375 0.0224609375 
0 0.349609375 0.201171875 0.0224609375 0.0224609375 
0 0.3193359375 0.060546875 0.021484375 0.021484375 
0 0.6279296875 0.2421875 0.021484375 0.021484375 
0 0.3076171875 0.1552734375 0.0234375 0.0234375 
0 0.337890625 0.0986328125 0.021484375 0.021484375 
0 0.392578125 0.0439453125 0.0224609375 0.0224609375 
0 0.5205078125 0.083984375 0.021484375 0.021484375 
0 0.6611328125 0.1669921875 0.021484375 0.021484375 
0 0.5048828125 0.453125 0.021484375 0.021484375 
0 0.5400390625 0.30078125 0.021484375 0.021484375 
0 0.5615234375 0.046875 0.0224609375 0.0224609375 
0 0.4521484375 0.5478515625 0.0234375 0.0234375 
1 0.6484375 0.267578125 0.021484375 0.021484375 
0 0.369140625 0.0478515625 0.021484375 0.021484375 
0 0.33203125 0.0439453125 0.0234375 0.0234375 
0 0.435546875 0.775390625 0.0224609375 0.0224609375 
0 0.5166015625 0.2529296875 0.0234375 0.0234375 
0 0.5400390625 0.744140625 0.021484375 0.021484375 
0 0.39453125 0.1328125 0.021484375 0.021484375 
0 0.5 0.353515625 0.021484375 0.021484375 
0 0.3466796875 0.3701171875 0.021484375 0.021484375 
0 0.4912109375 0.8037109375 0.021484375 0.021484375 
0 0.615234375 0.4326171875 0.021484375 0.021484375 
0 0.47265625 0.291015625 0.0224609375 0.0224609375 
0 0.3994140625 0.5166015625 0.0234375 0.0234375 
0 0.5107421875 0.521484375 0.021484375 0.021484375 
1 0.4541015625 0.8359375 0.021484375 0.021484375 
0 0.40234375 0.5322265625 0.021484375 0.021484375 
0 0.4326171875 0.2265625 0.021484375 0.021484375 
0 0.48828125 0.7802734375 0.025390625 0.025390625 
0 0.3740234375 0.333984375 0.0234375 0.0234375 
0 0.658203125 0.205078125 0.021484375 0.021484375 
1 0.6484375 0.1083984375 0.021484375 0.021484375 
0 0.390625 0.4892578125 0.021484375 0.021484375 
0 0.61328125 0.056640625 0.021484375 0.021484375 
1 0.5537109375 0.419921875 0.021484375 0.021484375 
0 0.603515625 0.5341796875 0.021484375 0.021484375 
0 0.423828125 0.701171875 0.021484375 0.021484375 
0 0.5986328125 0.076171875 0.021484375 0.021484375 
0 0.583984375 0.6640625 0.0234375 0.0234375 
0 0.537109375 0.1552734375 0.0224609375 0.0224609375 
0 0.5263671875 0.568359375 0.021484375 0.021484375 
0 0.5419921875 0.802734375 0.025390625 0.025390625 
0 0.3515625 0.3095703125 0.021484375 0.021484375 
0 0.587890625 0.3330078125 0.021484375 0.021484375 
0 0.470703125 0.5361328125 0.021484375 0.021484375 
0 0.4140625 0.1962890625 0.0234375 0.0234375 
0 0.55078125 0.130859375 0.021484375 0.021484375 
0 0.53125 0.392578125 0.0234375 0.0234375 
0 0.498046875 0.2958984375 0.021484375 0.021484375 
0 0.4765625 0.17578125 0.021484375 0.021484375 
1 0.4033203125 0.451171875 0.021484375 0.021484375 
0 0.4443359375 0.0478515625 0.021484375 0.021484375 
1 0.6181640625 0.37109375 0.021484375 0.021484375 
0 0.4140625 0.6611328125 0.0224609375 0.0224609375 
0 0.55078125 0.4384765625 0.021484375 0.021484375 
0 0.4130859375 0.2109375 0.0234375 0.0234375 
1 0.427734375 0.0302734375 0.021484375 0.021484375 
0 0.3681640625 0.4140625 0.021484375 0.021484375 
0 0.5791015625 0.63671875 0.021484375 0.021484375 
0 0.666015625 0.0849609375 0.021484375 0.021484375 
0 0.62890625 0.4462890625 0.021484375 0.021484375 
0 0.431640625 0.3427734375 0.0234375 0.0234375 
