0 0.3916015625 0.224609375 0.0224609375 0.0224609375 
0 0.4990234375 0.32421875 0.021484375 0.021484375 
1 0.32421875 0.0888671875 0.021484375 0.021484375 
1 0.4599609375 0.5947265625 0.021484375 0.021484375 
1 0.4521484375 0.33203125 0.021484375 0.021484375 
0 0.51953125 0.404296875 0.021484375 0.021484375 
0 0.2705078125 0.0361328125 0.021484375 0.021484375 
0 0.572265625 0.7177734375 0.0234375 0.0234375 
0 0.42578125 0.4150390625 0.0234375 0.0234375 
1 0.337890625 0.2734375 0.0224609375 0.0224609375 
0 0.443359375 0.40625 0.021484375 0.021484375 
0 0.607421875 0.1572265625 0.021484375 0.021484375 
0 0.6044921875 0.208984375 0.021484375 0.021484375 
1 0.5625 0.1142578125 0.021484375 0.021484375 
1 0.4404296875 0.173828125 0.021484375 0.021484375 
0 0.3359375 0.2021484375 0.0234375 0.0234375 
0 0.4189453125 0.3720703125 0.021484375 0.021484375 
0 0.5224609375 0.5341796875 0.0234375 0.0234375 
1 0.501953125 0.6435546875 0.021484375 0.021484375 
0 0.529296875 0.6474609375 0.0224609375 0.0224609375 
1 0.490234375 0.046875 0.0224609375 0.0224609375 
0 0.44140625 0.2607421875 0.021484375 0.021484375 
0 0.3046875 0.1201171875 0.0234375 0.0234375 
0 0.5634765625 0.650390625 0.021484375 0.021484375 
0 0.4873046875 0.7109375 0.021484375 0.021484375 
1 0.298828125 0.0322265625 0.021484375 0.021484375 
0 0.45703125 0.3837890625 0.0234375 0.0234375 
1 0.576171875 0.1083984375 0.021484375 0.021484375 
0 0.466796875 0.4755859375 0.0234375 0.0234375 
0 0.6123046875 0.0693359375 0.021484375 0.021484375 
1 0.61328125 0.1015625 0.021484375 0.021484375 
0 0.64453125 0.1630859375 0.0234375 0.0234375 
0 0.51171875 0.4677734375 0.0234375 0.0234375 
0 0.349609375 0.0703125 0.0234375 0.0234375 
0 0.4677734375 0.5576171875 0.021484375 0.021484375 
0 0.509765625 0.1669921875 0.021484375 0.021484375 
0 0.6357421875 0.2578125 0.0234375 0.0234375 
0 0.5439453125 0.291015625 0.0224609375 0.0224609375 
0 0.35546875 0.083984375 0.021484375 0.021484375 
1 0.453125 0.671875 0.021484375 0.021484375 
0 0.421875 0.3095703125 0.0234375 0.0234375 
0 0.3603515625 0.056640625 0.0234375 0.0234375 
0 0.4814453125 0.6435546875 0.021484375 0.021484375 
1 0.4169921875 0.2255859375 0.021484375 0.021484375 
0 0.5458984375 0.1884765625 0.021484375 0.021484375 
0 0.6181640625 0.3095703125 0.0224609375 0.0224609375 
1 0.326171875 0.259765625 0.021484375 0.021484375 
0 0.3193359375 0.2197265625 0.021484375 0.021484375 
1 0.3583984375 0.1708984375 0.021484375 0.021484375 
0 0.51953125 0.384765625 0.021484375 0.021484375 
0 0.4716796875 0.130859375 0.0224609375 0.0224609375 
0 0.5576171875 0.71484375 0.0234375 0.0234375 
1 0.3798828125 0.2666015625 0.021484375 0.021484375 
0 0.5537109375 0.673828125 0.021484375 0.021484375 
0 0.5048828125 0.8095703125 0.025390625 0.025390625 
1 0.5576171875 0.5283203125 0.021484375 0.021484375 
0 0.40234375 0.5859375 0.021484375 0.021484375 
1 0.478515625 0.359375 0.0224609375 0.0224609375 
0 0.4912109375 0.4052734375 0.021484375 0.021484375 
0 0.529296875 0.1416015625 0.0234375 0.0234375 
0 0.40234375 0.0400390625 0.021484375 0.021484375 
0 0.486328125 0.2109375 0.021484375 0.021484375 
0 0.6533203125 0.0341796875 0.021484375 0.021484375 
0 0.5234375 0.62890625 0.0234375 0.0234375 
0 0.3447265625 0.3271484375 0.0234375 0.0234375 
0 0.4873046875 0.517578125 0.0234375 0.0234375 
0 0.37890625 0.3203125 0.0234375 0.0234375 
1 0.40234375 0.3046875 0.0224609375 0.0224609375 
0 0.4638671875 0.21875 0.0234375 0.0234375 
0 0.58984375 0.2236328125 0.0224609375 0.0224609375 
1 0.5322265625 0.876953125 0.021484375 0.021484375 
0 0.587890625 0.052734375 0.0224609375 0.0224609375 
0 0.46484375 0.791015625 0.0234375 0.0234375 
0 0.6318359375 0.3876953125 0.0234375 0.0234375 
0 0.6240234375 0.2021484375 0.021484375 0.021484375 
0 0.4150390625 0.5400390625 0.0234375 0.0234375 
0 0.626953125 0.4052734375 0.0234375 0.0234375 
0 0.4638671875 0.203125 0.0234375 0.0234375 
1 0.64453125 0.052734375 0.021484375 0.021484375 
0 0.453125 0.068359375 0.0234375 0.0234375 
0 0.6005859375 0.314453125 0.021484375 0.021484375 
1 0.3984375 0.2744140625 0.021484375 0.021484375 
0 0.341796875 0.3505859375 0.021484375 0.021484375 
0 0.515625 0.58984375 0.0234375 0.0234375 
0 0.50390625 0.888671875 0.0234375 0.0234375 
0 0.705078125 0.0947265625 0.0234375 0.0234375 
1 0.3876953125 0.55859375 0.021484375 0.021484375 
0 0.349609375 0.1962890625 0.021484375 0.021484375 
1 0.4375 0.3193359375 0.021484375 0.021484375 
0 0.4453125 0.5576171875 0.0234375 0.0234375 
1 0.55078125 0.51171875 0.0224609375 0.0224609375 
1 0.560546875 0.3408203125 0.021484375 0.021484375 
0 0.4384765625 0.1328125 0.021484375 0.021484375 
0 0.4404296875 0.3662109375 0.021484375 0.021484375 
0 0.4052734375 0.6044921875 0.021484375 0.021484375 
0 0.6220703125 0.4833984375 0.021484375 0.021484375 
0 0.4384765625 0.0966796875 0.021484375 0.021484375 
0 0.4970703125 0.2822265625 0.0234375 0.0234375 
0 0.5703125 0.435546875 0.0234375 0.0234375 
1 0.697265625 0.078125 0.0224609375 0.0224609375 
1 0.373046875 0.4228515625 0.021484375 0.021484375 
0 0.5439453125 0.7607421875 0.0224609375 0.0224609375 
0 0.34375 0.140625 0.021484375 0.021484375 
0 0.552734375 0.46875 0.0234375 0.0234375 
1 0.6064453125 0.3544921875 0.021484375 0.021484375 
0 0.400390625 0.529296875 0.021484375 0.021484375 
1 0.4697265625 0.5078125 0.0224609375 0.0224609375 
0 0.6025390625 0.5556640625 0.021484375 0.021484375 
0 0.525390625 0.216796875 0.0224609375 0.0224609375 
0 0.49609375 0.66796875 0.0234375 0.0234375 
1 0.46875 0.287109375 0.0224609375 0.0224609375 
0 0.42578125 0.166015625 0.021484375 0.021484375 
1 0.333984375 0.23046875 0.021484375 0.021484375 
0 0.345703125 0.0302734375 0.021484375 0.021484375 
0 0.572265625 0.5 0.021484375 0.021484375 
0 0.6015625 0.494140625 0.021484375 0.021484375 
1 0.5712890625 0.150390625 0.021484375 0.021484375 
1 0.4501953125 0.1572265625 0.0224609375 0.0224609375 
0 0.392578125 0.4189453125 0.0234375 0.0234375 
0 0.4365234375 0.6396484375 0.021484375 0.021484375 
0 0.6650390625 0.1328125 0.0234375 0.0234375 
0 0.416015625 0.08203125 0.0224609375 0.0224609375 
0 0.5439453125 0.091796875 0.021484375 0.021484375 
1 0.4169921875 0.1201171875 0.021484375 0.021484375 
0 0.4658203125 0.7041015625 0.0234375 0.0234375 
0 0.55078125 0.0341796875 0.0224609375 0.0224609375 
0 0.6328125 0.2822265625 0.0234375 0.0234375 
0 0.4775390625 0.1923828125 0.021484375 0.021484375 
0 0.5986328125 0.1103515625 0.0234375 0.0234375 
1 0.376953125 0.19140625 0.021484375 0.021484375 
0 0.462890625 0.3125 0.0234375 0.0234375 
0 0.3095703125 0.1748046875 0.0234375 0.0234375 
0 0.4248046875 0.6533203125 0.0224609375 0.0224609375 
0 0.6376953125 0.37109375 0.021484375 0.021484375 
1 0.564453125 0.396484375 0.0224609375 0.0224609375 
1 0.5654296875 0.076171875 0.021484375 0.021484375 
0 0.4091796875 0.1005859375 0.021484375 0.021484375 
0 0.4296875 0.54296875 0.0234375 0.0234375 
0 0.4267578125 0.6005859375 0.0224609375 0.0224609375 
1 0.521484375 0.34375 0.021484375 0.021484375 
0 0.388671875 0.2412109375 0.0224609375 0.0224609375 
0 0.412109375 0.517578125 0.021484375 0.021484375 
0 0.5615234375 0.24609375 0.021484375 0.021484375 
0 0.458984375 0.2705078125 0.021484375 0.021484375 
0 0.4228515625 0.470703125 0.021484375 0.021484375 
1 0.5673828125 0.6904296875 0.0224609375 0.0224609375 
1 0.521484375 0.4501953125 0.021484375 0.021484375 
1 0.4521484375 0.830078125 0.0234375 0.0234375 
0 0.3759765625 0.3857421875 0.021484375 0.021484375 
1 0.3642578125 0.205078125 0.021484375 0.021484375 
