0 0.4140625 0.603515625 0.0234375 0.0234375 
0 0.4462890625 0.25390625 0.021484375 0.021484375 
0 0.455078125 0.748046875 0.0234375 0.0234375 
0 0.6162109375 0.310546875 0.021484375 0.021484375 
0 0.4296875 0.443359375 0.021484375 0.021484375 
0 0.5048828125 0.08984375 0.021484375 0.021484375 
0 0.58203125 0.5947265625 0.0234375 0.0234375 
1 0.6044921875 0.5791015625 0.0224609375 0.0224609375 
0 0.337890625 0.3427734375 0.021484375 0.021484375 
1 0.515625 0.3701171875 0.021484375 0.021484375 
0 0.3232421875 0.1171875 0.0234375 0.0234375 
0 0.5693359375 0.12890625 0.0234375 0.0234375 
0 0.5517578125 0.5302734375 0.021484375 0.021484375 
0 0.5302734375 0.6962890625 0.0234375 0.0234375 
1 0.51953125 0.8203125 0.021484375 0.021484375 
0 0.537109375 0.26953125 0.021484375 0.021484375 
0 0.4521484375 0.189453125 0.021484375 0.021484375 
0 0.4384765625 0.318359375 0.021484375 0.021484375 
1 0.546875 0.7216796875 0.0224609375 0.0224609375 
0 0.5791015625 0.66796875 0.021484375 0.021484375 
1 0.603515625 0.083984375 0.021484375 0.021484375 
0 0.4228515625 0.7119140625 0.021484375 0.021484375 
0 0.623046875 0.248046875 0.021484375 0.021484375 
1 0.6806640625 0.1572265625 0.021484375 0.021484375 
1 0.55078125 0.677734375 0.021484375 0.021484375 
0 0.6162109375 0.2001953125 0.0234375 0.0234375 
1 0.478515625 0.5478515625 0.0224609375 0.0224609375 
0 0.505859375 0.388671875 0.0234375 0.0234375 
0 0.376953125 0.130859375 0.021484375 0.021484375 
0 0.544921875 0.2109375 0.021484375 0.021484375 
1 0.64453125 0.259765625 0.021484375 0.021484375 
0 0.359375 0.3955078125 0.0234375 0.0234375 
1 0.5166015625 0.6279296875 0.021484375 0.021484375 
0 0.5625 0.0732421875 0.0234375 0.0234375 
1 0.5693359375 0.439453125 0.0224609375 0.0224609375 
1 0.6865234375 0.0810546875 0.021484375 0.021484375 
0 0.4228515625 0.552734375 0.021484375 0.021484375 
1 0.4775390625 0.0517578125 0.021484375 0.021484375 
1 0.46484375 0.3447265625 0.021484375 0.021484375 
1 0.6162109375 0.1240234375 0.0224609375 0.0224609375 
0 0.541015625 0.59375 0.021484375 0.021484375 
0 0.650390625 0.099609375 0.021484375 0.021484375 
1 0.48046875 0.2138671875 0.021484375 0.021484375 
0 0.509765625 0.162109375 0.0234375 0.0234375 
0 0.4912109375 0.5712890625 0.0234375 0.0234375 
0 0.51953125 0.8037109375 0.0224609375 0.0224609375 
0 0.501953125 0.1337890625 0.0234375 0.0234375 
0 0.4599609375 0.12890625 0.0234375 0.0234375 
1 0.6337890625 0.1328125 0.0224609375 0.0224609375 
1 0.6337890625 0.19921875 0.021484375 0.021484375 
0 0.4814453125 0.3017578125 0.0234375 0.0234375 
0 0.51953125 0.111328125 0.0234375 0.0234375 
0 0.4755859375 0.0849609375 0.0234375 0.0234375 
0 0.548828125 0.6357421875 0.0234375 0.0234375 
1 0.38671875 0.0751953125 0.021484375 0.021484375 
1 0.451171875 0.80078125 0.021484375 0.021484375 
1 0.61328125 0.4150390625 0.021484375 0.021484375 
1 0.685546875 0.142578125 0.0224609375 0.0224609375 
0 0.654296875 0.0341796875 0.0234375 0.0234375 
1 0.3935546875 0.12890625 0.0224609375 0.0224609375 
0 0.310546875 0.185546875 0.021484375 0.021484375 
0 0.474609375 0.7431640625 0.021484375 0.021484375 
0 0.625 0.0400390625 0.021484375 0.021484375 
1 0.650390625 0.1904296875 0.0224609375 0.0224609375 
1 0.638671875 0.2998046875 0.0224609375 0.0224609375 
1 0.599609375 0.5 0.021484375 0.021484375 
1 0.375 0.28515625 0.021484375 0.021484375 
0 0.4365234375 0.591796875 0.0234375 0.0234375 
0 0.4619140625 0.580078125 0.021484375 0.021484375 
0 0.431640625 0.09375 0.0234375 0.0234375 
0 0.599609375 0.2529296875 0.021484375 0.021484375 
0 0.529296875 0.4111328125 0.021484375 0.021484375 
1 0.6376953125 0.0595703125 0.021484375 0.021484375 
0 0.3486328125 0.03515625 0.021484375 0.021484375 
0 0.5224609375 0.6025390625 0.0234375 0.0234375 
0 0.64453125 0.0849609375 0.021484375 0.021484375 
0 0.279296875 0.044921875 0.021484375 0.021484375 
1 0.5361328125 0.4482421875 0.0224609375 0.0224609375 
0 0.69921875 0.0478515625 0.0224609375 0.0224609375 
0 0.310546875 0.201171875 0.0234375 0.0234375 
0 0.4560546875 0.03125 0.021484375 0.021484375 
0 0.4033203125 0.42578125 0.021484375 0.021484375 
0 0.421875 0.30859375 0.021484375 0.021484375 
0 0.6015625 0.0400390625 0.021484375 0.021484375 
0 0.6884765625 0.1025390625 0.021484375 0.021484375 
0 0.642578125 0.236328125 0.021484375 0.021484375 
1 0.6416015625 0.396484375 0.021484375 0.021484375 
0 0.4775390625 0.322265625 0.0234375 0.0234375 
1 0.3671875 0.1826171875 0.0224609375 0.0224609375 
0 0.30859375 0.140625 0.0234375 0.0234375 
1 0.529296875 0.2060546875 0.021484375 0.021484375 
0 0.5458984375 0.359375 0.021484375 0.021484375 
0 0.5048828125 0.6875 0.0224609375 0.0224609375 
0 0.4970703125 0.7177734375 0.021484375 0.021484375 
0 0.4248046875 0.1171875 0.0234375 0.0234375 
1 0.435546875 0.669921875 0.021484375 0.021484375 
0 0.685546875 0.0595703125 0.021484375 0.021484375 
0 0.38671875 0.1982421875 0.0234375 0.0234375 
0 0.544921875 0.498046875 0.021484375 0.021484375 
0 0.404296875 0.24609375 0.021484375 0.021484375 
0 0.517578125 0.45703125 0.021484375 0.021484375 
0 0.5771484375 0.2275390625 0.021484375 0.021484375 
0 0.630859375 0.4423828125 0.021484375 0.021484375 
0 0.404296875 0.4619140625 0.0234375 0.0234375 
0 0.4697265625 0.2861328125 0.021484375 0.021484375 
0 0.30859375 0.162109375 0.021484375 0.021484375 
0 0.2783203125 0.0771484375 0.0234375 0.0234375 
0 0.4951171875 0.416015625 0.0234375 0.0234375 
0 0.4404296875 0.56640625 0.0234375 0.0234375 
0 0.5869140625 0.3271484375 0.0224609375 0.0224609375 
0 0.4794921875 0.59765625 0.0234375 0.0234375 
0 0.482421875 0.8193359375 0.0234375 0.0234375 
1 0.431640625 0.0498046875 0.021484375 0.021484375 
0 0.3291015625 0.265625 0.021484375 0.021484375 
0 0.4208984375 0.0712890625 0.021484375 0.021484375 
1 0.359375 0.099609375 0.021484375 0.021484375 
1 0.392578125 0.27734375 0.021484375 0.021484375 
1 0.435546875 0.3017578125 0.021484375 0.021484375 
0 0.482421875 0.6552734375 0.0234375 0.0234375 
0 0.5830078125 0.3671875 0.021484375 0.021484375 
1 0.466796875 0.3115234375 0.0224609375 0.0224609375 
0 0.5244140625 0.16796875 0.0234375 0.0234375 
0 0.5615234375 0.6201171875 0.021484375 0.021484375 
0 0.4599609375 0.154296875 0.021484375 0.021484375 
0 0.603515625 0.451171875 0.021484375 0.021484375 
1 0.44921875 0.6591796875 0.0224609375 0.0224609375 
0 0.3671875 0.3310546875 0.021484375 0.021484375 
1 0.5146484375 0.5302734375 0.021484375 0.021484375 
0 0.54296875 0.787109375 0.01953125 0.01953125 
0 0.5400390625 0.76171875 0.01953125 0.01953125 
0 0.4375 0.751953125 0.01953125 0.01953125 
0 0.5205078125 0.5556640625 0.021484375 0.021484375 
1 0.396484375 0.0556640625 0.0224609375 0.0224609375 
0 0.5546875 0.10546875 0.0234375 0.0234375 
1 0.5048828125 0.5888671875 0.0224609375 0.0224609375 
0 0.5576171875 0.75 0.021484375 0.021484375 
0 0.5419921875 0.46484375 0.021484375 0.021484375 
1 0.5234375 0.4853515625 0.021484375 0.021484375 
0 0.62109375 0.16796875 0.0234375 0.0234375 
0 0.3896484375 0.576171875 0.021484375 0.021484375 
1 0.638671875 0.3193359375 0.021484375 0.021484375 
0 0.5576171875 0.2431640625 0.0234375 0.0234375 
0 0.330078125 0.0791015625 0.021484375 0.021484375 
0 0.435546875 0.7724609375 0.0224609375 0.0224609375 
0 0.4521484375 0.3603515625 0.021484375 0.021484375 
0 0.46484375 0.111328125 0.0234375 0.0234375 
0 0.5517578125 0.0498046875 0.021484375 0.021484375 
0 0.5029296875 0.80078125 0.025390625 0.025390625 
0 0.4931640625 0.787109375 0.0224609375 0.0224609375 
0 0.412109375 0.0439453125 0.0234375 0.0234375 
0 0.619140625 0.2626953125 0.021484375 0.021484375 
0 0.541015625 0.544921875 0.0234375 0.0234375 
1 0.51171875 0.8564453125 0.021484375 0.021484375 
0 0.3291015625 0.3076171875 0.021484375 0.021484375 
0 0.388671875 0.3369140625 0.021484375 0.021484375 
0 0.3623046875 0.205078125 0.021484375 0.021484375 
1 0.5458984375 0.8193359375 0.021484375 0.021484375 
0 0.4990234375 0.298828125 0.0234375 0.0234375 
0 0.4482421875 0.080078125 0.021484375 0.021484375 
0 0.51953125 0.0712890625 0.0234375 0.0234375 
0 0.4609375 0.8623046875 0.01953125 0.01953125 
0 0.4775390625 0.501953125 0.0224609375 0.0224609375 
0 0.4130859375 0.3583984375 0.021484375 0.021484375 
1 0.3408203125 0.15234375 0.021484375 0.021484375 
0 0.4248046875 0.2724609375 0.021484375 0.021484375 
0 0.3779296875 0.4814453125 0.021484375 0.021484375 
1 0.4833984375 0.279296875 0.021484375 0.021484375 
0 0.44921875 0.3349609375 0.0234375 0.0234375 
0 0.3671875 0.05859375 0.021484375 0.021484375 
0 0.4423828125 0.7255859375 0.021484375 0.021484375 
0 0.46484375 0.4150390625 0.021484375 0.021484375 
1 0.65234375 0.1201171875 0.021484375 0.021484375 
0 0.447265625 0.685546875 0.021484375 0.021484375 
0 0.650390625 0.140625 0.021484375 0.021484375 
0 0.4658203125 0.1806640625 0.021484375 0.021484375 
0 0.494140625 0.89453125 0.0224609375 0.0224609375 
0 0.66015625 0.2373046875 0.021484375 0.021484375 
0 0.7060546875 0.0947265625 0.021484375 0.021484375 
0 0.408203125 0.580078125 0.021484375 0.021484375 
0 0.447265625 0.4560546875 0.021484375 0.021484375 
1 0.51953125 0.2685546875 0.021484375 0.021484375 
0 0.5908203125 0.181640625 0.0234375 0.0234375 
0 0.390625 0.55078125 0.0224609375 0.0224609375 
