0 0.6845703125 0.1962890625 0.0234375 0.0234375 
1 0.4150390625 0.6064453125 0.021484375 0.021484375 
0 0.6611328125 0.1611328125 0.0234375 0.0234375 
1 0.5888671875 0.03515625 0.021484375 0.021484375 
0 0.4833984375 0.671875 0.0234375 0.0234375 
0 0.5009765625 0.66015625 0.0234375 0.0234375 
0 0.314453125 0.0341796875 0.021484375 0.021484375 
0 0.568359375 0.5390625 0.021484375 0.021484375 
1 0.638671875 0.240234375 0.021484375 0.021484375 
0 0.458984375 0.232421875 0.0224609375 0.0224609375 
0 0.60546875 0.0361328125 0.0224609375 0.0224609375 
0 0.4501953125 0.27734375 0.021484375 0.021484375 
0 0.4228515625 0.201171875 0.021484375 0.021484375 
0 0.419921875 0.0810546875 0.021484375 0.021484375 
0 0.4677734375 0.708984375 0.021484375 0.021484375 
1 0.525390625 0.2177734375 0.0224609375 0.0224609375 
0 0.36328125 0.119140625 0.021484375 0.021484375 
0 0.5244140625 0.2724609375 0.0234375 0.0234375 
0 0.57421875 0.3349609375 0.0234375 0.0234375 
0 0.607421875 0.3720703125 0.021484375 0.021484375 
0 0.3056640625 0.1650390625 0.021484375 0.021484375 
1 0.2763671875 0.07421875 0.021484375 0.021484375 
1 0.6279296875 0.1044921875 0.021484375 0.021484375 
0 0.416015625 0.46484375 0.021484375 0.021484375 
1 0.3203125 0.130859375 0.021484375 0.021484375 
0 0.568359375 0.4169921875 0.0234375 0.0234375 
1 0.587890625 0.1865234375 0.0224609375 0.0224609375 
1 0.6123046875 0.185546875 0.021484375 0.021484375 
0 0.6171875 0.228515625 0.021484375 0.021484375 
0 0.4970703125 0.1875 0.0234375 0.0234375 
0 0.5537109375 0.3193359375 0.0234375 0.0234375 
0 0.4365234375 0.35546875 0.021484375 0.021484375 
0 0.4970703125 0.3994140625 0.0234375 0.0234375 
0 0.3671875 0.4169921875 0.021484375 0.021484375 
0 0.4638671875 0.4609375 0.021484375 0.021484375 
0 0.6064453125 0.2822265625 0.021484375 0.021484375 
0 0.513671875 0.7490234375 0.0234375 0.0234375 
0 0.3212890625 0.251953125 0.021484375 0.021484375 
1 0.349609375 0.234375 0.021484375 0.021484375 
0 0.6376953125 0.1806640625 0.0234375 0.0234375 
0 0.5048828125 0.6162109375 0.021484375 0.021484375 
0 0.64453125 0.275390625 0.021484375 0.021484375 
0 0.541015625 0.3837890625 0.021484375 0.021484375 
0 0.5927734375 0.2958984375 0.0234375 0.0234375 
0 0.3212890625 0.0771484375 0.0234375 0.0234375 
0 0.400390625 0.30078125 0.0224609375 0.0224609375 
0 0.5078125 0.1357421875 0.0234375 0.0234375 
0 0.5224609375 0.6181640625 0.0234375 0.0234375 
0 0.58984375 0.1064453125 0.0234375 0.0234375 
0 0.6728515625 0.0400390625 0.021484375 0.021484375 
0 0.5859375 0.4833984375 0.0224609375 0.0224609375 
0 0.58203125 0.6552734375 0.0234375 0.0234375 
1 0.693359375 0.078125 0.021484375 0.021484375 
1 0.4599609375 0.125 0.021484375 0.021484375 
0 0.4228515625 0.5400390625 0.021484375 0.021484375 
0 0.517578125 0.439453125 0.0234375 0.0234375 
0 0.3779296875 0.0361328125 0.021484375 0.021484375 
0 0.4833984375 0.2802734375 0.0224609375 0.0224609375 
1 0.5380859375 0.189453125 0.021484375 0.021484375 
0 0.67578125 0.169921875 0.021484375 0.021484375 
1 0.5380859375 0.458984375 0.021484375 0.021484375 
0 0.5341796875 0.8779296875 0.0234375 0.0234375 
0 0.6298828125 0.423828125 0.0234375 0.0234375 
1 0.572265625 0.099609375 0.021484375 0.021484375 
0 0.5166015625 0.5791015625 0.021484375 0.021484375 
1 0.4140625 0.6357421875 0.021484375 0.021484375 
0 0.345703125 0.09765625 0.021484375 0.021484375 
1 0.3232421875 0.2197265625 0.021484375 0.021484375 
0 0.5419921875 0.06640625 0.021484375 0.021484375 
0 0.5205078125 0.380859375 0.021484375 0.021484375 
0 0.5390625 0.7890625 0.0224609375 0.0224609375 
1 0.55078125 0.25390625 0.0224609375 0.0224609375 
0 0.6171875 0.125 0.0224609375 0.0224609375 
0 0.369140625 0.3818359375 0.021484375 0.021484375 
1 0.5029296875 0.30078125 0.021484375 0.021484375 
0 0.62109375 0.390625 0.0234375 0.0234375 
0 0.595703125 0.3310546875 0.021484375 0.021484375 
0 0.30078125 0.123046875 0.0234375 0.0234375 
0 0.5537109375 0.7080078125 0.0234375 0.0234375 
0 0.5478515625 0.8232421875 0.0234375 0.0234375 
0 0.560546875 0.58984375 0.021484375 0.021484375 
0 0.4794921875 0.2607421875 0.021484375 0.021484375 
1 0.384765625 0.275390625 0.021484375 0.021484375 
1 0.5087890625 0.1142578125 0.0224609375 0.0224609375 
0 0.3642578125 0.1826171875 0.0234375 0.0234375 
0 0.4599609375 0.6552734375 0.021484375 0.021484375 
0 0.583984375 0.5888671875 0.021484375 0.021484375 
0 0.5263671875 0.7998046875 0.021484375 0.021484375 
0 0.5712890625 0.0615234375 0.0234375 0.0234375 
0 0.3212890625 0.19921875 0.0234375 0.0234375 
0 0.4375 0.5712890625 0.0234375 0.0234375 
0 0.5224609375 0.8662109375 0.0224609375 0.0224609375 
0 0.5576171875 0.400390625 0.021484375 0.021484375 
1 0.4521484375 0.8408203125 0.0234375 0.0234375 
0 0.59375 0.5322265625 0.0224609375 0.0224609375 
0 0.64453125 0.3681640625 0.0224609375 0.0224609375 
1 0.5556640625 0.4326171875 0.021484375 0.021484375 
1 0.521484375 0.5029296875 0.0224609375 0.0224609375 
1 0.4248046875 0.3193359375 0.0224609375 0.0224609375 
0 0.615234375 0.42578125 0.0234375 0.0234375 
0 0.37890625 0.32421875 0.021484375 0.021484375 
0 0.5458984375 0.755859375 0.0234375 0.0234375 
0 0.56640625 0.3037109375 0.0234375 0.0234375 
0 0.4873046875 0.11328125 0.021484375 0.021484375 
0 0.5380859375 0.7724609375 0.021484375 0.021484375 
0 0.4443359375 0.1103515625 0.021484375 0.021484375 
0 0.650390625 0.3134765625 0.0234375 0.0234375 
1 0.484375 0.3662109375 0.021484375 0.021484375 
0 0.5390625 0.3203125 0.0234375 0.0234375 
0 0.4404296875 0.4453125 0.0224609375 0.0224609375 
0 0.45703125 0.736328125 0.0224609375 0.0224609375 
0 0.349609375 0.06640625 0.0234375 0.0234375 
0 0.5888671875 0.5546875 0.021484375 0.021484375 
0 0.5361328125 0.337890625 0.021484375 0.021484375 
1 0.58203125 0.458984375 0.021484375 0.021484375 
0 0.421875 0.2373046875 0.0234375 0.0234375 
1 0.5263671875 0.2451171875 0.021484375 0.021484375 
0 0.58203125 0.671875 0.0234375 0.0234375 
0 0.4912109375 0.134765625 0.021484375 0.021484375 
