0 0.470703125 0.2783203125 0.021484375 0.021484375 
1 0.4248046875 0.65234375 0.0224609375 0.0224609375 
0 0.404296875 0.29296875 0.0234375 0.0234375 
0 0.552734375 0.607421875 0.0234375 0.0234375 
0 0.439453125 0.251953125 0.021484375 0.021484375 
0 0.5185546875 0.0419921875 0.021484375 0.021484375 
0 0.5361328125 0.51171875 0.021484375 0.021484375 
1 0.55078125 0.6396484375 0.0224609375 0.0224609375 
0 0.451171875 0.0458984375 0.0234375 0.0234375 
0 0.6669921875 0.07421875 0.021484375 0.021484375 
0 0.4189453125 0.177734375 0.0234375 0.0234375 
0 0.560546875 0.1337890625 0.021484375 0.021484375 
0 0.4208984375 0.56640625 0.021484375 0.021484375 
0 0.705078125 0.0595703125 0.021484375 0.021484375 
0 0.375 0.08203125 0.021484375 0.021484375 
0 0.611328125 0.0732421875 0.021484375 0.021484375 
0 0.5322265625 0.279296875 0.0234375 0.0234375 
0 0.4462890625 0.2998046875 0.0234375 0.0234375 
1 0.4306640625 0.6044921875 0.021484375 0.021484375 
0 0.4560546875 0.34375 0.0234375 0.0234375 
1 0.48046875 0.2275390625 0.021484375 0.021484375 
0 0.4892578125 0.4736328125 0.021484375 0.021484375 
0 0.537109375 0.4619140625 0.0224609375 0.0224609375 
0 0.5556640625 0.759765625 0.01953125 0.01953125 
0 0.6259765625 0.3193359375 0.021484375 0.021484375 
0 0.552734375 0.0751953125 0.0234375 0.0234375 
1 0.4501953125 0.4091796875 0.021484375 0.021484375 
0 0.4951171875 0.150390625 0.0234375 0.0234375 
0 0.3251953125 0.234375 0.021484375 0.021484375 
0 0.5703125 0.3212890625 0.0234375 0.0234375 
1 0.447265625 0.5224609375 0.021484375 0.021484375 
0 0.6142578125 0.4619140625 0.021484375 0.021484375 
1 0.3076171875 0.181640625 0.021484375 0.021484375 
0 0.611328125 0.4873046875 0.0234375 0.0234375 
1 0.3408203125 0.279296875 0.0224609375 0.0224609375 
0 0.333984375 0.3173828125 0.0224609375 0.0224609375 
1 0.501953125 0.666015625 0.021484375 0.021484375 
0 0.5107421875 0.62109375 0.021484375 0.021484375 
0 0.4443359375 0.4697265625 0.021484375 0.021484375 
1 0.626953125 0.4267578125 0.021484375 0.021484375 
0 0.6005859375 0.1064453125 0.021484375 0.021484375 
1 0.4951171875 0.552734375 0.021484375 0.021484375 
1 0.591796875 0.267578125 0.0224609375 0.0224609375 
0 0.5556640625 0.251953125 0.021484375 0.021484375 
0 0.51953125 0.576171875 0.0234375 0.0234375 
1 0.5185546875 0.7529296875 0.021484375 0.021484375 
0 0.5380859375 0.0966796875 0.0234375 0.0234375 
0 0.478515625 0.56640625 0.021484375 0.021484375 
1 0.53515625 0.837890625 0.021484375 0.021484375 
0 0.4716796875 0.1484375 0.021484375 0.021484375 
1 0.29296875 0.1171875 0.0224609375 0.0224609375 
0 0.4912109375 0.4169921875 0.0234375 0.0234375 
0 0.390625 0.171875 0.0234375 0.0234375 
0 0.478515625 0.8671875 0.0224609375 0.0224609375 
0 0.4169921875 0.619140625 0.021484375 0.021484375 
0 0.6337890625 0.4091796875 0.0234375 0.0234375 
0 0.4609375 0.6728515625 0.0234375 0.0234375 
0 0.533203125 0.1806640625 0.0234375 0.0234375 
0 0.380859375 0.0625 0.0234375 0.0234375 
0 0.6298828125 0.392578125 0.021484375 0.021484375 
0 0.353515625 0.3447265625 0.0234375 0.0234375 
0 0.55859375 0.44921875 0.021484375 0.021484375 
0 0.4990234375 0.2275390625 0.021484375 0.021484375 
0 0.5048828125 0.3291015625 0.0234375 0.0234375 
1 0.4609375 0.0986328125 0.021484375 0.021484375 
0 0.5576171875 0.529296875 0.0234375 0.0234375 
1 0.3916015625 0.3134765625 0.0224609375 0.0224609375 
0 0.328125 0.203125 0.0224609375 0.0224609375 
0 0.62109375 0.16015625 0.021484375 0.021484375 
0 0.509765625 0.384765625 0.0234375 0.0234375 
0 0.65625 0.234375 0.021484375 0.021484375 
0 0.427734375 0.5390625 0.0234375 0.0234375 
0 0.708984375 0.080078125 0.021484375 0.021484375 
0 0.560546875 0.09375 0.021484375 0.021484375 
0 0.64453125 0.123046875 0.021484375 0.021484375 
0 0.5048828125 0.208984375 0.0234375 0.0234375 
0 0.521484375 0.73046875 0.021484375 0.021484375 
0 0.5751953125 0.3623046875 0.021484375 0.021484375 
0 0.4267578125 0.521484375 0.0234375 0.0234375 
0 0.353515625 0.3125 0.021484375 0.021484375 
0 0.603515625 0.3486328125 0.0234375 0.0234375 
0 0.5615234375 0.513671875 0.0234375 0.0234375 
0 0.6884765625 0.16015625 0.021484375 0.021484375 
1 0.5224609375 0.3076171875 0.021484375 0.021484375 
1 0.501953125 0.595703125 0.0224609375 0.0224609375 
0 0.697265625 0.1396484375 0.021484375 0.021484375 
0 0.470703125 0.1328125 0.0234375 0.0234375 
0 0.697265625 0.0986328125 0.0224609375 0.0224609375 
1 0.5283203125 0.7705078125 0.0234375 0.0234375 
1 0.4462890625 0.3232421875 0.021484375 0.021484375 
0 0.6650390625 0.158203125 0.021484375 0.021484375 
0 0.46484375 0.41796875 0.0234375 0.0234375 
1 0.5693359375 0.07421875 0.021484375 0.021484375 
0 0.3076171875 0.11328125 0.0224609375 0.0224609375 
0 0.4990234375 0.833984375 0.0224609375 0.0224609375 
0 0.5361328125 0.6494140625 0.021484375 0.021484375 
0 0.5078125 0.4736328125 0.0234375 0.0234375 
0 0.46484375 0.7568359375 0.0224609375 0.0224609375 
0 0.4443359375 0.783203125 0.0234375 0.0234375 
0 0.482421875 0.802734375 0.0224609375 0.0224609375 
0 0.47265625 0.3583984375 0.0234375 0.0234375 
0 0.4765625 0.072265625 0.021484375 0.021484375 
0 0.5830078125 0.5 0.0234375 0.0234375 
0 0.599609375 0.4970703125 0.0234375 0.0234375 
0 0.50390625 0.060546875 0.0234375 0.0234375 
0 0.439453125 0.2099609375 0.021484375 0.021484375 
1 0.60546875 0.5234375 0.021484375 0.021484375 
1 0.388671875 0.2451171875 0.021484375 0.021484375 
1 0.3349609375 0.177734375 0.021484375 0.021484375 
0 0.53125 0.8017578125 0.021484375 0.021484375 
0 0.4765625 0.529296875 0.021484375 0.021484375 
0 0.5419921875 0.693359375 0.021484375 0.021484375 
1 0.580078125 0.09765625 0.021484375 0.021484375 
1 0.6025390625 0.3154296875 0.021484375 0.021484375 
1 0.5009765625 0.267578125 0.021484375 0.021484375 
0 0.5322265625 0.3798828125 0.021484375 0.021484375 
0 0.5654296875 0.201171875 0.021484375 0.021484375 
0 0.484375 0.330078125 0.021484375 0.021484375 
0 0.404296875 0.103515625 0.0234375 0.0234375 
0 0.6025390625 0.54296875 0.021484375 0.021484375 
0 0.3916015625 0.259765625 0.021484375 0.021484375 
0 0.6845703125 0.0693359375 0.0234375 0.0234375 
1 0.60546875 0.4306640625 0.0224609375 0.0224609375 
1 0.5859375 0.162109375 0.021484375 0.021484375 
0 0.4111328125 0.4375 0.021484375 0.021484375 
0 0.564453125 0.4111328125 0.021484375 0.021484375 
1 0.6494140625 0.1416015625 0.021484375 0.021484375 
0 0.5068359375 0.7216796875 0.021484375 0.021484375 
0 0.443359375 0.140625 0.021484375 0.021484375 
0 0.3896484375 0.3388671875 0.0234375 0.0234375 
0 0.4658203125 0.8349609375 0.0224609375 0.0224609375 
0 0.5859375 0.435546875 0.021484375 0.021484375 
0 0.5478515625 0.3896484375 0.021484375 0.021484375 
0 0.4169921875 0.3623046875 0.0234375 0.0234375 
0 0.6103515625 0.2060546875 0.0234375 0.0234375 
0 0.45703125 0.4990234375 0.021484375 0.021484375 
1 0.458984375 0.0615234375 0.0224609375 0.0224609375 
0 0.423828125 0.236328125 0.0234375 0.0234375 
0 0.458984375 0.158203125 0.0234375 0.0234375 
0 0.4833984375 0.4345703125 0.0224609375 0.0224609375 
1 0.4873046875 0.6650390625 0.021484375 0.021484375 
0 0.484375 0.2890625 0.021484375 0.021484375 
1 0.3232421875 0.2724609375 0.021484375 0.021484375 
1 0.5146484375 0.3662109375 0.021484375 0.021484375 
0 0.57421875 0.0302734375 0.0234375 0.0234375 
0 0.40234375 0.232421875 0.0234375 0.0234375 
0 0.505859375 0.5009765625 0.021484375 0.021484375 
0 0.3857421875 0.5439453125 0.0234375 0.0234375 
1 0.2958984375 0.15234375 0.021484375 0.021484375 
0 0.5859375 0.5244140625 0.0234375 0.0234375 
0 0.513671875 0.0732421875 0.021484375 0.021484375 
0 0.546875 0.037109375 0.021484375 0.021484375 
0 0.345703125 0.2578125 0.021484375 0.021484375 
0 0.3525390625 0.390625 0.0224609375 0.0224609375 
0 0.4423828125 0.8037109375 0.0234375 0.0234375 
0 0.4921875 0.7109375 0.021484375 0.021484375 
0 0.4248046875 0.7021484375 0.021484375 0.021484375 
0 0.4765625 0.3837890625 0.021484375 0.021484375 
0 0.48828125 0.0986328125 0.021484375 0.021484375 
0 0.3818359375 0.1181640625 0.021484375 0.021484375 
0 0.40625 0.5810546875 0.021484375 0.021484375 
0 0.474609375 0.453125 0.0234375 0.0234375 
1 0.3671875 0.1630859375 0.021484375 0.021484375 
0 0.3134765625 0.0869140625 0.021484375 0.021484375 
0 0.44921875 0.27734375 0.0224609375 0.0224609375 
0 0.419921875 0.115234375 0.021484375 0.021484375 
0 0.4052734375 0.2509765625 0.021484375 0.021484375 
0 0.498046875 0.8857421875 0.0224609375 0.0224609375 
0 0.66796875 0.103515625 0.021484375 0.021484375 
1 0.4658203125 0.857421875 0.0234375 0.0234375 
0 0.6591796875 0.2099609375 0.021484375 0.021484375 
0 0.52734375 0.4248046875 0.0234375 0.0234375 
0 0.5205078125 0.2080078125 0.021484375 0.021484375 
0 0.49609375 0.6923828125 0.0234375 0.0234375 
0 0.6572265625 0.1787109375 0.021484375 0.021484375 
0 0.6162109375 0.2744140625 0.021484375 0.021484375 
0 0.5556640625 0.7099609375 0.0234375 0.0234375 
0 0.5283203125 0.2646484375 0.0234375 0.0234375 
0 0.4111328125 0.2109375 0.021484375 0.021484375 
0 0.576171875 0.59765625 0.021484375 0.021484375 
