0 0.60546875 0.4326171875 0.021484375 0.021484375 
0 0.443359375 0.646484375 0.021484375 0.021484375 
0 0.353515625 0.384765625 0.0234375 0.0234375 
0 0.6201171875 0.5087890625 0.021484375 0.021484375 
1 0.423828125 0.134765625 0.021484375 0.021484375 
1 0.6806640625 0.0498046875 0.0224609375 0.0224609375 
0 0.50390625 0.525390625 0.021484375 0.021484375 
0 0.53515625 0.5087890625 0.0224609375 0.0224609375 
0 0.51171875 0.47265625 0.0224609375 0.0224609375 
0 0.5810546875 0.05078125 0.021484375 0.021484375 
0 0.3095703125 0.1064453125 0.0234375 0.0234375 
0 0.44140625 0.1689453125 0.021484375 0.021484375 
0 0.6142578125 0.16796875 0.0234375 0.0234375 
1 0.56640625 0.0439453125 0.021484375 0.021484375 
1 0.6396484375 0.18359375 0.0224609375 0.0224609375 
1 0.4208984375 0.3291015625 0.0224609375 0.0224609375 
0 0.5478515625 0.4951171875 0.0234375 0.0234375 
1 0.61328125 0.4111328125 0.021484375 0.021484375 
0 0.6513671875 0.2177734375 0.0234375 0.0234375 
0 0.466796875 0.10546875 0.0234375 0.0234375 
0 0.365234375 0.22265625 0.021484375 0.021484375 
0 0.5341796875 0.4580078125 0.0234375 0.0234375 
0 0.703125 0.087890625 0.021484375 0.021484375 
0 0.314453125 0.0556640625 0.021484375 0.021484375 
0 0.3896484375 0.1337890625 0.0234375 0.0234375 
0 0.587890625 0.080078125 0.021484375 0.021484375 
1 0.572265625 0.298828125 0.0224609375 0.0224609375 
0 0.451171875 0.6142578125 0.021484375 0.021484375 
0 0.3740234375 0.1689453125 0.021484375 0.021484375 
1 0.6015625 0.3486328125 0.021484375 0.021484375 
0 0.4453125 0.05859375 0.021484375 0.021484375 
0 0.3837890625 0.4921875 0.0234375 0.0234375 
0 0.537109375 0.7021484375 0.021484375 0.021484375 
0 0.5732421875 0.404296875 0.0234375 0.0234375 
0 0.44140625 0.2314453125 0.0224609375 0.0224609375 
0 0.48046875 0.5234375 0.021484375 0.021484375 
0 0.44140625 0.412109375 0.021484375 0.021484375 
0 0.4677734375 0.6015625 0.0234375 0.0234375 
0 0.4951171875 0.7744140625 0.0224609375 0.0224609375 
0 0.3935546875 0.421875 0.021484375 0.021484375 
1 0.6748046875 0.13671875 0.0224609375 0.0224609375 
0 0.4658203125 0.7978515625 0.01953125 0.01953125 
0 0.5029296875 0.236328125 0.0234375 0.0234375 
0 0.59375 0.6044921875 0.021484375 0.021484375 
1 0.513671875 0.1572265625 0.021484375 0.021484375 
0 0.5869140625 0.1259765625 0.021484375 0.021484375 
0 0.41015625 0.2109375 0.0234375 0.0234375 
0 0.515625 0.8544921875 0.0224609375 0.0224609375 
0 0.59765625 0.3955078125 0.021484375 0.021484375 
1 0.7021484375 0.0546875 0.0224609375 0.0224609375 
0 0.51171875 0.0439453125 0.0234375 0.0234375 
0 0.5458984375 0.5576171875 0.021484375 0.021484375 
0 0.3974609375 0.16015625 0.0234375 0.0234375 
0 0.6240234375 0.2705078125 0.0234375 0.0234375 
0 0.6728515625 0.2021484375 0.021484375 0.021484375 
0 0.34765625 0.1162109375 0.021484375 0.021484375 
0 0.658203125 0.2841796875 0.0224609375 0.0224609375 
0 0.322265625 0.240234375 0.021484375 0.021484375 
0 0.572265625 0.73046875 0.0234375 0.0234375 
1 0.5341796875 0.357421875 0.021484375 0.021484375 
0 0.556640625 0.5810546875 0.021484375 0.021484375 
0 0.5029296875 0.2119140625 0.021484375 0.021484375 
0 0.47265625 0.314453125 0.0234375 0.0234375 
0 0.6025390625 0.146484375 0.021484375 0.021484375 
0 0.4521484375 0.5234375 0.021484375 0.021484375 
0 0.564453125 0.2666015625 0.0234375 0.0234375 
0 0.55078125 0.646484375 0.021484375 0.021484375 
0 0.607421875 0.07421875 0.0234375 0.0234375 
0 0.55078125 0.33984375 0.021484375 0.021484375 
0 0.4501953125 0.265625 0.0224609375 0.0224609375 
0 0.5830078125 0.6689453125 0.021484375 0.021484375 
0 0.4248046875 0.1650390625 0.021484375 0.021484375 
0 0.5517578125 0.1220703125 0.021484375 0.021484375 
0 0.6328125 0.2529296875 0.021484375 0.021484375 
1 0.6279296875 0.3125 0.0224609375 0.0224609375 
0 0.36328125 0.279296875 0.021484375 0.021484375 
0 0.337890625 0.09765625 0.021484375 0.021484375 
1 0.513671875 0.107421875 0.021484375 0.021484375 
0 0.54296875 0.6044921875 0.0224609375 0.0224609375 
0 0.5 0.1884765625 0.0234375 0.0234375 
0 0.5234375 0.193359375 0.021484375 0.021484375 
0 0.609375 0.052734375 0.021484375 0.021484375 
1 0.634765625 0.2216796875 0.021484375 0.021484375 
0 0.5546875 0.2109375 0.021484375 0.021484375 
1 0.6650390625 0.0712890625 0.0224609375 0.0224609375 
0 0.353515625 0.0478515625 0.021484375 0.021484375 
1 0.576171875 0.70703125 0.021484375 0.021484375 
1 0.3212890625 0.0400390625 0.021484375 0.021484375 
0 0.4345703125 0.7314453125 0.0234375 0.0234375 
1 0.537109375 0.0302734375 0.021484375 0.021484375 
0 0.3876953125 0.216796875 0.0234375 0.0234375 
1 0.51171875 0.7509765625 0.021484375 0.021484375 
0 0.4013671875 0.451171875 0.0234375 0.0234375 
1 0.4287109375 0.2099609375 0.021484375 0.021484375 
0 0.484375 0.8603515625 0.0224609375 0.0224609375 
0 0.6982421875 0.0390625 0.0224609375 0.0224609375 
1 0.3974609375 0.111328125 0.0224609375 0.0224609375 
0 0.423828125 0.0869140625 0.0224609375 0.0224609375 
1 0.517578125 0.1396484375 0.021484375 0.021484375 
0 0.5537109375 0.44140625 0.0224609375 0.0224609375 
1 0.4150390625 0.3720703125 0.021484375 0.021484375 
1 0.6083984375 0.2314453125 0.021484375 0.021484375 
0 0.513671875 0.5830078125 0.021484375 0.021484375 
0 0.431640625 0.3974609375 0.021484375 0.021484375 
0 0.529296875 0.6484375 0.0224609375 0.0224609375 
1 0.4599609375 0.5859375 0.021484375 0.021484375 
0 0.4853515625 0.2451171875 0.0234375 0.0234375 
0 0.6201171875 0.2900390625 0.0224609375 0.0224609375 
0 0.3935546875 0.4375 0.0234375 0.0234375 
1 0.6181640625 0.2431640625 0.021484375 0.021484375 
1 0.48046875 0.341796875 0.021484375 0.021484375 
0 0.3974609375 0.259765625 0.0234375 0.0234375 
0 0.3408203125 0.275390625 0.0234375 0.0234375 
0 0.4609375 0.634765625 0.021484375 0.021484375 
0 0.40234375 0.18359375 0.0234375 0.0234375 
0 0.59765625 0.2158203125 0.0234375 0.0234375 
1 0.498046875 0.6591796875 0.0224609375 0.0224609375 
0 0.4912109375 0.0830078125 0.0224609375 0.0224609375 
0 0.4228515625 0.115234375 0.0234375 0.0234375 
0 0.3603515625 0.2939453125 0.0234375 0.0234375 
0 0.419921875 0.4267578125 0.0234375 0.0234375 
1 0.3115234375 0.2177734375 0.021484375 0.021484375 
0 0.396484375 0.5087890625 0.021484375 0.021484375 
1 0.4130859375 0.5947265625 0.021484375 0.021484375 
0 0.41015625 0.2470703125 0.021484375 0.021484375 
0 0.6318359375 0.421875 0.0234375 0.0234375 
0 0.36328125 0.0625 0.021484375 0.021484375 
0 0.4599609375 0.4091796875 0.021484375 0.021484375 
0 0.33984375 0.294921875 0.021484375 0.021484375 
0 0.474609375 0.8212890625 0.01953125 0.01953125 
0 0.533203125 0.798828125 0.0224609375 0.0224609375 
0 0.3017578125 0.04296875 0.021484375 0.021484375 
0 0.4990234375 0.54296875 0.0234375 0.0234375 
1 0.4541015625 0.703125 0.0224609375 0.0224609375 
0 0.41015625 0.318359375 0.021484375 0.021484375 
1 0.3369140625 0.0693359375 0.021484375 0.021484375 
0 0.3642578125 0.0302734375 0.021484375 0.021484375 
0 0.39453125 0.2841796875 0.021484375 0.021484375 
