1 0.4306640625 0.615234375 0.0224609375 0.0224609375 
0 0.5322265625 0.068359375 0.0234375 0.0234375 
0 0.384765625 0.42578125 0.021484375 0.021484375 
0 0.6064453125 0.2470703125 0.0234375 0.0234375 
0 0.61328125 0.1650390625 0.0234375 0.0234375 
0 0.494140625 0.8056640625 0.01953125 0.01953125 
1 0.619140625 0.2109375 0.0224609375 0.0224609375 
0 0.671875 0.17578125 0.0234375 0.0234375 
0 0.4599609375 0.6025390625 0.021484375 0.021484375 
0 0.5576171875 0.50390625 0.021484375 0.021484375 
1 0.6357421875 0.162109375 0.0224609375 0.0224609375 
0 0.482421875 0.8798828125 0.0224609375 0.0224609375 
0 0.4921875 0.595703125 0.021484375 0.021484375 
0 0.5302734375 0.5302734375 0.021484375 0.021484375 
0 0.4892578125 0.3642578125 0.021484375 0.021484375 
1 0.32421875 0.041015625 0.021484375 0.021484375 
0 0.4638671875 0.2421875 0.0224609375 0.0224609375 
0 0.517578125 0.2607421875 0.0234375 0.0234375 
0 0.494140625 0.755859375 0.0224609375 0.0224609375 
1 0.578125 0.2099609375 0.021484375 0.021484375 
0 0.595703125 0.5029296875 0.021484375 0.021484375 
0 0.34765625 0.1796875 0.0224609375 0.0224609375 
1 0.666015625 0.236328125 0.0224609375 0.0224609375 
0 0.392578125 0.1884765625 0.021484375 0.021484375 
0 0.53125 0.7216796875 0.0234375 0.0234375 
0 0.51171875 0.369140625 0.021484375 0.021484375 
0 0.5107421875 0.185546875 0.0224609375 0.0224609375 
0 0.619140625 0.2392578125 0.021484375 0.021484375 
0 0.357421875 0.4033203125 0.021484375 0.021484375 
1 0.2724609375 0.0361328125 0.021484375 0.021484375 
0 0.505859375 0.7041015625 0.0234375 0.0234375 
1 0.5146484375 0.51953125 0.0224609375 0.0224609375 
0 0.5341796875 0.876953125 0.0224609375 0.0224609375 
0 0.4833984375 0.421875 0.021484375 0.021484375 
0 0.6083984375 0.12109375 0.021484375 0.021484375 
0 0.3671875 0.0498046875 0.021484375 0.021484375 
1 0.7109375 0.033203125 0.021484375 0.021484375 
0 0.66796875 0.04296875 0.0234375 0.0234375 
0 0.4072265625 0.2373046875 0.021484375 0.021484375 
0 0.341796875 0.158203125 0.021484375 0.021484375 
1 0.5185546875 0.6953125 0.0224609375 0.0224609375 
1 0.5673828125 0.1181640625 0.0224609375 0.0224609375 
0 0.5634765625 0.23828125 0.0234375 0.0234375 
0 0.3837890625 0.2333984375 0.021484375 0.021484375 
0 0.5009765625 0.076171875 0.0234375 0.0234375 
0 0.5361328125 0.2568359375 0.021484375 0.021484375 
1 0.6982421875 0.041015625 0.021484375 0.021484375 
0 0.390625 0.27734375 0.0224609375 0.0224609375 
1 0.5927734375 0.0537109375 0.021484375 0.021484375 
0 0.6494140625 0.3388671875 0.0224609375 0.0224609375 
0 0.447265625 0.24609375 0.021484375 0.021484375 
0 0.6689453125 0.2509765625 0.0234375 0.0234375 
0 0.51171875 0.83203125 0.0224609375 0.0224609375 
1 0.4228515625 0.5185546875 0.021484375 0.021484375 
0 0.521484375 0.572265625 0.0224609375 0.0224609375 
1 0.36328125 0.1826171875 0.021484375 0.021484375 
0 0.4375 0.04296875 0.021484375 0.021484375 
0 0.42578125 0.234375 0.021484375 0.021484375 
1 0.513671875 0.79296875 0.0234375 0.0234375 
0 0.4580078125 0.8662109375 0.01953125 0.01953125 
1 0.3369140625 0.087890625 0.021484375 0.021484375 
0 0.5146484375 0.5458984375 0.021484375 0.021484375 
1 0.6357421875 0.431640625 0.021484375 0.021484375 
0 0.58984375 0.17578125 0.021484375 0.021484375 
0 0.4375 0.400390625 0.021484375 0.021484375 
0 0.4814453125 0.0947265625 0.021484375 0.021484375 
0 0.6533203125 0.154296875 0.021484375 0.021484375 
0 0.4873046875 0.30859375 0.021484375 0.021484375 
0 0.5693359375 0.7216796875 0.0234375 0.0234375 
0 0.4990234375 0.6328125 0.021484375 0.021484375 
0 0.591796875 0.361328125 0.0234375 0.0234375 
0 0.4326171875 0.20703125 0.021484375 0.021484375 
0 0.4501953125 0.6591796875 0.0234375 0.0234375 
0 0.41015625 0.3291015625 0.0234375 0.0234375 
0 0.3974609375 0.5947265625 0.021484375 0.021484375 
1 0.451171875 0.521484375 0.021484375 0.021484375 
1 0.5703125 0.5224609375 0.021484375 0.021484375 
1 0.5380859375 0.423828125 0.0224609375 0.0224609375 
1 0.5439453125 0.302734375 0.021484375 0.021484375 
0 0.318359375 0.0615234375 0.021484375 0.021484375 
1 0.4501953125 0.169921875 0.0224609375 0.0224609375 
0 0.556640625 0.3125 0.021484375 0.021484375 
0 0.517578125 0.06640625 0.0234375 0.0234375 
1 0.484375 0.7099609375 0.021484375 0.021484375 
0 0.634765625 0.2919921875 0.0224609375 0.0224609375 
0 0.3232421875 0.189453125 0.0234375 0.0234375 
1 0.3203125 0.09765625 0.021484375 0.021484375 
1 0.5556640625 0.732421875 0.0224609375 0.0224609375 
0 0.53515625 0.857421875 0.0224609375 0.0224609375 
1 0.5859375 0.228515625 0.021484375 0.021484375 
0 0.6396484375 0.22265625 0.021484375 0.021484375 
0 0.6962890625 0.12109375 0.021484375 0.021484375 
1 0.501953125 0.275390625 0.021484375 0.021484375 
1 0.5869140625 0.1943359375 0.021484375 0.021484375 
0 0.4521484375 0.1181640625 0.021484375 0.021484375 
0 0.5009765625 0.21484375 0.0234375 0.0234375 
0 0.5966796875 0.4267578125 0.021484375 0.021484375 
0 0.5244140625 0.435546875 0.0224609375 0.0224609375 
1 0.447265625 0.0546875 0.021484375 0.021484375 
0 0.5029296875 0.6171875 0.0234375 0.0234375 
1 0.3544921875 0.0595703125 0.021484375 0.021484375 
0 0.3505859375 0.275390625 0.021484375 0.021484375 
1 0.4794921875 0.142578125 0.021484375 0.021484375 
0 0.50390625 0.2392578125 0.021484375 0.021484375 
0 0.5322265625 0.328125 0.021484375 0.021484375 
0 0.3740234375 0.2861328125 0.021484375 0.021484375 
0 0.5078125 0.888671875 0.0234375 0.0234375 
1 0.470703125 0.5498046875 0.0224609375 0.0224609375 
0 0.4697265625 0.6787109375 0.021484375 0.021484375 
1 0.6240234375 0.080078125 0.021484375 0.021484375 
0 0.39453125 0.05078125 0.0234375 0.0234375 
0 0.38671875 0.3408203125 0.021484375 0.021484375 
1 0.36328125 0.2470703125 0.021484375 0.021484375 
0 0.505859375 0.4697265625 0.0234375 0.0234375 
0 0.4912109375 0.6767578125 0.021484375 0.021484375 
1 0.45703125 0.228515625 0.021484375 0.021484375 
1 0.4716796875 0.0732421875 0.021484375 0.021484375 
0 0.3486328125 0.142578125 0.021484375 0.021484375 
0 0.572265625 0.34375 0.021484375 0.021484375 
0 0.4033203125 0.2666015625 0.0234375 0.0234375 
0 0.2998046875 0.072265625 0.0234375 0.0234375 
