0 0.513671875 0.453125 0.0234375 0.0234375 
1 0.6748046875 0.107421875 0.021484375 0.021484375 
1 0.5205078125 0.5810546875 0.0224609375 0.0224609375 
0 0.6572265625 0.0966796875 0.0224609375 0.0224609375 
1 0.5048828125 0.470703125 0.0224609375 0.0224609375 
1 0.5693359375 0.12109375 0.021484375 0.021484375 
1 0.5224609375 0.677734375 0.0224609375 0.0224609375 
0 0.5224609375 0.1474609375 0.021484375 0.021484375 
0 0.41796875 0.2998046875 0.021484375 0.021484375 
0 0.466796875 0.607421875 0.021484375 0.021484375 
0 0.6591796875 0.2392578125 0.021484375 0.021484375 
0 0.5087890625 0.568359375 0.021484375 0.021484375 
0 0.4560546875 0.2685546875 0.0234375 0.0234375 
0 0.59765625 0.2216796875 0.021484375 0.021484375 
0 0.4775390625 0.5927734375 0.0234375 0.0234375 
0 0.515625 0.08984375 0.021484375 0.021484375 
0 0.3310546875 0.1787109375 0.0234375 0.0234375 
0 0.5224609375 0.7919921875 0.0234375 0.0234375 
0 0.3935546875 0.26953125 0.0234375 0.0234375 
0 0.5087890625 0.615234375 0.021484375 0.021484375 
0 0.4140625 0.6171875 0.0234375 0.0234375 
0 0.3466796875 0.2724609375 0.021484375 0.021484375 
0 0.619140625 0.4609375 0.021484375 0.021484375 
0 0.5732421875 0.6123046875 0.0234375 0.0234375 
0 0.595703125 0.5986328125 0.021484375 0.021484375 
0 0.353515625 0.0361328125 0.0234375 0.0234375 
1 0.4248046875 0.078125 0.021484375 0.021484375 
0 0.423828125 0.47265625 0.021484375 0.021484375 
0 0.4296875 0.5869140625 0.0234375 0.0234375 
0 0.384765625 0.1865234375 0.0224609375 0.0224609375 
0 0.515625 0.296875 0.021484375 0.021484375 
0 0.333984375 0.0556640625 0.021484375 0.021484375 
0 0.564453125 0.7001953125 0.021484375 0.021484375 
1 0.474609375 0.1943359375 0.0224609375 0.0224609375 
1 0.53515625 0.7216796875 0.021484375 0.021484375 
0 0.556640625 0.341796875 0.021484375 0.021484375 
0 0.5751953125 0.587890625 0.0234375 0.0234375 
1 0.6103515625 0.083984375 0.021484375 0.021484375 
0 0.46484375 0.7646484375 0.0234375 0.0234375 
0 0.5380859375 0.203125 0.0224609375 0.0224609375 
1 0.4892578125 0.5595703125 0.021484375 0.021484375 
0 0.70703125 0.0771484375 0.0224609375 0.0224609375 
0 0.4560546875 0.6357421875 0.0234375 0.0234375 
1 0.4306640625 0.1689453125 0.021484375 0.021484375 
0 0.4755859375 0.2841796875 0.021484375 0.021484375 
0 0.5048828125 0.2216796875 0.0224609375 0.0224609375 
0 0.6796875 0.0791015625 0.021484375 0.021484375 
0 0.4248046875 0.048828125 0.0234375 0.0234375 
0 0.439453125 0.2822265625 0.0234375 0.0234375 
0 0.5712890625 0.0927734375 0.021484375 0.021484375 
0 0.5009765625 0.5244140625 0.0234375 0.0234375 
0 0.48046875 0.7587890625 0.01953125 0.01953125 
0 0.697265625 0.130859375 0.0234375 0.0234375 
0 0.537109375 0.662109375 0.0234375 0.0234375 
0 0.6611328125 0.1240234375 0.0234375 0.0234375 
0 0.3115234375 0.162109375 0.0234375 0.0234375 
0 0.3798828125 0.2939453125 0.0234375 0.0234375 
1 0.3759765625 0.4228515625 0.0224609375 0.0224609375 
0 0.37109375 0.115234375 0.0234375 0.0234375 
0 0.5048828125 0.2685546875 0.0224609375 0.0224609375 
1 0.4970703125 0.6357421875 0.021484375 0.021484375 
1 0.57421875 0.6884765625 0.021484375 0.021484375 
0 0.603515625 0.1474609375 0.0224609375 0.0224609375 
0 0.396484375 0.59375 0.0234375 0.0234375 
0 0.40625 0.1298828125 0.021484375 0.021484375 
0 0.482421875 0.892578125 0.0224609375 0.0224609375 
0 0.3779296875 0.0791015625 0.0234375 0.0234375 
0 0.404296875 0.384765625 0.021484375 0.021484375 
0 0.3671875 0.34765625 0.0234375 0.0234375 
0 0.595703125 0.2900390625 0.0224609375 0.0224609375 
1 0.4326171875 0.6591796875 0.0224609375 0.0224609375 
0 0.4853515625 0.0712890625 0.0234375 0.0234375 
0 0.4892578125 0.087890625 0.021484375 0.021484375 
0 0.583984375 0.642578125 0.021484375 0.021484375 
1 0.5986328125 0.501953125 0.0224609375 0.0224609375 
0 0.5400390625 0.5361328125 0.021484375 0.021484375 
0 0.591796875 0.44140625 0.0234375 0.0234375 
1 0.6767578125 0.2119140625 0.021484375 0.021484375 
0 0.5478515625 0.7060546875 0.021484375 0.021484375 
0 0.4638671875 0.7861328125 0.0234375 0.0234375 
0 0.5302734375 0.103515625 0.021484375 0.021484375 
1 0.56640625 0.4453125 0.0224609375 0.0224609375 
0 0.53515625 0.8037109375 0.025390625 0.025390625 
0 0.5205078125 0.89453125 0.01953125 0.01953125 
0 0.3486328125 0.130859375 0.021484375 0.021484375 
0 0.640625 0.044921875 0.0234375 0.0234375 
1 0.5830078125 0.0546875 0.0224609375 0.0224609375 
1 0.568359375 0.4287109375 0.021484375 0.021484375 
0 0.3974609375 0.4404296875 0.021484375 0.021484375 
0 0.513671875 0.74609375 0.0234375 0.0234375 
1 0.33984375 0.080078125 0.0224609375 0.0224609375 
0 0.609375 0.4755859375 0.021484375 0.021484375 
1 0.41796875 0.6787109375 0.0224609375 0.0224609375 
0 0.611328125 0.4931640625 0.0224609375 0.0224609375 
0 0.4951171875 0.048828125 0.021484375 0.021484375 
0 0.591796875 0.1611328125 0.0234375 0.0234375 
0 0.4951171875 0.826171875 0.0234375 0.0234375 
0 0.474609375 0.263671875 0.0234375 0.0234375 
1 0.662109375 0.0654296875 0.021484375 0.021484375 
1 0.5078125 0.7783203125 0.021484375 0.021484375 
0 0.5712890625 0.150390625 0.0234375 0.0234375 
0 0.3955078125 0.509765625 0.0234375 0.0234375 
0 0.4130859375 0.2255859375 0.0234375 0.0234375 
0 0.5654296875 0.05859375 0.021484375 0.021484375 
1 0.5 0.1591796875 0.0224609375 0.0224609375 
0 0.3974609375 0.2861328125 0.021484375 0.021484375 
0 0.46875 0.4736328125 0.021484375 0.021484375 
0 0.5712890625 0.4775390625 0.0224609375 0.0224609375 
1 0.390625 0.490234375 0.021484375 0.021484375 
0 0.3818359375 0.5361328125 0.0234375 0.0234375 
0 0.4951171875 0.7548828125 0.025390625 0.025390625 
0 0.3544921875 0.4140625 0.0234375 0.0234375 
0 0.54296875 0.7861328125 0.01953125 0.01953125 
0 0.4765625 0.1533203125 0.0234375 0.0234375 
0 0.517578125 0.646484375 0.021484375 0.021484375 
1 0.4873046875 0.78515625 0.0234375 0.0234375 
0 0.5576171875 0.23828125 0.0234375 0.0234375 
1 0.416015625 0.4306640625 0.021484375 0.021484375 
0 0.4970703125 0.8623046875 0.0224609375 0.0224609375 
0 0.57421875 0.6650390625 0.0234375 0.0234375 
0 0.634765625 0.0771484375 0.021484375 0.021484375 
1 0.5625 0.732421875 0.0224609375 0.0224609375 
0 0.6240234375 0.3896484375 0.021484375 0.021484375 
1 0.3818359375 0.224609375 0.0224609375 0.0224609375 
0 0.5986328125 0.3203125 0.0234375 0.0234375 
0 0.5107421875 0.8232421875 0.0224609375 0.0224609375 
1 0.443359375 0.517578125 0.021484375 0.021484375 
0 0.3291015625 0.2412109375 0.021484375 0.021484375 
0 0.55078125 0.59375 0.0234375 0.0234375 
1 0.421875 0.3623046875 0.0224609375 0.0224609375 
0 0.4921875 0.365234375 0.021484375 0.021484375 
0 0.52734375 0.6259765625 0.021484375 0.021484375 
0 0.6142578125 0.3564453125 0.0224609375 0.0224609375 
0 0.5595703125 0.6435546875 0.021484375 0.021484375 
0 0.3232421875 0.09765625 0.0234375 0.0234375 
0 0.427734375 0.419921875 0.0234375 0.0234375 
0 0.693359375 0.1533203125 0.021484375 0.021484375 
0 0.30859375 0.0302734375 0.0234375 0.0234375 
0 0.462890625 0.1728515625 0.021484375 0.021484375 
1 0.4267578125 0.697265625 0.021484375 0.021484375 
1 0.306640625 0.1962890625 0.0224609375 0.0224609375 
0 0.548828125 0.4677734375 0.0224609375 0.0224609375 
0 0.64453125 0.369140625 0.021484375 0.021484375 
0 0.4755859375 0.69921875 0.021484375 0.021484375 
1 0.6650390625 0.2802734375 0.021484375 0.021484375 
0 0.521484375 0.39453125 0.0224609375 0.0224609375 
0 0.33984375 0.3017578125 0.0234375 0.0234375 
0 0.4912109375 0.3876953125 0.021484375 0.021484375 
1 0.474609375 0.5654296875 0.021484375 0.021484375 
0 0.396484375 0.5703125 0.0234375 0.0234375 
0 0.63671875 0.3046875 0.021484375 0.021484375 
0 0.556640625 0.15234375 0.021484375 0.021484375 
1 0.484375 0.318359375 0.0224609375 0.0224609375 
0 0.482421875 0.4111328125 0.021484375 0.021484375 
0 0.53125 0.302734375 0.0234375 0.0234375 
0 0.6513671875 0.205078125 0.0224609375 0.0224609375 
0 0.4931640625 0.7998046875 0.021484375 0.021484375 
0 0.50390625 0.5458984375 0.0234375 0.0234375 
0 0.4931640625 0.4501953125 0.021484375 0.021484375 
1 0.6162109375 0.2841796875 0.0224609375 0.0224609375 
0 0.470703125 0.357421875 0.021484375 0.021484375 
0 0.373046875 0.150390625 0.0234375 0.0234375 
1 0.697265625 0.044921875 0.021484375 0.021484375 
0 0.453125 0.5380859375 0.0234375 0.0234375 
0 0.541015625 0.2265625 0.021484375 0.021484375 
0 0.4541015625 0.2509765625 0.0224609375 0.0224609375 
0 0.4560546875 0.689453125 0.0234375 0.0234375 
0 0.4248046875 0.259765625 0.0224609375 0.0224609375 
0 0.548828125 0.1689453125 0.021484375 0.021484375 
0 0.603515625 0.0380859375 0.0234375 0.0234375 
0 0.521484375 0.361328125 0.021484375 0.021484375 
0 0.4384765625 0.203125 0.0234375 0.0234375 
0 0.3583984375 0.2568359375 0.021484375 0.021484375 
0 0.4580078125 0.1181640625 0.0234375 0.0234375 
0 0.6064453125 0.060546875 0.0234375 0.0234375 
0 0.447265625 0.3994140625 0.021484375 0.021484375 
0 0.5908203125 0.466796875 0.021484375 0.021484375 
0 0.556640625 0.10546875 0.021484375 0.021484375 
0 0.4794921875 0.71484375 0.0234375 0.0234375 
0 0.6669921875 0.154296875 0.0234375 0.0234375 
