0 0.3603515625 0.3134765625 0.0234375 0.0234375 
1 0.484375 0.8837890625 0.021484375 0.021484375 
0 0.6279296875 0.224609375 0.021484375 0.021484375 
0 0.5322265625 0.7900390625 0.0224609375 0.0224609375 
0 0.5009765625 0.65625 0.0224609375 0.0224609375 
0 0.4482421875 0.2119140625 0.0224609375 0.0224609375 
0 0.4033203125 0.0478515625 0.021484375 0.021484375 
0 0.583984375 0.248046875 0.021484375 0.021484375 
0 0.3916015625 0.220703125 0.021484375 0.021484375 
0 0.5634765625 0.15625 0.0224609375 0.0224609375 
1 0.5791015625 0.3603515625 0.021484375 0.021484375 
1 0.3203125 0.052734375 0.0224609375 0.0224609375 
0 0.587890625 0.509765625 0.021484375 0.021484375 
0 0.330078125 0.16796875 0.0234375 0.0234375 
0 0.5126953125 0.2216796875 0.021484375 0.021484375 
0 0.611328125 0.13671875 0.0234375 0.0234375 
0 0.5966796875 0.380859375 0.021484375 0.021484375 
0 0.4970703125 0.400390625 0.0234375 0.0234375 
1 0.46875 0.234375 0.021484375 0.021484375 
0 0.396484375 0.1591796875 0.021484375 0.021484375 
0 0.3642578125 0.3818359375 0.021484375 0.021484375 
0 0.4990234375 0.0439453125 0.0234375 0.0234375 
0 0.4501953125 0.6220703125 0.0234375 0.0234375 
0 0.5595703125 0.4853515625 0.021484375 0.021484375 
0 0.5732421875 0.4365234375 0.021484375 0.021484375 
0 0.2900390625 0.056640625 0.021484375 0.021484375 
1 0.6552734375 0.2197265625 0.0224609375 0.0224609375 
0 0.5166015625 0.0693359375 0.021484375 0.021484375 
0 0.5107421875 0.146484375 0.0234375 0.0234375 
0 0.5556640625 0.08203125 0.0234375 0.0234375 
1 0.525390625 0.26171875 0.0224609375 0.0224609375 
0 0.421875 0.677734375 0.021484375 0.021484375 
0 0.6171875 0.3447265625 0.021484375 0.021484375 
0 0.6005859375 0.234375 0.0234375 0.0234375 
0 0.5087890625 0.42578125 0.0234375 0.0234375 
1 0.4765625 0.689453125 0.021484375 0.021484375 
0 0.6728515625 0.0400390625 0.021484375 0.021484375 
0 0.7001953125 0.09765625 0.021484375 0.021484375 
0 0.5205078125 0.6337890625 0.0234375 0.0234375 
0 0.3642578125 0.0390625 0.0234375 0.0234375 
1 0.509765625 0.72265625 0.021484375 0.021484375 
0 0.525390625 0.2041015625 0.021484375 0.021484375 
1 0.4970703125 0.7099609375 0.0224609375 0.0224609375 
0 0.564453125 0.5048828125 0.0224609375 0.0224609375 
0 0.548828125 0.4658203125 0.0234375 0.0234375 
1 0.552734375 0.75 0.021484375 0.021484375 
1 0.5751953125 0.4521484375 0.021484375 0.021484375 
0 0.490234375 0.4384765625 0.0234375 0.0234375 
0 0.3662109375 0.2666015625 0.021484375 0.021484375 
0 0.59765625 0.353515625 0.0224609375 0.0224609375 
0 0.50390625 0.765625 0.0224609375 0.0224609375 
0 0.572265625 0.5732421875 0.021484375 0.021484375 
1 0.4404296875 0.478515625 0.021484375 0.021484375 
0 0.4306640625 0.3310546875 0.021484375 0.021484375 
0 0.5927734375 0.4189453125 0.021484375 0.021484375 
1 0.57421875 0.3115234375 0.0224609375 0.0224609375 
0 0.482421875 0.1015625 0.021484375 0.021484375 
1 0.453125 0.6630859375 0.021484375 0.021484375 
0 0.484375 0.7578125 0.01953125 0.01953125 
0 0.6376953125 0.1376953125 0.021484375 0.021484375 
1 0.3505859375 0.2958984375 0.0224609375 0.0224609375 
0 0.4833984375 0.4697265625 0.021484375 0.021484375 
0 0.55859375 0.353515625 0.0224609375 0.0224609375 
0 0.36328125 0.3544921875 0.021484375 0.021484375 
0 0.41015625 0.150390625 0.0234375 0.0234375 
0 0.6396484375 0.0302734375 0.021484375 0.021484375 
0 0.44921875 0.16796875 0.021484375 0.021484375 
0 0.537109375 0.42578125 0.021484375 0.021484375 
0 0.46484375 0.3671875 0.021484375 0.021484375 
1 0.2880859375 0.0810546875 0.0224609375 0.0224609375 
0 0.68359375 0.1474609375 0.021484375 0.021484375 
0 0.41015625 0.23046875 0.0234375 0.0234375 
0 0.46484375 0.828125 0.025390625 0.025390625 
0 0.5693359375 0.6328125 0.021484375 0.021484375 
0 0.54296875 0.197265625 0.0234375 0.0234375 
0 0.349609375 0.1875 0.021484375 0.021484375 
1 0.50390625 0.11328125 0.021484375 0.021484375 
1 0.466796875 0.1357421875 0.0224609375 0.0224609375 
0 0.4853515625 0.2216796875 0.021484375 0.021484375 
1 0.541015625 0.8291015625 0.021484375 0.021484375 
0 0.337890625 0.1123046875 0.0234375 0.0234375 
0 0.4794921875 0.1484375 0.021484375 0.021484375 
0 0.4931640625 0.5234375 0.0234375 0.0234375 
1 0.564453125 0.2568359375 0.021484375 0.021484375 
0 0.375 0.1513671875 0.0234375 0.0234375 
0 0.4111328125 0.599609375 0.0234375 0.0234375 
0 0.51171875 0.4716796875 0.021484375 0.021484375 
0 0.3994140625 0.1015625 0.0234375 0.0234375 
0 0.5361328125 0.482421875 0.0224609375 0.0224609375 
0 0.6259765625 0.314453125 0.021484375 0.021484375 
0 0.375 0.2080078125 0.021484375 0.021484375 
0 0.4638671875 0.599609375 0.021484375 0.021484375 
