1 0.474609375 0.5107421875 0.021484375 0.021484375 
0 0.41015625 0.6142578125 0.0234375 0.0234375 
0 0.423828125 0.716796875 0.0224609375 0.0224609375 
0 0.53515625 0.2939453125 0.021484375 0.021484375 
0 0.4970703125 0.396484375 0.021484375 0.021484375 
1 0.384765625 0.26171875 0.021484375 0.021484375 
0 0.544921875 0.150390625 0.0234375 0.0234375 
1 0.380859375 0.037109375 0.0224609375 0.0224609375 
0 0.583984375 0.076171875 0.021484375 0.021484375 
1 0.5244140625 0.62890625 0.021484375 0.021484375 
0 0.46875 0.654296875 0.0234375 0.0234375 
1 0.658203125 0.216796875 0.0224609375 0.0224609375 
0 0.3603515625 0.1494140625 0.021484375 0.021484375 
0 0.5361328125 0.416015625 0.021484375 0.021484375 
0 0.505859375 0.8349609375 0.025390625 0.025390625 
0 0.3857421875 0.341796875 0.0224609375 0.0224609375 
0 0.4345703125 0.26953125 0.021484375 0.021484375 
0 0.5869140625 0.279296875 0.0234375 0.0234375 
0 0.3896484375 0.4892578125 0.0234375 0.0234375 
1 0.4462890625 0.693359375 0.0224609375 0.0224609375 
0 0.53125 0.375 0.0234375 0.0234375 
0 0.650390625 0.357421875 0.0224609375 0.0224609375 
0 0.365234375 0.359375 0.0234375 0.0234375 
0 0.494140625 0.4658203125 0.021484375 0.021484375 
0 0.32421875 0.0615234375 0.0224609375 0.0224609375 
1 0.345703125 0.12890625 0.0224609375 0.0224609375 
0 0.5263671875 0.8076171875 0.025390625 0.025390625 
0 0.525390625 0.5302734375 0.021484375 0.021484375 
0 0.626953125 0.40625 0.021484375 0.021484375 
0 0.5 0.5576171875 0.021484375 0.021484375 
0 0.599609375 0.4091796875 0.021484375 0.021484375 
0 0.4013671875 0.458984375 0.021484375 0.021484375 
0 0.48046875 0.07421875 0.021484375 0.021484375 
0 0.669921875 0.0986328125 0.0224609375 0.0224609375 
1 0.5185546875 0.8779296875 0.0234375 0.0234375 
0 0.3544921875 0.3330078125 0.021484375 0.021484375 
0 0.689453125 0.15625 0.021484375 0.021484375 
0 0.45703125 0.720703125 0.0234375 0.0234375 
1 0.4375 0.623046875 0.0224609375 0.0224609375 
1 0.5390625 0.1865234375 0.021484375 0.021484375 
1 0.365234375 0.23046875 0.0224609375 0.0224609375 
0 0.306640625 0.05859375 0.021484375 0.021484375 
0 0.5078125 0.666015625 0.021484375 0.021484375 
1 0.4345703125 0.5126953125 0.021484375 0.021484375 
0 0.3583984375 0.2744140625 0.0234375 0.0234375 
0 0.5146484375 0.490234375 0.0234375 0.0234375 
0 0.60546875 0.3125 0.021484375 0.021484375 
0 0.314453125 0.107421875 0.0224609375 0.0224609375 
0 0.498046875 0.7080078125 0.021484375 0.021484375 
0 0.515625 0.4287109375 0.0234375 0.0234375 
0 0.6962890625 0.1103515625 0.021484375 0.021484375 
0 0.376953125 0.3125 0.021484375 0.021484375 
1 0.6025390625 0.125 0.0224609375 0.0224609375 
1 0.5087890625 0.23828125 0.0224609375 0.0224609375 
0 0.4755859375 0.361328125 0.021484375 0.021484375 
0 0.3603515625 0.291015625 0.021484375 0.021484375 
1 0.5986328125 0.560546875 0.0224609375 0.0224609375 
1 0.552734375 0.45703125 0.021484375 0.021484375 
0 0.50390625 0.6318359375 0.021484375 0.021484375 
0 0.404296875 0.1748046875 0.021484375 0.021484375 
0 0.4580078125 0.5693359375 0.021484375 0.021484375 
1 0.431640625 0.4609375 0.0224609375 0.0224609375 
0 0.6494140625 0.27734375 0.021484375 0.021484375 
1 0.5302734375 0.1201171875 0.0224609375 0.0224609375 
0 0.453125 0.2197265625 0.0224609375 0.0224609375 
0 0.486328125 0.841796875 0.0224609375 0.0224609375 
0 0.55859375 0.5400390625 0.0234375 0.0234375 
0 0.5859375 0.45703125 0.021484375 0.021484375 
1 0.4970703125 0.2041015625 0.021484375 0.021484375 
0 0.4375 0.1474609375 0.0234375 0.0234375 
1 0.5751953125 0.259765625 0.021484375 0.021484375 
0 0.5634765625 0.115234375 0.0234375 0.0234375 
0 0.611328125 0.3544921875 0.021484375 0.021484375 
0 0.5009765625 0.775390625 0.0224609375 0.0224609375 
0 0.5068359375 0.41015625 0.021484375 0.021484375 
0 0.4521484375 0.6318359375 0.0234375 0.0234375 
1 0.515625 0.7958984375 0.0234375 0.0234375 
1 0.4365234375 0.2275390625 0.0224609375 0.0224609375 
0 0.556640625 0.2861328125 0.0234375 0.0234375 
0 0.6865234375 0.0732421875 0.021484375 0.021484375 
0 0.419921875 0.3447265625 0.021484375 0.021484375 
0 0.482421875 0.6005859375 0.021484375 0.021484375 
0 0.3369140625 0.1708984375 0.0234375 0.0234375 
0 0.646484375 0.25390625 0.021484375 0.021484375 
0 0.5146484375 0.2548828125 0.021484375 0.021484375 
0 0.5888671875 0.1123046875 0.021484375 0.021484375 
1 0.5849609375 0.634765625 0.0224609375 0.0224609375 
0 0.4892578125 0.1728515625 0.0234375 0.0234375 
1 0.462890625 0.4375 0.0224609375 0.0224609375 
0 0.55859375 0.55859375 0.0224609375 0.0224609375 
1 0.5498046875 0.7529296875 0.021484375 0.021484375 
0 0.3486328125 0.3037109375 0.0224609375 0.0224609375 
1 0.5361328125 0.78125 0.0234375 0.0234375 
0 0.625 0.4228515625 0.0234375 0.0234375 
0 0.375 0.1396484375 0.0234375 0.0234375 
1 0.5283203125 0.671875 0.021484375 0.021484375 
0 0.681640625 0.1943359375 0.0234375 0.0234375 
1 0.564453125 0.4873046875 0.021484375 0.021484375 
0 0.2705078125 0.044921875 0.021484375 0.021484375 
0 0.4287109375 0.1318359375 0.021484375 0.021484375 
0 0.4609375 0.8544921875 0.021484375 0.021484375 
0 0.5224609375 0.826171875 0.0224609375 0.0224609375 
0 0.501953125 0.3203125 0.021484375 0.021484375 
0 0.6005859375 0.4443359375 0.021484375 0.021484375 
0 0.4814453125 0.259765625 0.0234375 0.0234375 
0 0.5322265625 0.30859375 0.0234375 0.0234375 
0 0.5849609375 0.1357421875 0.021484375 0.021484375 
1 0.5185546875 0.4443359375 0.021484375 0.021484375 
0 0.4326171875 0.6669921875 0.021484375 0.021484375 
0 0.5654296875 0.611328125 0.0234375 0.0234375 
0 0.5859375 0.1904296875 0.0224609375 0.0224609375 
0 0.6533203125 0.19921875 0.0234375 0.0234375 
0 0.544921875 0.857421875 0.01953125 0.01953125 
0 0.453125 0.1357421875 0.0224609375 0.0224609375 
0 0.5859375 0.16796875 0.0234375 0.0234375 
0 0.41015625 0.427734375 0.0224609375 0.0224609375 
0 0.3759765625 0.4345703125 0.0224609375 0.0224609375 
0 0.3310546875 0.2275390625 0.021484375 0.021484375 
0 0.287109375 0.064453125 0.021484375 0.021484375 
0 0.3359375 0.1875 0.021484375 0.021484375 
0 0.5888671875 0.4814453125 0.0224609375 0.0224609375 
1 0.337890625 0.3408203125 0.021484375 0.021484375 
0 0.59375 0.4990234375 0.021484375 0.021484375 
0 0.634765625 0.12109375 0.0234375 0.0234375 
0 0.5439453125 0.087890625 0.0224609375 0.0224609375 
1 0.5166015625 0.3896484375 0.021484375 0.021484375 
0 0.55078125 0.16796875 0.0224609375 0.0224609375 
0 0.5693359375 0.1416015625 0.021484375 0.021484375 
1 0.521484375 0.0341796875 0.021484375 0.021484375 
0 0.5478515625 0.724609375 0.021484375 0.021484375 
0 0.3876953125 0.2001953125 0.021484375 0.021484375 
0 0.6259765625 0.220703125 0.021484375 0.021484375 
0 0.525390625 0.6962890625 0.021484375 0.021484375 
0 0.529296875 0.3291015625 0.021484375 0.021484375 
0 0.62890625 0.443359375 0.021484375 0.021484375 
0 0.4755859375 0.31640625 0.021484375 0.021484375 
0 0.66796875 0.2587890625 0.0224609375 0.0224609375 
