0 0.515625 0.3046875 0.021484375 0.021484375 
0 0.70703125 0.033203125 0.021484375 0.021484375 
0 0.51953125 0.5068359375 0.0224609375 0.0224609375 
0 0.69140625 0.1708984375 0.0234375 0.0234375 
1 0.4892578125 0.3681640625 0.0224609375 0.0224609375 
0 0.4931640625 0.591796875 0.0224609375 0.0224609375 
0 0.65625 0.2529296875 0.021484375 0.021484375 
0 0.4521484375 0.27734375 0.021484375 0.021484375 
0 0.44921875 0.3603515625 0.0234375 0.0234375 
1 0.533203125 0.2470703125 0.021484375 0.021484375 
0 0.482421875 0.498046875 0.021484375 0.021484375 
0 0.5390625 0.697265625 0.0234375 0.0234375 
0 0.69921875 0.046875 0.021484375 0.021484375 
1 0.470703125 0.6669921875 0.021484375 0.021484375 
0 0.537109375 0.7900390625 0.021484375 0.021484375 
0 0.3916015625 0.294921875 0.021484375 0.021484375 
0 0.4658203125 0.0498046875 0.0234375 0.0234375 
0 0.552734375 0.4072265625 0.021484375 0.021484375 
0 0.5732421875 0.6865234375 0.021484375 0.021484375 
0 0.5751953125 0.6630859375 0.0224609375 0.0224609375 
0 0.623046875 0.478515625 0.021484375 0.021484375 
1 0.3115234375 0.03515625 0.021484375 0.021484375 
0 0.4365234375 0.599609375 0.021484375 0.021484375 
0 0.3935546875 0.275390625 0.021484375 0.021484375 
1 0.4072265625 0.240234375 0.021484375 0.021484375 
1 0.6533203125 0.2939453125 0.021484375 0.021484375 
0 0.634765625 0.12109375 0.021484375 0.021484375 
1 0.45703125 0.0888671875 0.021484375 0.021484375 
0 0.6298828125 0.1689453125 0.021484375 0.021484375 
1 0.4580078125 0.171875 0.021484375 0.021484375 
0 0.4130859375 0.552734375 0.021484375 0.021484375 
0 0.4541015625 0.2138671875 0.021484375 0.021484375 
0 0.671875 0.2646484375 0.0234375 0.0234375 
1 0.5439453125 0.4208984375 0.021484375 0.021484375 
0 0.67578125 0.04296875 0.021484375 0.021484375 
0 0.568359375 0.5146484375 0.0234375 0.0234375 
0 0.322265625 0.12890625 0.021484375 0.021484375 
0 0.6259765625 0.236328125 0.021484375 0.021484375 
0 0.458984375 0.5673828125 0.021484375 0.021484375 
1 0.5986328125 0.5478515625 0.0224609375 0.0224609375 
0 0.498046875 0.67578125 0.021484375 0.021484375 
0 0.6240234375 0.2666015625 0.021484375 0.021484375 
0 0.546875 0.287109375 0.021484375 0.021484375 
0 0.3486328125 0.3076171875 0.0224609375 0.0224609375 
0 0.6494140625 0.0400390625 0.021484375 0.021484375 
1 0.3544921875 0.17578125 0.021484375 0.021484375 
0 0.6884765625 0.107421875 0.021484375 0.021484375 
0 0.505859375 0.4951171875 0.021484375 0.021484375 
1 0.578125 0.43359375 0.021484375 0.021484375 
1 0.318359375 0.1962890625 0.021484375 0.021484375 
0 0.5908203125 0.0966796875 0.021484375 0.021484375 
0 0.375 0.375 0.021484375 0.021484375 
0 0.4443359375 0.6513671875 0.021484375 0.021484375 
0 0.4013671875 0.3291015625 0.021484375 0.021484375 
0 0.4326171875 0.0302734375 0.021484375 0.021484375 
0 0.5146484375 0.5234375 0.021484375 0.021484375 
0 0.5126953125 0.32421875 0.021484375 0.021484375 
0 0.4013671875 0.052734375 0.0234375 0.0234375 
0 0.3974609375 0.2587890625 0.0234375 0.0234375 
0 0.6279296875 0.216796875 0.021484375 0.021484375 
0 0.5087890625 0.2021484375 0.021484375 0.021484375 
0 0.53515625 0.712890625 0.021484375 0.021484375 
0 0.53125 0.751953125 0.021484375 0.021484375 
0 0.642578125 0.322265625 0.021484375 0.021484375 
0 0.4306640625 0.125 0.021484375 0.021484375 
0 0.6083984375 0.34765625 0.0234375 0.0234375 
0 0.3798828125 0.2265625 0.021484375 0.021484375 
1 0.5546875 0.6005859375 0.0224609375 0.0224609375 
1 0.6630859375 0.0712890625 0.0224609375 0.0224609375 
0 0.6025390625 0.298828125 0.0234375 0.0234375 
0 0.6162109375 0.0517578125 0.021484375 0.021484375 
0 0.5546875 0.4892578125 0.021484375 0.021484375 
1 0.4384765625 0.75390625 0.021484375 0.021484375 
0 0.4755859375 0.587890625 0.0224609375 0.0224609375 
0 0.4599609375 0.7861328125 0.01953125 0.01953125 
1 0.4970703125 0.755859375 0.021484375 0.021484375 
1 0.560546875 0.1474609375 0.021484375 0.021484375 
0 0.3681640625 0.0419921875 0.021484375 0.021484375 
0 0.359375 0.2392578125 0.021484375 0.021484375 
0 0.4404296875 0.328125 0.021484375 0.021484375 
0 0.544921875 0.1630859375 0.021484375 0.021484375 
0 0.5595703125 0.333984375 0.021484375 0.021484375 
0 0.53515625 0.5615234375 0.0234375 0.0234375 
0 0.6181640625 0.318359375 0.0224609375 0.0224609375 
0 0.4677734375 0.12109375 0.0234375 0.0234375 
0 0.48828125 0.4453125 0.021484375 0.021484375 
0 0.3935546875 0.201171875 0.0224609375 0.0224609375 
1 0.626953125 0.4638671875 0.0224609375 0.0224609375 
0 0.5693359375 0.212890625 0.021484375 0.021484375 
1 0.4814453125 0.150390625 0.0224609375 0.0224609375 
0 0.5380859375 0.7333984375 0.021484375 0.021484375 
0 0.626953125 0.3427734375 0.0234375 0.0234375 
1 0.580078125 0.03515625 0.0224609375 0.0224609375 
0 0.50390625 0.408203125 0.021484375 0.021484375 
0 0.5029296875 0.224609375 0.0234375 0.0234375 
1 0.529296875 0.1982421875 0.021484375 0.021484375 
0 0.5400390625 0.142578125 0.021484375 0.021484375 
0 0.2939453125 0.138671875 0.021484375 0.021484375 
0 0.5517578125 0.359375 0.0234375 0.0234375 
0 0.3173828125 0.177734375 0.021484375 0.021484375 
0 0.3779296875 0.28125 0.021484375 0.021484375 
0 0.5751953125 0.3076171875 0.021484375 0.021484375 
0 0.3994140625 0.568359375 0.021484375 0.021484375 
0 0.4091796875 0.5888671875 0.0224609375 0.0224609375 
1 0.35546875 0.4248046875 0.021484375 0.021484375 
1 0.6416015625 0.1494140625 0.0224609375 0.0224609375 
1 0.53515625 0.3798828125 0.021484375 0.021484375 
0 0.55859375 0.240234375 0.0234375 0.0234375 
1 0.46875 0.5048828125 0.021484375 0.021484375 
0 0.6162109375 0.509765625 0.021484375 0.021484375 
0 0.4375 0.630859375 0.0224609375 0.0224609375 
0 0.439453125 0.4462890625 0.021484375 0.021484375 
0 0.5732421875 0.3828125 0.0234375 0.0234375 
0 0.2744140625 0.0732421875 0.0234375 0.0234375 
1 0.521484375 0.44921875 0.021484375 0.021484375 
0 0.423828125 0.462890625 0.0234375 0.0234375 
0 0.5029296875 0.2861328125 0.0234375 0.0234375 
1 0.5390625 0.66796875 0.021484375 0.021484375 
1 0.4228515625 0.693359375 0.021484375 0.021484375 
0 0.5078125 0.4775390625 0.021484375 0.021484375 
1 0.3408203125 0.271484375 0.0224609375 0.0224609375 
1 0.3857421875 0.1611328125 0.0224609375 0.0224609375 
1 0.646484375 0.0947265625 0.0224609375 0.0224609375 
0 0.4697265625 0.7373046875 0.021484375 0.021484375 
1 0.591796875 0.37890625 0.021484375 0.021484375 
1 0.373046875 0.2666015625 0.021484375 0.021484375 
0 0.6748046875 0.060546875 0.021484375 0.021484375 
1 0.4853515625 0.6962890625 0.021484375 0.021484375 
0 0.673828125 0.140625 0.0234375 0.0234375 
1 0.4560546875 0.6171875 0.021484375 0.021484375 
0 0.3740234375 0.0703125 0.021484375 0.021484375 
0 0.40625 0.1416015625 0.0234375 0.0234375 
0 0.5322265625 0.1015625 0.021484375 0.021484375 
1 0.44140625 0.66796875 0.021484375 0.021484375 
0 0.55078125 0.6416015625 0.021484375 0.021484375 
0 0.671875 0.1240234375 0.021484375 0.021484375 
0 0.486328125 0.62109375 0.021484375 0.021484375 
0 0.517578125 0.154296875 0.0234375 0.0234375 
1 0.5048828125 0.25390625 0.0224609375 0.0224609375 
0 0.3662109375 0.11328125 0.021484375 0.021484375 
0 0.4033203125 0.2158203125 0.0234375 0.0234375 
0 0.4921875 0.0458984375 0.0224609375 0.0224609375 
0 0.591796875 0.6376953125 0.021484375 0.021484375 
0 0.5791015625 0.494140625 0.021484375 0.021484375 
0 0.6162109375 0.2861328125 0.021484375 0.021484375 
1 0.4990234375 0.34375 0.021484375 0.021484375 
0 0.4560546875 0.4638671875 0.0234375 0.0234375 
0 0.5400390625 0.5283203125 0.021484375 0.021484375 
0 0.4736328125 0.3291015625 0.021484375 0.021484375 
0 0.533203125 0.3583984375 0.021484375 0.021484375 
0 0.447265625 0.30078125 0.0234375 0.0234375 
1 0.2861328125 0.0517578125 0.021484375 0.021484375 
1 0.4931640625 0.640625 0.021484375 0.021484375 
0 0.474609375 0.166015625 0.021484375 0.021484375 
0 0.5107421875 0.794921875 0.021484375 0.021484375 
1 0.5126953125 0.6796875 0.021484375 0.021484375 
0 0.3798828125 0.107421875 0.021484375 0.021484375 
0 0.32421875 0.248046875 0.0234375 0.0234375 
0 0.4931640625 0.328125 0.0234375 0.0234375 
0 0.4736328125 0.095703125 0.021484375 0.021484375 
0 0.3486328125 0.2021484375 0.0234375 0.0234375 
0 0.5078125 0.375 0.0234375 0.0234375 
0 0.5439453125 0.6162109375 0.021484375 0.021484375 
0 0.51953125 0.76171875 0.025390625 0.025390625 
0 0.3779296875 0.25 0.0224609375 0.0224609375 
0 0.427734375 0.1396484375 0.0234375 0.0234375 
0 0.455078125 0.5927734375 0.021484375 0.021484375 
0 0.443359375 0.376953125 0.0234375 0.0234375 
0 0.4853515625 0.568359375 0.021484375 0.021484375 
1 0.609375 0.1337890625 0.021484375 0.021484375 
0 0.4375 0.4150390625 0.021484375 0.021484375 
0 0.4033203125 0.5 0.0234375 0.0234375 
0 0.51953125 0.732421875 0.0234375 0.0234375 
0 0.455078125 0.1484375 0.021484375 0.021484375 
0 0.482421875 0.7919921875 0.021484375 0.021484375 
1 0.37890625 0.4541015625 0.021484375 0.021484375 
0 0.4921875 0.869140625 0.0224609375 0.0224609375 
0 0.5009765625 0.4365234375 0.0234375 0.0234375 
1 0.478515625 0.6025390625 0.021484375 0.021484375 
0 0.4990234375 0.390625 0.021484375 0.021484375 
1 0.3515625 0.1220703125 0.021484375 0.021484375 
1 0.3427734375 0.2177734375 0.021484375 0.021484375 
0 0.521484375 0.2607421875 0.021484375 0.021484375 
1 0.392578125 0.439453125 0.0224609375 0.0224609375 
0 0.5166015625 0.2421875 0.021484375 0.021484375 
0 0.431640625 0.51953125 0.0234375 0.0234375 
