1 0.4755859375 0.8310546875 0.021484375 0.021484375 
0 0.544921875 0.3564453125 0.021484375 0.021484375 
1 0.572265625 0.306640625 0.021484375 0.021484375 
1 0.3330078125 0.197265625 0.0224609375 0.0224609375 
0 0.5751953125 0.3583984375 0.021484375 0.021484375 
1 0.453125 0.1552734375 0.021484375 0.021484375 
0 0.3701171875 0.26171875 0.0234375 0.0234375 
0 0.5927734375 0.16796875 0.0234375 0.0234375 
0 0.48046875 0.71484375 0.021484375 0.021484375 
1 0.5361328125 0.1796875 0.021484375 0.021484375 
1 0.4619140625 0.298828125 0.021484375 0.021484375 
0 0.51171875 0.4990234375 0.021484375 0.021484375 
0 0.4814453125 0.2744140625 0.0224609375 0.0224609375 
1 0.5283203125 0.09375 0.0224609375 0.0224609375 
0 0.4453125 0.7080078125 0.021484375 0.021484375 
0 0.423828125 0.5546875 0.021484375 0.021484375 
1 0.427734375 0.3662109375 0.0224609375 0.0224609375 
0 0.560546875 0.7197265625 0.021484375 0.021484375 
0 0.3671875 0.4697265625 0.021484375 0.021484375 
1 0.5205078125 0.1630859375 0.021484375 0.021484375 
0 0.4990234375 0.1572265625 0.0234375 0.0234375 
0 0.5146484375 0.4443359375 0.021484375 0.021484375 
0 0.392578125 0.4853515625 0.0234375 0.0234375 
0 0.4638671875 0.5869140625 0.021484375 0.021484375 
0 0.486328125 0.6005859375 0.0234375 0.0234375 
1 0.3271484375 0.2783203125 0.021484375 0.021484375 
0 0.4384765625 0.2822265625 0.021484375 0.021484375 
0 0.63671875 0.0771484375 0.021484375 0.021484375 
0 0.5556640625 0.3408203125 0.021484375 0.021484375 
1 0.55859375 0.5966796875 0.021484375 0.021484375 
0 0.4013671875 0.6015625 0.0224609375 0.0224609375 
0 0.6982421875 0.107421875 0.021484375 0.021484375 
0 0.306640625 0.046875 0.021484375 0.021484375 
0 0.353515625 0.263671875 0.021484375 0.021484375 
0 0.3642578125 0.1728515625 0.021484375 0.021484375 
0 0.634765625 0.3408203125 0.021484375 0.021484375 
0 0.5205078125 0.3515625 0.021484375 0.021484375 
0 0.4130859375 0.19921875 0.021484375 0.021484375 
0 0.515625 0.6865234375 0.021484375 0.021484375 
0 0.599609375 0.248046875 0.021484375 0.021484375 
1 0.3759765625 0.1259765625 0.021484375 0.021484375 
0 0.3642578125 0.435546875 0.021484375 0.021484375 
1 0.5390625 0.107421875 0.021484375 0.021484375 
0 0.6494140625 0.2861328125 0.021484375 0.021484375 
0 0.603515625 0.041015625 0.021484375 0.021484375 
1 0.4033203125 0.236328125 0.021484375 0.021484375 
1 0.5908203125 0.4052734375 0.021484375 0.021484375 
0 0.50390625 0.0908203125 0.021484375 0.021484375 
1 0.630859375 0.236328125 0.021484375 0.021484375 
0 0.46875 0.1220703125 0.021484375 0.021484375 
0 0.3486328125 0.07421875 0.0224609375 0.0224609375 
0 0.62109375 0.40625 0.0224609375 0.0224609375 
1 0.5654296875 0.501953125 0.021484375 0.021484375 
1 0.4501953125 0.6044921875 0.021484375 0.021484375 
0 0.4501953125 0.810546875 0.0224609375 0.0224609375 
0 0.541015625 0.474609375 0.021484375 0.021484375 
0 0.4609375 0.875 0.021484375 0.021484375 
0 0.6455078125 0.3583984375 0.0234375 0.0234375 
1 0.625 0.126953125 0.0224609375 0.0224609375 
0 0.5126953125 0.4267578125 0.0234375 0.0234375 
0 0.3154296875 0.2099609375 0.0224609375 0.0224609375 
0 0.703125 0.0634765625 0.0234375 0.0234375 
0 0.328125 0.302734375 0.0234375 0.0234375 
0 0.6005859375 0.1259765625 0.0234375 0.0234375 
1 0.4150390625 0.1298828125 0.0224609375 0.0224609375 
0 0.6357421875 0.4296875 0.021484375 0.021484375 
1 0.3984375 0.521484375 0.0224609375 0.0224609375 
1 0.5087890625 0.19921875 0.021484375 0.021484375 
0 0.5654296875 0.55078125 0.021484375 0.021484375 
0 0.4384765625 0.140625 0.021484375 0.021484375 
0 0.5205078125 0.7705078125 0.01953125 0.01953125 
0 0.6044921875 0.197265625 0.0234375 0.0234375 
0 0.5029296875 0.572265625 0.0234375 0.0234375 
0 0.40625 0.560546875 0.0234375 0.0234375 
0 0.4248046875 0.2158203125 0.021484375 0.021484375 
0 0.498046875 0.1298828125 0.021484375 0.021484375 
1 0.517578125 0.302734375 0.021484375 0.021484375 
1 0.6015625 0.5458984375 0.0224609375 0.0224609375 
1 0.451171875 0.0751953125 0.021484375 0.021484375 
1 0.443359375 0.3671875 0.021484375 0.021484375 
1 0.53125 0.55859375 0.021484375 0.021484375 
0 0.361328125 0.1572265625 0.0234375 0.0234375 
0 0.58203125 0.380859375 0.021484375 0.021484375 
0 0.4501953125 0.6279296875 0.021484375 0.021484375 
0 0.56640625 0.634765625 0.0234375 0.0234375 
0 0.4130859375 0.052734375 0.0224609375 0.0224609375 
0 0.6083984375 0.43359375 0.0224609375 0.0224609375 
0 0.6650390625 0.216796875 0.021484375 0.021484375 
0 0.3974609375 0.353515625 0.021484375 0.021484375 
1 0.6220703125 0.4931640625 0.0224609375 0.0224609375 
0 0.4287109375 0.076171875 0.0234375 0.0234375 
0 0.634765625 0.1875 0.0234375 0.0234375 
1 0.662109375 0.0556640625 0.021484375 0.021484375 
0 0.3603515625 0.2412109375 0.021484375 0.021484375 
0 0.5 0.5927734375 0.0234375 0.0234375 
0 0.3955078125 0.4609375 0.021484375 0.021484375 
0 0.5341796875 0.640625 0.021484375 0.021484375 
1 0.3916015625 0.0654296875 0.021484375 0.021484375 
0 0.5810546875 0.068359375 0.0234375 0.0234375 
1 0.4365234375 0.4443359375 0.021484375 0.021484375 
1 0.35546875 0.365234375 0.021484375 0.021484375 
0 0.5986328125 0.3505859375 0.021484375 0.021484375 
0 0.3603515625 0.224609375 0.0234375 0.0234375 
0 0.455078125 0.53515625 0.021484375 0.021484375 
0 0.5078125 0.47265625 0.021484375 0.021484375 
0 0.5732421875 0.2255859375 0.021484375 0.021484375 
0 0.4736328125 0.3671875 0.0234375 0.0234375 
0 0.3447265625 0.3095703125 0.021484375 0.021484375 
1 0.3740234375 0.357421875 0.0224609375 0.0224609375 
0 0.3955078125 0.103515625 0.0224609375 0.0224609375 
1 0.5224609375 0.7890625 0.0234375 0.0234375 
1 0.576171875 0.091796875 0.021484375 0.021484375 
0 0.564453125 0.1513671875 0.0234375 0.0234375 
1 0.5322265625 0.396484375 0.021484375 0.021484375 
0 0.4814453125 0.87109375 0.0234375 0.0234375 
1 0.4716796875 0.6396484375 0.021484375 0.021484375 
0 0.392578125 0.208984375 0.021484375 0.021484375 
0 0.416015625 0.033203125 0.021484375 0.021484375 
0 0.4560546875 0.5107421875 0.0234375 0.0234375 
0 0.4326171875 0.7421875 0.0224609375 0.0224609375 
0 0.4033203125 0.3330078125 0.021484375 0.021484375 
0 0.482421875 0.77734375 0.025390625 0.025390625 
0 0.49609375 0.412109375 0.021484375 0.021484375 
1 0.44140625 0.388671875 0.0224609375 0.0224609375 
1 0.6748046875 0.0703125 0.0224609375 0.0224609375 
0 0.4931640625 0.630859375 0.021484375 0.021484375 
0 0.4765625 0.4326171875 0.021484375 0.021484375 
0 0.4912109375 0.2060546875 0.0234375 0.0234375 
0 0.4873046875 0.0888671875 0.0224609375 0.0224609375 
0 0.576171875 0.5673828125 0.021484375 0.021484375 
0 0.4345703125 0.1259765625 0.0234375 0.0234375 
1 0.5947265625 0.3037109375 0.0224609375 0.0224609375 
0 0.4541015625 0.490234375 0.0224609375 0.0224609375 
1 0.4404296875 0.775390625 0.0234375 0.0234375 
1 0.720703125 0.03125 0.021484375 0.021484375 
0 0.466796875 0.7890625 0.0224609375 0.0224609375 
1 0.5693359375 0.533203125 0.021484375 0.021484375 
0 0.564453125 0.0302734375 0.021484375 0.021484375 
0 0.390625 0.2529296875 0.0234375 0.0234375 
0 0.6162109375 0.5224609375 0.021484375 0.021484375 
0 0.66796875 0.115234375 0.021484375 0.021484375 
0 0.345703125 0.3251953125 0.021484375 0.021484375 
