1 0.583984375 0.162109375 0.021484375 0.021484375 
0 0.5810546875 0.5166015625 0.0224609375 0.0224609375 
0 0.3046875 0.048828125 0.021484375 0.021484375 
0 0.5185546875 0.74609375 0.021484375 0.021484375 
0 0.5009765625 0.37109375 0.021484375 0.021484375 
0 0.4453125 0.4794921875 0.021484375 0.021484375 
0 0.3642578125 0.1572265625 0.0234375 0.0234375 
1 0.5615234375 0.552734375 0.021484375 0.021484375 
0 0.5029296875 0.7626953125 0.021484375 0.021484375 
1 0.580078125 0.609375 0.021484375 0.021484375 
1 0.3828125 0.4228515625 0.021484375 0.021484375 
0 0.5361328125 0.62109375 0.021484375 0.021484375 
1 0.5166015625 0.703125 0.0224609375 0.0224609375 
0 0.6005859375 0.4130859375 0.0234375 0.0234375 
0 0.5908203125 0.3671875 0.021484375 0.021484375 
1 0.5859375 0.13671875 0.021484375 0.021484375 
0 0.384765625 0.3408203125 0.021484375 0.021484375 
0 0.4521484375 0.302734375 0.021484375 0.021484375 
0 0.404296875 0.12890625 0.021484375 0.021484375 
0 0.4150390625 0.06640625 0.021484375 0.021484375 
0 0.5126953125 0.4462890625 0.021484375 0.021484375 
0 0.423828125 0.37890625 0.0234375 0.0234375 
1 0.6787109375 0.0859375 0.021484375 0.021484375 
0 0.4326171875 0.5224609375 0.0234375 0.0234375 
0 0.45703125 0.82421875 0.0224609375 0.0224609375 
1 0.6279296875 0.240234375 0.0224609375 0.0224609375 
0 0.50390625 0.2705078125 0.0224609375 0.0224609375 
0 0.4951171875 0.71875 0.021484375 0.021484375 
0 0.552734375 0.740234375 0.021484375 0.021484375 
0 0.5244140625 0.6005859375 0.021484375 0.021484375 
1 0.59375 0.0634765625 0.021484375 0.021484375 
0 0.58984375 0.44921875 0.0234375 0.0234375 
1 0.5732421875 0.2373046875 0.021484375 0.021484375 
0 0.60546875 0.5341796875 0.0234375 0.0234375 
1 0.6513671875 0.111328125 0.021484375 0.021484375 
0 0.64453125 0.3818359375 0.0234375 0.0234375 
1 0.4892578125 0.5595703125 0.021484375 0.021484375 
0 0.4833984375 0.759765625 0.0224609375 0.0224609375 
1 0.5546875 0.654296875 0.021484375 0.021484375 
0 0.62890625 0.26953125 0.0234375 0.0234375 
1 0.4931640625 0.6875 0.0224609375 0.0224609375 
0 0.52734375 0.58203125 0.0234375 0.0234375 
0 0.630859375 0.0361328125 0.021484375 0.021484375 
0 0.3408203125 0.2587890625 0.0224609375 0.0224609375 
0 0.5576171875 0.1318359375 0.0234375 0.0234375 
0 0.470703125 0.162109375 0.0234375 0.0234375 
0 0.654296875 0.1884765625 0.021484375 0.021484375 
0 0.55859375 0.37109375 0.021484375 0.021484375 
1 0.458984375 0.625 0.021484375 0.021484375 
0 0.4638671875 0.716796875 0.021484375 0.021484375 
0 0.5380859375 0.14453125 0.021484375 0.021484375 
0 0.634765625 0.3271484375 0.021484375 0.021484375 
0 0.453125 0.677734375 0.021484375 0.021484375 
0 0.3232421875 0.1953125 0.021484375 0.021484375 
0 0.6025390625 0.1220703125 0.0234375 0.0234375 
0 0.37890625 0.515625 0.021484375 0.021484375 
0 0.5615234375 0.21484375 0.021484375 0.021484375 
0 0.5458984375 0.3056640625 0.021484375 0.021484375 
1 0.4326171875 0.7236328125 0.0224609375 0.0224609375 
0 0.6875 0.1201171875 0.021484375 0.021484375 
1 0.4365234375 0.39453125 0.0224609375 0.0224609375 
0 0.5478515625 0.279296875 0.021484375 0.021484375 
0 0.443359375 0.798828125 0.0224609375 0.0224609375 
0 0.58203125 0.310546875 0.0234375 0.0234375 
0 0.533203125 0.2509765625 0.021484375 0.021484375 
0 0.478515625 0.6494140625 0.0224609375 0.0224609375 
0 0.515625 0.5615234375 0.0234375 0.0234375 
1 0.4697265625 0.142578125 0.0224609375 0.0224609375 
0 0.625 0.4052734375 0.0224609375 0.0224609375 
0 0.5380859375 0.38671875 0.021484375 0.021484375 
0 0.6064453125 0.146484375 0.021484375 0.021484375 
0 0.4345703125 0.412109375 0.0234375 0.0234375 
0 0.5205078125 0.513671875 0.0234375 0.0234375 
0 0.5341796875 0.1259765625 0.0224609375 0.0224609375 
0 0.5009765625 0.033203125 0.0224609375 0.0224609375 
0 0.5283203125 0.6865234375 0.0234375 0.0234375 
0 0.5283203125 0.0380859375 0.021484375 0.021484375 
1 0.6142578125 0.091796875 0.0224609375 0.0224609375 
0 0.45703125 0.6533203125 0.021484375 0.021484375 
1 0.396484375 0.5908203125 0.0224609375 0.0224609375 
0 0.478515625 0.7861328125 0.0224609375 0.0224609375 
0 0.3798828125 0.3857421875 0.021484375 0.021484375 
0 0.568359375 0.0771484375 0.0234375 0.0234375 
0 0.3681640625 0.3291015625 0.021484375 0.021484375 
0 0.3271484375 0.17578125 0.021484375 0.021484375 
0 0.4873046875 0.0517578125 0.0234375 0.0234375 
0 0.544921875 0.2607421875 0.021484375 0.021484375 
0 0.4521484375 0.046875 0.021484375 0.021484375 
1 0.50390625 0.8408203125 0.0234375 0.0234375 
0 0.5048828125 0.802734375 0.0224609375 0.0224609375 
1 0.43359375 0.705078125 0.021484375 0.021484375 
0 0.5361328125 0.654296875 0.021484375 0.021484375 
1 0.40234375 0.3193359375 0.021484375 0.021484375 
0 0.662109375 0.09765625 0.0234375 0.0234375 
0 0.4521484375 0.49609375 0.0234375 0.0234375 
0 0.60546875 0.216796875 0.021484375 0.021484375 
0 0.5009765625 0.6181640625 0.021484375 0.021484375 
0 0.4521484375 0.556640625 0.0234375 0.0234375 
1 0.61328125 0.0498046875 0.021484375 0.021484375 
0 0.65234375 0.28125 0.021484375 0.021484375 
0 0.646484375 0.091796875 0.0234375 0.0234375 
0 0.412109375 0.53515625 0.0234375 0.0234375 
0 0.5703125 0.7041015625 0.021484375 0.021484375 
0 0.6669921875 0.1162109375 0.021484375 0.021484375 
0 0.4912109375 0.8779296875 0.0224609375 0.0224609375 
0 0.662109375 0.154296875 0.0224609375 0.0224609375 
0 0.4169921875 0.5673828125 0.021484375 0.021484375 
0 0.4814453125 0.369140625 0.021484375 0.021484375 
0 0.4072265625 0.2001953125 0.0234375 0.0234375 
1 0.517578125 0.4150390625 0.021484375 0.021484375 
0 0.4970703125 0.1689453125 0.021484375 0.021484375 
0 0.599609375 0.328125 0.0234375 0.0234375 
1 0.3876953125 0.365234375 0.021484375 0.021484375 
0 0.5927734375 0.1767578125 0.021484375 0.021484375 
0 0.69140625 0.095703125 0.0224609375 0.0224609375 
0 0.3798828125 0.4755859375 0.021484375 0.021484375 
0 0.388671875 0.1416015625 0.021484375 0.021484375 
0 0.59375 0.576171875 0.021484375 0.021484375 
1 0.3095703125 0.1748046875 0.021484375 0.021484375 
0 0.6884765625 0.1826171875 0.0234375 0.0234375 
0 0.5673828125 0.1953125 0.0234375 0.0234375 
0 0.6015625 0.2880859375 0.021484375 0.021484375 
0 0.4443359375 0.234375 0.021484375 0.021484375 
0 0.5107421875 0.6064453125 0.0234375 0.0234375 
0 0.5283203125 0.28515625 0.0234375 0.0234375 
0 0.6455078125 0.0537109375 0.021484375 0.021484375 
0 0.5478515625 0.19921875 0.021484375 0.021484375 
0 0.294921875 0.15234375 0.0234375 0.0234375 
0 0.4873046875 0.2734375 0.0234375 0.0234375 
0 0.4150390625 0.6845703125 0.0234375 0.0234375 
0 0.5537109375 0.4384765625 0.0234375 0.0234375 
1 0.3720703125 0.05078125 0.021484375 0.021484375 
0 0.552734375 0.6025390625 0.021484375 0.021484375 
0 0.478515625 0.521484375 0.0234375 0.0234375 
1 0.619140625 0.158203125 0.021484375 0.021484375 
1 0.5205078125 0.890625 0.0234375 0.0234375 
1 0.4501953125 0.1435546875 0.021484375 0.021484375 
0 0.421875 0.443359375 0.0234375 0.0234375 
0 0.41015625 0.607421875 0.021484375 0.021484375 
0 0.50390625 0.2138671875 0.0234375 0.0234375 
0 0.546875 0.4765625 0.0224609375 0.0224609375 
0 0.419921875 0.1796875 0.021484375 0.021484375 
0 0.5947265625 0.5537109375 0.021484375 0.021484375 
0 0.421875 0.2333984375 0.0224609375 0.0224609375 
1 0.400390625 0.064453125 0.021484375 0.021484375 
0 0.630859375 0.0732421875 0.0224609375 0.0224609375 
0 0.337890625 0.337890625 0.021484375 0.021484375 
