0 0.5859375 0.0380859375 0.021484375 0.021484375 
0 0.3662109375 0.43359375 0.021484375 0.021484375 
0 0.4384765625 0.365234375 0.021484375 0.021484375 
1 0.5654296875 0.251953125 0.021484375 0.021484375 
0 0.515625 0.48046875 0.0234375 0.0234375 
0 0.3876953125 0.388671875 0.0224609375 0.0224609375 
1 0.486328125 0.671875 0.021484375 0.021484375 
1 0.3779296875 0.068359375 0.021484375 0.021484375 
1 0.5732421875 0.3095703125 0.021484375 0.021484375 
0 0.4521484375 0.4609375 0.021484375 0.021484375 
1 0.4228515625 0.0654296875 0.0224609375 0.0224609375 
0 0.6513671875 0.2626953125 0.0234375 0.0234375 
0 0.3251953125 0.193359375 0.021484375 0.021484375 
1 0.4482421875 0.7119140625 0.021484375 0.021484375 
1 0.5791015625 0.4833984375 0.0224609375 0.0224609375 
1 0.5107421875 0.5595703125 0.021484375 0.021484375 
0 0.4052734375 0.26171875 0.0224609375 0.0224609375 
0 0.5185546875 0.8955078125 0.0234375 0.0234375 
0 0.546875 0.4072265625 0.021484375 0.021484375 
0 0.6259765625 0.115234375 0.0224609375 0.0224609375 
1 0.548828125 0.2158203125 0.021484375 0.021484375 
0 0.44140625 0.1611328125 0.021484375 0.021484375 
1 0.5341796875 0.3916015625 0.021484375 0.021484375 
0 0.6904296875 0.177734375 0.021484375 0.021484375 
1 0.3818359375 0.2939453125 0.021484375 0.021484375 
0 0.6650390625 0.1435546875 0.0234375 0.0234375 
1 0.4306640625 0.5439453125 0.021484375 0.021484375 
0 0.3544921875 0.28515625 0.021484375 0.021484375 
0 0.3291015625 0.271484375 0.021484375 0.021484375 
0 0.54296875 0.6630859375 0.0234375 0.0234375 
1 0.29296875 0.142578125 0.021484375 0.021484375 
0 0.5126953125 0.4345703125 0.0234375 0.0234375 
1 0.4228515625 0.3203125 0.021484375 0.021484375 
1 0.599609375 0.21484375 0.021484375 0.021484375 
0 0.68359375 0.208984375 0.0234375 0.0234375 
0 0.3583984375 0.2998046875 0.0224609375 0.0224609375 
0 0.3603515625 0.1416015625 0.0234375 0.0234375 
0 0.572265625 0.2900390625 0.0224609375 0.0224609375 
0 0.5810546875 0.529296875 0.021484375 0.021484375 
0 0.4619140625 0.361328125 0.021484375 0.021484375 
0 0.421875 0.71484375 0.021484375 0.021484375 
0 0.451171875 0.1748046875 0.021484375 0.021484375 
0 0.52734375 0.65625 0.021484375 0.021484375 
0 0.595703125 0.130859375 0.021484375 0.021484375 
1 0.419921875 0.3603515625 0.021484375 0.021484375 
1 0.357421875 0.1669921875 0.0224609375 0.0224609375 
1 0.4033203125 0.3486328125 0.021484375 0.021484375 
1 0.4794921875 0.560546875 0.021484375 0.021484375 
0 0.5439453125 0.107421875 0.021484375 0.021484375 
0 0.515625 0.388671875 0.0234375 0.0234375 
0 0.455078125 0.5078125 0.021484375 0.021484375 
0 0.54296875 0.369140625 0.021484375 0.021484375 
0 0.5810546875 0.060546875 0.021484375 0.021484375 
0 0.4775390625 0.443359375 0.021484375 0.021484375 
0 0.447265625 0.6318359375 0.0234375 0.0234375 
0 0.5048828125 0.7314453125 0.0234375 0.0234375 
0 0.66796875 0.2587890625 0.0234375 0.0234375 
0 0.5791015625 0.240234375 0.0234375 0.0234375 
0 0.3603515625 0.0556640625 0.021484375 0.021484375 
1 0.5146484375 0.0419921875 0.021484375 0.021484375 
0 0.556640625 0.63671875 0.0234375 0.0234375 
0 0.4990234375 0.6484375 0.0234375 0.0234375 
0 0.5830078125 0.6484375 0.0224609375 0.0224609375 
0 0.4951171875 0.123046875 0.021484375 0.021484375 
0 0.4951171875 0.1552734375 0.0234375 0.0234375 
0 0.4248046875 0.3916015625 0.0234375 0.0234375 
0 0.455078125 0.1298828125 0.0234375 0.0234375 
0 0.51953125 0.3466796875 0.021484375 0.021484375 
1 0.4326171875 0.740234375 0.021484375 0.021484375 
0 0.6416015625 0.1435546875 0.021484375 0.021484375 
1 0.390625 0.4130859375 0.021484375 0.021484375 
1 0.458984375 0.4111328125 0.0224609375 0.0224609375 
0 0.4599609375 0.5576171875 0.021484375 0.021484375 
0 0.60546875 0.3359375 0.0234375 0.0234375 
0 0.521484375 0.2265625 0.021484375 0.021484375 
0 0.4228515625 0.0830078125 0.021484375 0.021484375 
0 0.474609375 0.2001953125 0.0234375 0.0234375 
0 0.365234375 0.265625 0.0234375 0.0234375 
0 0.69140625 0.1357421875 0.0234375 0.0234375 
0 0.52734375 0.41015625 0.021484375 0.021484375 
0 0.36328125 0.44921875 0.021484375 0.021484375 
1 0.443359375 0.203125 0.0224609375 0.0224609375 
0 0.3818359375 0.3642578125 0.021484375 0.021484375 
0 0.5234375 0.5205078125 0.021484375 0.021484375 
0 0.390625 0.533203125 0.0234375 0.0234375 
0 0.421875 0.6484375 0.0234375 0.0234375 
0 0.6259765625 0.1533203125 0.021484375 0.021484375 
0 0.3251953125 0.146484375 0.021484375 0.021484375 
0 0.330078125 0.126953125 0.0224609375 0.0224609375 
1 0.3896484375 0.103515625 0.0224609375 0.0224609375 
0 0.587890625 0.392578125 0.0234375 0.0234375 
1 0.4619140625 0.447265625 0.021484375 0.021484375 
0 0.4970703125 0.1083984375 0.021484375 0.021484375 
0 0.34375 0.0537109375 0.021484375 0.021484375 
1 0.6181640625 0.0908203125 0.021484375 0.021484375 
0 0.4609375 0.8388671875 0.0224609375 0.0224609375 
1 0.482421875 0.5390625 0.021484375 0.021484375 
0 0.55078125 0.4873046875 0.0234375 0.0234375 
0 0.6328125 0.2548828125 0.0234375 0.0234375 
0 0.5947265625 0.279296875 0.021484375 0.021484375 
0 0.578125 0.263671875 0.0234375 0.0234375 
0 0.5302734375 0.0947265625 0.0234375 0.0234375 
0 0.392578125 0.509765625 0.0234375 0.0234375 
0 0.44140625 0.2841796875 0.021484375 0.021484375 
0 0.462890625 0.720703125 0.0234375 0.0234375 
0 0.4912109375 0.0498046875 0.021484375 0.021484375 
0 0.646484375 0.20703125 0.0234375 0.0234375 
0 0.564453125 0.3427734375 0.021484375 0.021484375 
1 0.2841796875 0.072265625 0.021484375 0.021484375 
0 0.5087890625 0.2548828125 0.021484375 0.021484375 
0 0.4169921875 0.4716796875 0.021484375 0.021484375 
0 0.427734375 0.62109375 0.0234375 0.0234375 
0 0.60546875 0.4482421875 0.021484375 0.021484375 
1 0.603515625 0.572265625 0.021484375 0.021484375 
0 0.6162109375 0.4365234375 0.0224609375 0.0224609375 
0 0.4423828125 0.265625 0.0234375 0.0234375 
0 0.4833984375 0.0673828125 0.021484375 0.021484375 
1 0.5400390625 0.6044921875 0.0224609375 0.0224609375 
1 0.53515625 0.0673828125 0.021484375 0.021484375 
0 0.466796875 0.09375 0.021484375 0.021484375 
0 0.599609375 0.353515625 0.021484375 0.021484375 
1 0.59765625 0.4892578125 0.021484375 0.021484375 
0 0.4765625 0.138671875 0.0234375 0.0234375 
1 0.3603515625 0.248046875 0.0224609375 0.0224609375 
0 0.666015625 0.1123046875 0.0234375 0.0234375 
1 0.619140625 0.3916015625 0.021484375 0.021484375 
0 0.578125 0.1767578125 0.021484375 0.021484375 
0 0.509765625 0.8818359375 0.0224609375 0.0224609375 
0 0.4541015625 0.3193359375 0.0234375 0.0234375 
0 0.625 0.3115234375 0.0224609375 0.0224609375 
0 0.5068359375 0.54296875 0.0234375 0.0234375 
1 0.5576171875 0.0947265625 0.021484375 0.021484375 
1 0.4931640625 0.3935546875 0.0224609375 0.0224609375 
0 0.3974609375 0.4873046875 0.0234375 0.0234375 
0 0.478515625 0.716796875 0.021484375 0.021484375 
0 0.5517578125 0.453125 0.0224609375 0.0224609375 
1 0.658203125 0.03125 0.021484375 0.021484375 
0 0.513671875 0.8349609375 0.0224609375 0.0224609375 
0 0.6474609375 0.3203125 0.0234375 0.0234375 
1 0.4375 0.76171875 0.021484375 0.021484375 
0 0.4248046875 0.1201171875 0.021484375 0.021484375 
1 0.427734375 0.1484375 0.021484375 0.021484375 
0 0.380859375 0.1484375 0.021484375 0.021484375 
0 0.5771484375 0.5517578125 0.021484375 0.021484375 
0 0.296875 0.052734375 0.0224609375 0.0224609375 
0 0.4375 0.4638671875 0.021484375 0.021484375 
0 0.5546875 0.1767578125 0.0234375 0.0234375 
1 0.4853515625 0.2646484375 0.021484375 0.021484375 
0 0.3955078125 0.048828125 0.0234375 0.0234375 
0 0.517578125 0.1796875 0.0234375 0.0234375 
1 0.5302734375 0.5537109375 0.021484375 0.021484375 
0 0.4365234375 0.0498046875 0.021484375 0.021484375 
0 0.47265625 0.38671875 0.021484375 0.021484375 
0 0.6025390625 0.10546875 0.0234375 0.0234375 
0 0.330078125 0.072265625 0.021484375 0.021484375 
0 0.390625 0.1904296875 0.021484375 0.021484375 
1 0.412109375 0.6220703125 0.021484375 0.021484375 
0 0.400390625 0.552734375 0.021484375 0.021484375 
1 0.4111328125 0.3759765625 0.021484375 0.021484375 
0 0.5478515625 0.03125 0.0224609375 0.0224609375 
0 0.4970703125 0.2373046875 0.021484375 0.021484375 
0 0.64453125 0.1611328125 0.0234375 0.0234375 
0 0.529296875 0.4921875 0.021484375 0.021484375 
0 0.3466796875 0.3388671875 0.021484375 0.021484375 
0 0.6318359375 0.4052734375 0.0224609375 0.0224609375 
0 0.4736328125 0.478515625 0.0234375 0.0234375 
1 0.3876953125 0.205078125 0.0224609375 0.0224609375 
1 0.3095703125 0.1767578125 0.021484375 0.021484375 
1 0.6884765625 0.0927734375 0.021484375 0.021484375 
0 0.34765625 0.3564453125 0.0234375 0.0234375 
1 0.357421875 0.087890625 0.021484375 0.021484375 
1 0.3037109375 0.1318359375 0.021484375 0.021484375 
1 0.603515625 0.3134765625 0.0224609375 0.0224609375 
1 0.5244140625 0.447265625 0.021484375 0.021484375 
0 0.4912109375 0.591796875 0.021484375 0.021484375 
0 0.3486328125 0.0380859375 0.0234375 0.0234375 
0 0.5615234375 0.0595703125 0.021484375 0.021484375 
0 0.6240234375 0.18359375 0.021484375 0.021484375 
0 0.267578125 0.033203125 0.021484375 0.021484375 
