0 0.7099609375 0.0361328125 0.021484375 0.021484375 
0 0.62109375 0.416015625 0.0234375 0.0234375 
0 0.41796875 0.6416015625 0.0234375 0.0234375 
0 0.47265625 0.7734375 0.0234375 0.0234375 
1 0.5341796875 0.4736328125 0.0224609375 0.0224609375 
0 0.4404296875 0.4892578125 0.0234375 0.0234375 
1 0.6416015625 0.1796875 0.021484375 0.021484375 
0 0.474609375 0.6171875 0.0234375 0.0234375 
0 0.4453125 0.5693359375 0.0234375 0.0234375 
0 0.478515625 0.041015625 0.0224609375 0.0224609375 
0 0.5771484375 0.12109375 0.0234375 0.0234375 
0 0.57421875 0.162109375 0.021484375 0.021484375 
0 0.5712890625 0.0302734375 0.021484375 0.021484375 
0 0.51953125 0.49609375 0.021484375 0.021484375 
0 0.55078125 0.1142578125 0.021484375 0.021484375 
1 0.431640625 0.46484375 0.021484375 0.021484375 
1 0.451171875 0.5048828125 0.021484375 0.021484375 
0 0.59375 0.490234375 0.021484375 0.021484375 
0 0.3154296875 0.197265625 0.0234375 0.0234375 
0 0.458984375 0.13671875 0.0234375 0.0234375 
0 0.5380859375 0.5771484375 0.0234375 0.0234375 
0 0.62109375 0.2177734375 0.0234375 0.0234375 
0 0.451171875 0.1708984375 0.021484375 0.021484375 
0 0.4453125 0.0869140625 0.021484375 0.021484375 
1 0.3798828125 0.31640625 0.021484375 0.021484375 
0 0.416015625 0.5966796875 0.021484375 0.021484375 
1 0.4267578125 0.6279296875 0.021484375 0.021484375 
0 0.4912109375 0.1689453125 0.0224609375 0.0224609375 
0 0.408203125 0.0546875 0.021484375 0.021484375 
0 0.5966796875 0.447265625 0.0234375 0.0234375 
0 0.4892578125 0.7109375 0.021484375 0.021484375 
0 0.51953125 0.4013671875 0.021484375 0.021484375 
0 0.552734375 0.078125 0.0224609375 0.0224609375 
0 0.4990234375 0.4716796875 0.0234375 0.0234375 
1 0.51171875 0.642578125 0.021484375 0.021484375 
0 0.427734375 0.1708984375 0.0234375 0.0234375 
0 0.494140625 0.767578125 0.0224609375 0.0224609375 
0 0.5 0.2431640625 0.0234375 0.0234375 
1 0.630859375 0.271484375 0.021484375 0.021484375 
0 0.34375 0.2373046875 0.0224609375 0.0224609375 
0 0.4638671875 0.3818359375 0.0234375 0.0234375 
0 0.4951171875 0.73828125 0.021484375 0.021484375 
1 0.388671875 0.107421875 0.021484375 0.021484375 
0 0.6279296875 0.3173828125 0.0234375 0.0234375 
0 0.6162109375 0.279296875 0.021484375 0.021484375 
1 0.515625 0.087890625 0.021484375 0.021484375 
0 0.6650390625 0.185546875 0.0224609375 0.0224609375 
0 0.5185546875 0.7431640625 0.021484375 0.021484375 
0 0.46875 0.693359375 0.0234375 0.0234375 
0 0.326171875 0.09375 0.021484375 0.021484375 
0 0.3779296875 0.47265625 0.0234375 0.0234375 
0 0.5185546875 0.2099609375 0.0234375 0.0234375 
0 0.482421875 0.337890625 0.021484375 0.021484375 
1 0.470703125 0.1611328125 0.021484375 0.021484375 
1 0.6318359375 0.09765625 0.021484375 0.021484375 
0 0.654296875 0.212890625 0.0234375 0.0234375 
0 0.45703125 0.751953125 0.01953125 0.01953125 
0 0.3779296875 0.28515625 0.021484375 0.021484375 
0 0.427734375 0.517578125 0.021484375 0.021484375 
0 0.6171875 0.25 0.0234375 0.0234375 
1 0.4111328125 0.505859375 0.021484375 0.021484375 
0 0.4609375 0.529296875 0.021484375 0.021484375 
0 0.5732421875 0.0712890625 0.021484375 0.021484375 
0 0.5654296875 0.24609375 0.0234375 0.0234375 
0 0.517578125 0.8701171875 0.021484375 0.021484375 
0 0.462890625 0.5556640625 0.021484375 0.021484375 
0 0.5615234375 0.220703125 0.021484375 0.021484375 
0 0.583984375 0.2900390625 0.0234375 0.0234375 
0 0.46484375 0.8505859375 0.021484375 0.021484375 
1 0.505859375 0.419921875 0.021484375 0.021484375 
0 0.369140625 0.1796875 0.0234375 0.0234375 
0 0.564453125 0.7255859375 0.0234375 0.0234375 
0 0.3828125 0.341796875 0.021484375 0.021484375 
0 0.3232421875 0.2578125 0.021484375 0.021484375 
0 0.4375 0.037109375 0.0234375 0.0234375 
1 0.53125 0.181640625 0.021484375 0.021484375 
1 0.517578125 0.353515625 0.0224609375 0.0224609375 
1 0.5390625 0.4287109375 0.021484375 0.021484375 
0 0.4521484375 0.150390625 0.021484375 0.021484375 
0 0.3369140625 0.314453125 0.0234375 0.0234375 
0 0.654296875 0.0380859375 0.021484375 0.021484375 
0 0.5068359375 0.15625 0.0224609375 0.0224609375 
1 0.427734375 0.373046875 0.0224609375 0.0224609375 
1 0.572265625 0.4560546875 0.021484375 0.021484375 
1 0.49609375 0.033203125 0.0224609375 0.0224609375 
1 0.5390625 0.1533203125 0.021484375 0.021484375 
1 0.619140625 0.083984375 0.021484375 0.021484375 
0 0.38671875 0.1396484375 0.0234375 0.0234375 
0 0.4580078125 0.3037109375 0.021484375 0.021484375 
0 0.5361328125 0.0673828125 0.021484375 0.021484375 
