1 0.6005859375 0.4677734375 0.0224609375 0.0224609375 
0 0.4638671875 0.408203125 0.021484375 0.021484375 
0 0.580078125 0.5634765625 0.021484375 0.021484375 
0 0.3193359375 0.0888671875 0.0224609375 0.0224609375 
0 0.431640625 0.35546875 0.021484375 0.021484375 
1 0.3525390625 0.328125 0.021484375 0.021484375 
0 0.45703125 0.568359375 0.0224609375 0.0224609375 
0 0.548828125 0.5908203125 0.0234375 0.0234375 
0 0.43359375 0.4140625 0.021484375 0.021484375 
1 0.43359375 0.23046875 0.0224609375 0.0224609375 
0 0.373046875 0.3740234375 0.0234375 0.0234375 
0 0.5078125 0.13671875 0.0234375 0.0234375 
0 0.5400390625 0.6064453125 0.0234375 0.0234375 
1 0.5859375 0.2529296875 0.0224609375 0.0224609375 
0 0.685546875 0.0615234375 0.021484375 0.021484375 
0 0.576171875 0.6708984375 0.021484375 0.021484375 
0 0.509765625 0.638671875 0.021484375 0.021484375 
0 0.4228515625 0.638671875 0.021484375 0.021484375 
0 0.341796875 0.357421875 0.021484375 0.021484375 
0 0.4345703125 0.6748046875 0.021484375 0.021484375 
0 0.515625 0.830078125 0.025390625 0.025390625 
0 0.419921875 0.1796875 0.021484375 0.021484375 
1 0.5634765625 0.1513671875 0.0224609375 0.0224609375 
1 0.60546875 0.296875 0.0224609375 0.0224609375 
1 0.4072265625 0.302734375 0.0224609375 0.0224609375 
0 0.53515625 0.5517578125 0.021484375 0.021484375 
0 0.50390625 0.6767578125 0.0234375 0.0234375 
0 0.5458984375 0.3994140625 0.0224609375 0.0224609375 
0 0.46484375 0.54296875 0.021484375 0.021484375 
0 0.6884765625 0.142578125 0.0234375 0.0234375 
0 0.45703125 0.12890625 0.021484375 0.021484375 
1 0.44921875 0.6826171875 0.021484375 0.021484375 
0 0.4580078125 0.2138671875 0.021484375 0.021484375 
0 0.4697265625 0.6572265625 0.021484375 0.021484375 
0 0.5283203125 0.1767578125 0.021484375 0.021484375 
0 0.435546875 0.0517578125 0.0234375 0.0234375 
1 0.505859375 0.4794921875 0.021484375 0.021484375 
0 0.611328125 0.189453125 0.0224609375 0.0224609375 
0 0.3955078125 0.1064453125 0.021484375 0.021484375 
0 0.6416015625 0.134765625 0.021484375 0.021484375 
0 0.5478515625 0.734375 0.021484375 0.021484375 
1 0.3251953125 0.0634765625 0.021484375 0.021484375 
1 0.611328125 0.25390625 0.0224609375 0.0224609375 
0 0.5322265625 0.7158203125 0.021484375 0.021484375 
1 0.40625 0.0595703125 0.021484375 0.021484375 
0 0.3828125 0.0478515625 0.021484375 0.021484375 
0 0.625 0.0537109375 0.021484375 0.021484375 
0 0.619140625 0.4462890625 0.0234375 0.0234375 
0 0.427734375 0.2529296875 0.0234375 0.0234375 
0 0.27734375 0.0849609375 0.0234375 0.0234375 
0 0.3564453125 0.4306640625 0.021484375 0.021484375 
0 0.5 0.775390625 0.0224609375 0.0224609375 
0 0.5927734375 0.197265625 0.0234375 0.0234375 
1 0.650390625 0.234375 0.021484375 0.021484375 
0 0.5126953125 0.279296875 0.021484375 0.021484375 
0 0.5595703125 0.619140625 0.021484375 0.021484375 
0 0.3603515625 0.34765625 0.021484375 0.021484375 
0 0.6494140625 0.0537109375 0.021484375 0.021484375 
0 0.4052734375 0.09375 0.021484375 0.021484375 
0 0.5693359375 0.3291015625 0.0234375 0.0234375 
1 0.33203125 0.3203125 0.0224609375 0.0224609375 
0 0.447265625 0.548828125 0.0234375 0.0234375 
0 0.564453125 0.28515625 0.021484375 0.021484375 
0 0.48046875 0.443359375 0.0234375 0.0234375 
0 0.44921875 0.1767578125 0.021484375 0.021484375 
1 0.658203125 0.3154296875 0.0224609375 0.0224609375 
0 0.427734375 0.470703125 0.0234375 0.0234375 
0 0.5791015625 0.1748046875 0.0234375 0.0234375 
1 0.4677734375 0.072265625 0.0224609375 0.0224609375 
0 0.560546875 0.3955078125 0.0224609375 0.0224609375 
1 0.5078125 0.6103515625 0.0224609375 0.0224609375 
0 0.58984375 0.076171875 0.021484375 0.021484375 
0 0.44921875 0.466796875 0.021484375 0.021484375 
0 0.37890625 0.4375 0.021484375 0.021484375 
1 0.501953125 0.8720703125 0.0234375 0.0234375 
0 0.32421875 0.1904296875 0.0234375 0.0234375 
0 0.5732421875 0.2216796875 0.0234375 0.0234375 
1 0.5380859375 0.384765625 0.021484375 0.021484375 
0 0.423828125 0.3876953125 0.021484375 0.021484375 
0 0.5498046875 0.4375 0.0224609375 0.0224609375 
1 0.3828125 0.533203125 0.0224609375 0.0224609375 
0 0.52734375 0.31640625 0.0234375 0.0234375 
1 0.361328125 0.126953125 0.021484375 0.021484375 
0 0.55078125 0.19921875 0.021484375 0.021484375 
0 0.46484375 0.83203125 0.01953125 0.01953125 
1 0.4521484375 0.0908203125 0.021484375 0.021484375 
0 0.3896484375 0.3798828125 0.021484375 0.021484375 
1 0.6123046875 0.0869140625 0.0224609375 0.0224609375 
0 0.47265625 0.5146484375 0.021484375 0.021484375 
0 0.4345703125 0.4501953125 0.0234375 0.0234375 
1 0.5263671875 0.6474609375 0.021484375 0.021484375 
0 0.5673828125 0.58984375 0.021484375 0.021484375 
0 0.328125 0.26171875 0.021484375 0.021484375 
0 0.5654296875 0.2626953125 0.021484375 0.021484375 
0 0.5576171875 0.3525390625 0.0234375 0.0234375 
0 0.3671875 0.2841796875 0.021484375 0.021484375 
0 0.5595703125 0.4580078125 0.0234375 0.0234375 
1 0.5068359375 0.3837890625 0.021484375 0.021484375 
0 0.544921875 0.6259765625 0.021484375 0.021484375 
0 0.4892578125 0.2626953125 0.021484375 0.021484375 
0 0.3447265625 0.2822265625 0.0234375 0.0234375 
1 0.517578125 0.2041015625 0.0224609375 0.0224609375 
0 0.6328125 0.3779296875 0.0234375 0.0234375 
0 0.6376953125 0.2919921875 0.021484375 0.021484375 
0 0.5478515625 0.3642578125 0.0224609375 0.0224609375 
1 0.5322265625 0.5302734375 0.021484375 0.021484375 
0 0.484375 0.1015625 0.0234375 0.0234375 
0 0.5087890625 0.537109375 0.021484375 0.021484375 
0 0.4619140625 0.2705078125 0.021484375 0.021484375 
1 0.3828125 0.3134765625 0.021484375 0.021484375 
0 0.58203125 0.0595703125 0.0234375 0.0234375 
0 0.314453125 0.169921875 0.0224609375 0.0224609375 
0 0.6328125 0.2265625 0.021484375 0.021484375 
1 0.5048828125 0.8466796875 0.0234375 0.0234375 
0 0.37109375 0.1396484375 0.0224609375 0.0224609375 
0 0.607421875 0.2119140625 0.021484375 0.021484375 
0 0.4052734375 0.3466796875 0.021484375 0.021484375 
0 0.453125 0.390625 0.0234375 0.0234375 
0 0.67578125 0.224609375 0.0224609375 0.0224609375 
0 0.5283203125 0.8828125 0.021484375 0.021484375 
0 0.390625 0.5166015625 0.021484375 0.021484375 
1 0.43359375 0.138671875 0.021484375 0.021484375 
1 0.54296875 0.0322265625 0.021484375 0.021484375 
1 0.4658203125 0.49609375 0.0224609375 0.0224609375 
0 0.58984375 0.37890625 0.0234375 0.0234375 
0 0.50390625 0.4208984375 0.021484375 0.021484375 
0 0.4658203125 0.7314453125 0.021484375 0.021484375 
0 0.705078125 0.103515625 0.021484375 0.021484375 
0 0.54296875 0.861328125 0.0234375 0.0234375 
0 0.6181640625 0.3759765625 0.021484375 0.021484375 
0 0.33203125 0.1240234375 0.0234375 0.0234375 
1 0.5830078125 0.140625 0.021484375 0.021484375 
0 0.5439453125 0.341796875 0.0234375 0.0234375 
0 0.51953125 0.5615234375 0.021484375 0.021484375 
0 0.416015625 0.4912109375 0.021484375 0.021484375 
0 0.6083984375 0.52734375 0.0234375 0.0234375 
1 0.654296875 0.3330078125 0.021484375 0.021484375 
0 0.439453125 0.705078125 0.0234375 0.0234375 
0 0.6435546875 0.3583984375 0.021484375 0.021484375 
0 0.4228515625 0.1552734375 0.0234375 0.0234375 
0 0.4765625 0.7626953125 0.025390625 0.025390625 
0 0.5478515625 0.298828125 0.0234375 0.0234375 
1 0.455078125 0.3076171875 0.021484375 0.021484375 
0 0.60546875 0.3154296875 0.021484375 0.021484375 
1 0.4033203125 0.37109375 0.021484375 0.021484375 
1 0.673828125 0.05078125 0.021484375 0.021484375 
0 0.63671875 0.0908203125 0.0234375 0.0234375 
0 0.3671875 0.0361328125 0.0224609375 0.0224609375 
0 0.3623046875 0.3876953125 0.0234375 0.0234375 
0 0.4892578125 0.3134765625 0.021484375 0.021484375 
0 0.5400390625 0.1025390625 0.021484375 0.021484375 
0 0.41015625 0.2568359375 0.021484375 0.021484375 
0 0.5634765625 0.1123046875 0.021484375 0.021484375 
0 0.68359375 0.2080078125 0.021484375 0.021484375 
0 0.4658203125 0.47265625 0.021484375 0.021484375 
0 0.595703125 0.3359375 0.021484375 0.021484375 
0 0.419921875 0.103515625 0.0234375 0.0234375 
0 0.6865234375 0.109375 0.021484375 0.021484375 
0 0.3876953125 0.556640625 0.021484375 0.021484375 
0 0.46484375 0.6298828125 0.021484375 0.021484375 
0 0.4912109375 0.833984375 0.0234375 0.0234375 
0 0.580078125 0.5986328125 0.0234375 0.0234375 
1 0.515625 0.44921875 0.021484375 0.021484375 
1 0.52734375 0.2626953125 0.021484375 0.021484375 
0 0.4892578125 0.68359375 0.0224609375 0.0224609375 
0 0.6357421875 0.2119140625 0.021484375 0.021484375 
0 0.4423828125 0.154296875 0.021484375 0.021484375 
0 0.5537109375 0.05859375 0.0234375 0.0234375 
0 0.322265625 0.044921875 0.0224609375 0.0224609375 
0 0.55859375 0.12890625 0.0234375 0.0234375 
1 0.5654296875 0.748046875 0.0224609375 0.0224609375 
0 0.43359375 0.296875 0.0234375 0.0234375 
0 0.38671875 0.244140625 0.021484375 0.021484375 
0 0.6005859375 0.0361328125 0.0224609375 0.0224609375 
0 0.3515625 0.2548828125 0.0234375 0.0234375 
1 0.5478515625 0.8203125 0.021484375 0.021484375 
1 0.5693359375 0.6376953125 0.0224609375 0.0224609375 
1 0.5048828125 0.3388671875 0.0224609375 0.0224609375 
0 0.4775390625 0.8681640625 0.025390625 0.025390625 
0 0.4970703125 0.6513671875 0.0234375 0.0234375 
0 0.6455078125 0.1181640625 0.0234375 0.0234375 
0 0.486328125 0.052734375 0.021484375 0.021484375 
1 0.5361328125 0.15234375 0.021484375 0.021484375 
0 0.5810546875 0.5029296875 0.0234375 0.0234375 
0 0.4267578125 0.0712890625 0.0234375 0.0234375 
1 0.4921875 0.6279296875 0.021484375 0.021484375 
1 0.47265625 0.2939453125 0.0224609375 0.0224609375 
