0 0.47265625 0.361328125 0.021484375 0.021484375 
0 0.5126953125 0.0546875 0.021484375 0.021484375 
0 0.662109375 0.2705078125 0.021484375 0.021484375 
0 0.544921875 0.76171875 0.0224609375 0.0224609375 
1 0.447265625 0.6494140625 0.021484375 0.021484375 
0 0.498046875 0.8212890625 0.0224609375 0.0224609375 
0 0.392578125 0.3046875 0.0234375 0.0234375 
1 0.5615234375 0.294921875 0.021484375 0.021484375 
0 0.333984375 0.287109375 0.0234375 0.0234375 
1 0.546875 0.8427734375 0.0234375 0.0234375 
0 0.4541015625 0.494140625 0.0234375 0.0234375 
0 0.615234375 0.1123046875 0.021484375 0.021484375 
0 0.3603515625 0.2265625 0.021484375 0.021484375 
0 0.5419921875 0.3935546875 0.021484375 0.021484375 
0 0.5390625 0.10546875 0.021484375 0.021484375 
0 0.4794921875 0.4052734375 0.021484375 0.021484375 
0 0.5263671875 0.625 0.021484375 0.021484375 
0 0.423828125 0.36328125 0.021484375 0.021484375 
1 0.609375 0.2470703125 0.0224609375 0.0224609375 
0 0.4404296875 0.7451171875 0.0234375 0.0234375 
0 0.37109375 0.3798828125 0.0234375 0.0234375 
1 0.5361328125 0.2275390625 0.0224609375 0.0224609375 
1 0.2900390625 0.0703125 0.021484375 0.021484375 
0 0.400390625 0.0615234375 0.021484375 0.021484375 
0 0.5146484375 0.712890625 0.021484375 0.021484375 
0 0.328125 0.216796875 0.021484375 0.021484375 
0 0.53515625 0.4091796875 0.021484375 0.021484375 
0 0.6240234375 0.06640625 0.021484375 0.021484375 
0 0.6474609375 0.3203125 0.021484375 0.021484375 
0 0.482421875 0.884765625 0.01953125 0.01953125 
1 0.4697265625 0.86328125 0.021484375 0.021484375 
0 0.5234375 0.509765625 0.0224609375 0.0224609375 
1 0.5673828125 0.275390625 0.021484375 0.021484375 
0 0.685546875 0.1923828125 0.021484375 0.021484375 
0 0.58203125 0.353515625 0.0224609375 0.0224609375 
1 0.3388671875 0.2041015625 0.021484375 0.021484375 
1 0.34375 0.189453125 0.0224609375 0.0224609375 
0 0.4111328125 0.03125 0.021484375 0.021484375 
0 0.45703125 0.1748046875 0.021484375 0.021484375 
0 0.50390625 0.724609375 0.0234375 0.0234375 
0 0.4111328125 0.2470703125 0.0234375 0.0234375 
0 0.5615234375 0.412109375 0.021484375 0.021484375 
1 0.619140625 0.453125 0.0224609375 0.0224609375 
0 0.5537109375 0.3818359375 0.0234375 0.0234375 
1 0.5029296875 0.4931640625 0.021484375 0.021484375 
0 0.439453125 0.275390625 0.0234375 0.0234375 
0 0.4892578125 0.6953125 0.0224609375 0.0224609375 
0 0.470703125 0.4931640625 0.021484375 0.021484375 
1 0.466796875 0.4599609375 0.0224609375 0.0224609375 
0 0.5009765625 0.8837890625 0.025390625 0.025390625 
0 0.59375 0.5537109375 0.0234375 0.0234375 
0 0.4453125 0.052734375 0.021484375 0.021484375 
1 0.2890625 0.0498046875 0.021484375 0.021484375 
0 0.6298828125 0.3232421875 0.0234375 0.0234375 
0 0.599609375 0.197265625 0.021484375 0.021484375 
0 0.333984375 0.12109375 0.0234375 0.0234375 
1 0.556640625 0.716796875 0.021484375 0.021484375 
0 0.6513671875 0.078125 0.021484375 0.021484375 
0 0.5302734375 0.7099609375 0.021484375 0.021484375 
1 0.5654296875 0.67578125 0.0224609375 0.0224609375 
0 0.5595703125 0.24609375 0.0234375 0.0234375 
0 0.5107421875 0.6513671875 0.021484375 0.021484375 
0 0.5703125 0.203125 0.021484375 0.021484375 
0 0.453125 0.4345703125 0.021484375 0.021484375 
0 0.533203125 0.890625 0.0224609375 0.0224609375 
0 0.447265625 0.5908203125 0.0234375 0.0234375 
0 0.5146484375 0.3359375 0.021484375 0.021484375 
0 0.46875 0.802734375 0.021484375 0.021484375 
1 0.455078125 0.39453125 0.021484375 0.021484375 
0 0.4384765625 0.7666015625 0.025390625 0.025390625 
0 0.3720703125 0.306640625 0.021484375 0.021484375 
0 0.3408203125 0.158203125 0.021484375 0.021484375 
0 0.3095703125 0.0498046875 0.0234375 0.0234375 
0 0.490234375 0.580078125 0.0224609375 0.0224609375 
0 0.6376953125 0.1552734375 0.0234375 0.0234375 
0 0.4775390625 0.1669921875 0.0234375 0.0234375 
0 0.46484375 0.544921875 0.021484375 0.021484375 
1 0.4609375 0.0859375 0.021484375 0.021484375 
0 0.650390625 0.3427734375 0.021484375 0.021484375 
0 0.5576171875 0.515625 0.021484375 0.021484375 
0 0.5439453125 0.7822265625 0.0234375 0.0234375 
0 0.466796875 0.611328125 0.021484375 0.021484375 
0 0.5029296875 0.2509765625 0.021484375 0.021484375 
0 0.419921875 0.4580078125 0.0234375 0.0234375 
0 0.4775390625 0.599609375 0.021484375 0.021484375 
0 0.529296875 0.0498046875 0.0234375 0.0234375 
0 0.388671875 0.48046875 0.0234375 0.0234375 
0 0.6484375 0.3740234375 0.021484375 0.021484375 
0 0.4111328125 0.1787109375 0.0234375 0.0234375 
0 0.544921875 0.1875 0.021484375 0.021484375 
0 0.5771484375 0.525390625 0.0234375 0.0234375 
0 0.4873046875 0.05078125 0.021484375 0.021484375 
0 0.5859375 0.255859375 0.0234375 0.0234375 
0 0.6640625 0.0576171875 0.021484375 0.021484375 
0 0.482421875 0.822265625 0.01953125 0.01953125 
0 0.5947265625 0.5205078125 0.021484375 0.021484375 
0 0.4384765625 0.4140625 0.0234375 0.0234375 
0 0.59375 0.595703125 0.021484375 0.021484375 
0 0.423828125 0.2080078125 0.0234375 0.0234375 
0 0.603515625 0.2646484375 0.021484375 0.021484375 
0 0.482421875 0.3125 0.0234375 0.0234375 
0 0.44140625 0.3076171875 0.021484375 0.021484375 
0 0.576171875 0.455078125 0.021484375 0.021484375 
1 0.5126953125 0.4814453125 0.021484375 0.021484375 
0 0.6162109375 0.5185546875 0.021484375 0.021484375 
0 0.5830078125 0.181640625 0.0234375 0.0234375 
0 0.505859375 0.7998046875 0.021484375 0.021484375 
1 0.44921875 0.7978515625 0.021484375 0.021484375 
0 0.5458984375 0.6767578125 0.0234375 0.0234375 
0 0.525390625 0.5322265625 0.021484375 0.021484375 
0 0.3720703125 0.4306640625 0.021484375 0.021484375 
1 0.5322265625 0.1513671875 0.021484375 0.021484375 
0 0.533203125 0.3359375 0.021484375 0.021484375 
0 0.6279296875 0.3974609375 0.021484375 0.021484375 
0 0.322265625 0.17578125 0.021484375 0.021484375 
0 0.6015625 0.09375 0.0224609375 0.0224609375 
0 0.419921875 0.6201171875 0.021484375 0.021484375 
1 0.6845703125 0.169921875 0.0224609375 0.0224609375 
0 0.3291015625 0.2529296875 0.021484375 0.021484375 
0 0.5595703125 0.140625 0.021484375 0.021484375 
0 0.4990234375 0.1884765625 0.0234375 0.0234375 
1 0.4453125 0.537109375 0.0224609375 0.0224609375 
0 0.33203125 0.234375 0.0224609375 0.0224609375 
1 0.45703125 0.8466796875 0.021484375 0.021484375 
0 0.4921875 0.416015625 0.0234375 0.0234375 
1 0.609375 0.3037109375 0.021484375 0.021484375 
0 0.41796875 0.1552734375 0.021484375 0.021484375 
0 0.427734375 0.13671875 0.021484375 0.021484375 
0 0.408203125 0.5029296875 0.0234375 0.0234375 
0 0.4794921875 0.736328125 0.0234375 0.0234375 
1 0.49609375 0.65625 0.0224609375 0.0224609375 
0 0.58984375 0.291015625 0.0234375 0.0234375 
0 0.705078125 0.0361328125 0.021484375 0.021484375 
0 0.5205078125 0.2529296875 0.021484375 0.021484375 
0 0.64453125 0.2080078125 0.021484375 0.021484375 
0 0.4892578125 0.1494140625 0.021484375 0.021484375 
0 0.3837890625 0.3486328125 0.0234375 0.0234375 
0 0.4365234375 0.353515625 0.0234375 0.0234375 
0 0.5654296875 0.5625 0.021484375 0.021484375 
0 0.44140625 0.203125 0.021484375 0.021484375 
0 0.4609375 0.13671875 0.0234375 0.0234375 
1 0.6259765625 0.232421875 0.021484375 0.021484375 
0 0.53125 0.8359375 0.0234375 0.0234375 
0 0.3955078125 0.32421875 0.021484375 0.021484375 
1 0.3984375 0.263671875 0.0224609375 0.0224609375 
0 0.3515625 0.2587890625 0.021484375 0.021484375 
1 0.375 0.2607421875 0.021484375 0.021484375 
0 0.658203125 0.0322265625 0.021484375 0.021484375 
0 0.375 0.32421875 0.0234375 0.0234375 
0 0.6875 0.140625 0.021484375 0.021484375 
0 0.419921875 0.576171875 0.0234375 0.0234375 
0 0.3994140625 0.5625 0.021484375 0.021484375 
0 0.662109375 0.205078125 0.0224609375 0.0224609375 
0 0.509765625 0.435546875 0.021484375 0.021484375 
0 0.3876953125 0.4423828125 0.021484375 0.021484375 
1 0.560546875 0.603515625 0.0224609375 0.0224609375 
1 0.556640625 0.220703125 0.021484375 0.021484375 
0 0.54296875 0.6923828125 0.021484375 0.021484375 
0 0.330078125 0.3125 0.0234375 0.0234375 
0 0.52734375 0.0947265625 0.021484375 0.021484375 
0 0.533203125 0.080078125 0.0234375 0.0234375 
1 0.5 0.3564453125 0.021484375 0.021484375 
0 0.46484375 0.1181640625 0.021484375 0.021484375 
1 0.46875 0.0654296875 0.021484375 0.021484375 
0 0.359375 0.162109375 0.021484375 0.021484375 
0 0.6376953125 0.0556640625 0.0234375 0.0234375 
1 0.56640625 0.0673828125 0.0224609375 0.0224609375 
0 0.5390625 0.3154296875 0.0224609375 0.0224609375 
0 0.2978515625 0.10546875 0.021484375 0.021484375 
0 0.380859375 0.1904296875 0.0234375 0.0234375 
1 0.673828125 0.24609375 0.021484375 0.021484375 
0 0.4013671875 0.34375 0.021484375 0.021484375 
0 0.529296875 0.6669921875 0.0234375 0.0234375 
0 0.599609375 0.2314453125 0.021484375 0.021484375 
0 0.478515625 0.2158203125 0.021484375 0.021484375 
0 0.6455078125 0.251953125 0.0234375 0.0234375 
