0 0.4453125 0.58203125 0.0234375 0.0234375 
0 0.3408203125 0.0654296875 0.021484375 0.021484375 
0 0.5146484375 0.703125 0.021484375 0.021484375 
1 0.314453125 0.142578125 0.021484375 0.021484375 
0 0.41015625 0.44140625 0.0234375 0.0234375 
1 0.6513671875 0.2490234375 0.0224609375 0.0224609375 
0 0.6640625 0.201171875 0.0234375 0.0234375 
1 0.5556640625 0.3974609375 0.021484375 0.021484375 
0 0.5087890625 0.7216796875 0.0224609375 0.0224609375 
0 0.4111328125 0.3642578125 0.0234375 0.0234375 
0 0.6689453125 0.2373046875 0.021484375 0.021484375 
0 0.494140625 0.1376953125 0.0234375 0.0234375 
0 0.421875 0.2646484375 0.021484375 0.021484375 
0 0.5693359375 0.3837890625 0.021484375 0.021484375 
1 0.3818359375 0.2763671875 0.021484375 0.021484375 
0 0.333984375 0.1611328125 0.021484375 0.021484375 
0 0.541015625 0.2578125 0.0234375 0.0234375 
0 0.4970703125 0.0732421875 0.021484375 0.021484375 
0 0.419921875 0.34765625 0.021484375 0.021484375 
0 0.3525390625 0.3046875 0.0234375 0.0234375 
0 0.515625 0.763671875 0.0224609375 0.0224609375 
1 0.541015625 0.4453125 0.021484375 0.021484375 
0 0.5205078125 0.6884765625 0.0234375 0.0234375 
0 0.4697265625 0.4189453125 0.0234375 0.0234375 
1 0.4033203125 0.2265625 0.0224609375 0.0224609375 
0 0.310546875 0.177734375 0.0234375 0.0234375 
0 0.623046875 0.4833984375 0.0224609375 0.0224609375 
0 0.33984375 0.126953125 0.0234375 0.0234375 
0 0.3876953125 0.3408203125 0.021484375 0.021484375 
0 0.5556640625 0.173828125 0.0234375 0.0234375 
1 0.423828125 0.0498046875 0.021484375 0.021484375 
0 0.4580078125 0.05078125 0.021484375 0.021484375 
0 0.3388671875 0.0849609375 0.021484375 0.021484375 
1 0.45703125 0.271484375 0.0224609375 0.0224609375 
0 0.5048828125 0.1064453125 0.021484375 0.021484375 
0 0.578125 0.6826171875 0.021484375 0.021484375 
1 0.3603515625 0.0341796875 0.021484375 0.021484375 
0 0.6982421875 0.05859375 0.0234375 0.0234375 
0 0.4873046875 0.677734375 0.0234375 0.0234375 
0 0.6083984375 0.5087890625 0.0224609375 0.0224609375 
0 0.6171875 0.25 0.021484375 0.021484375 
0 0.392578125 0.396484375 0.021484375 0.021484375 
0 0.2822265625 0.078125 0.021484375 0.021484375 
1 0.453125 0.74609375 0.021484375 0.021484375 
0 0.5908203125 0.1767578125 0.021484375 0.021484375 
0 0.5732421875 0.2744140625 0.021484375 0.021484375 
0 0.4892578125 0.41796875 0.0234375 0.0234375 
0 0.384765625 0.478515625 0.021484375 0.021484375 
0 0.3740234375 0.1708984375 0.021484375 0.021484375 
0 0.3837890625 0.5126953125 0.0234375 0.0234375 
0 0.4921875 0.470703125 0.021484375 0.021484375 
0 0.564453125 0.1533203125 0.0224609375 0.0224609375 
0 0.5703125 0.6103515625 0.0224609375 0.0224609375 
0 0.3955078125 0.3740234375 0.0224609375 0.0224609375 
1 0.4345703125 0.384765625 0.021484375 0.021484375 
0 0.5732421875 0.43359375 0.0234375 0.0234375 
0 0.3427734375 0.2919921875 0.021484375 0.021484375 
0 0.423828125 0.57421875 0.021484375 0.021484375 
0 0.38671875 0.09765625 0.021484375 0.021484375 
0 0.529296875 0.51953125 0.021484375 0.021484375 
1 0.3994140625 0.6025390625 0.021484375 0.021484375 
0 0.3740234375 0.3818359375 0.021484375 0.021484375 
0 0.5595703125 0.228515625 0.0234375 0.0234375 
0 0.48828125 0.8505859375 0.01953125 0.01953125 
0 0.478515625 0.4375 0.0234375 0.0234375 
0 0.5458984375 0.21484375 0.0234375 0.0234375 
0 0.6396484375 0.2802734375 0.0224609375 0.0224609375 
0 0.3466796875 0.044921875 0.0234375 0.0234375 
0 0.533203125 0.30859375 0.0234375 0.0234375 
0 0.3232421875 0.0732421875 0.0234375 0.0234375 
0 0.630859375 0.0810546875 0.0234375 0.0234375 
0 0.4853515625 0.70703125 0.021484375 0.021484375 
0 0.55078125 0.4716796875 0.0234375 0.0234375 
0 0.521484375 0.201171875 0.0234375 0.0234375 
0 0.3837890625 0.0791015625 0.0234375 0.0234375 
0 0.4345703125 0.03125 0.0234375 0.0234375 
0 0.435546875 0.5556640625 0.0224609375 0.0224609375 
0 0.5234375 0.7822265625 0.0224609375 0.0224609375 
0 0.5068359375 0.3037109375 0.0234375 0.0234375 
0 0.494140625 0.603515625 0.0234375 0.0234375 
1 0.44921875 0.7138671875 0.021484375 0.021484375 
0 0.568359375 0.3603515625 0.0234375 0.0234375 
0 0.455078125 0.1875 0.0224609375 0.0224609375 
0 0.5712890625 0.5927734375 0.0224609375 0.0224609375 
0 0.421875 0.4013671875 0.021484375 0.021484375 
1 0.529296875 0.2392578125 0.021484375 0.021484375 
1 0.6103515625 0.3134765625 0.021484375 0.021484375 
0 0.470703125 0.71484375 0.0234375 0.0234375 
0 0.4013671875 0.0625 0.021484375 0.021484375 
0 0.455078125 0.3857421875 0.021484375 0.021484375 
0 0.5625 0.646484375 0.0234375 0.0234375 
1 0.37109375 0.0986328125 0.021484375 0.021484375 
0 0.4296875 0.6962890625 0.021484375 0.021484375 
1 0.587890625 0.109375 0.0224609375 0.0224609375 
0 0.62890625 0.06640625 0.021484375 0.021484375 
0 0.4755859375 0.072265625 0.021484375 0.021484375 
0 0.4853515625 0.6396484375 0.0234375 0.0234375 
0 0.609375 0.224609375 0.0234375 0.0234375 
0 0.5146484375 0.4462890625 0.021484375 0.021484375 
0 0.4111328125 0.2412109375 0.021484375 0.021484375 
1 0.35546875 0.1611328125 0.0224609375 0.0224609375 
0 0.4306640625 0.453125 0.0234375 0.0234375 
0 0.46875 0.123046875 0.021484375 0.021484375 
0 0.4931640625 0.4853515625 0.021484375 0.021484375 
0 0.4443359375 0.5009765625 0.021484375 0.021484375 
0 0.64453125 0.3076171875 0.0224609375 0.0224609375 
0 0.5908203125 0.48828125 0.021484375 0.021484375 
1 0.486328125 0.7890625 0.021484375 0.021484375 
1 0.5517578125 0.7197265625 0.021484375 0.021484375 
0 0.423828125 0.130859375 0.021484375 0.021484375 
1 0.37109375 0.255859375 0.0224609375 0.0224609375 
1 0.4775390625 0.37109375 0.021484375 0.021484375 
1 0.306640625 0.068359375 0.0224609375 0.0224609375 
0 0.39453125 0.52734375 0.021484375 0.021484375 
1 0.5556640625 0.62109375 0.0224609375 0.0224609375 
0 0.361328125 0.408203125 0.0234375 0.0234375 
0 0.6259765625 0.1083984375 0.021484375 0.021484375 
0 0.51953125 0.359375 0.021484375 0.021484375 
0 0.546875 0.78515625 0.0224609375 0.0224609375 
1 0.4189453125 0.0732421875 0.021484375 0.021484375 
0 0.4990234375 0.5830078125 0.021484375 0.021484375 
1 0.578125 0.3349609375 0.021484375 0.021484375 
1 0.341796875 0.2392578125 0.021484375 0.021484375 
0 0.65234375 0.115234375 0.0234375 0.0234375 
1 0.4345703125 0.103515625 0.0224609375 0.0224609375 
0 0.5185546875 0.8671875 0.0234375 0.0234375 
1 0.6357421875 0.412109375 0.0224609375 0.0224609375 
0 0.5341796875 0.7509765625 0.021484375 0.021484375 
0 0.4423828125 0.771484375 0.0224609375 0.0224609375 
0 0.4736328125 0.8125 0.0234375 0.0234375 
0 0.494140625 0.7685546875 0.01953125 0.01953125 
0 0.6904296875 0.1318359375 0.021484375 0.021484375 
0 0.4912109375 0.8203125 0.0234375 0.0234375 
0 0.412109375 0.10546875 0.021484375 0.021484375 
0 0.529296875 0.7275390625 0.021484375 0.021484375 
1 0.490234375 0.2890625 0.021484375 0.021484375 
1 0.423828125 0.1962890625 0.021484375 0.021484375 
0 0.5537109375 0.5546875 0.021484375 0.021484375 
1 0.5234375 0.6533203125 0.021484375 0.021484375 
0 0.5126953125 0.18359375 0.021484375 0.021484375 
0 0.3271484375 0.2958984375 0.021484375 0.021484375 
0 0.46484375 0.3330078125 0.021484375 0.021484375 
0 0.5859375 0.205078125 0.0234375 0.0234375 
0 0.65234375 0.0634765625 0.021484375 0.021484375 
0 0.44140625 0.6240234375 0.021484375 0.021484375 
0 0.4912109375 0.19140625 0.0224609375 0.0224609375 
0 0.6015625 0.4248046875 0.0224609375 0.0224609375 
0 0.5947265625 0.1376953125 0.021484375 0.021484375 
0 0.6416015625 0.03125 0.0234375 0.0234375 
0 0.6591796875 0.3037109375 0.021484375 0.021484375 
0 0.37109375 0.0537109375 0.0234375 0.0234375 
0 0.625 0.369140625 0.021484375 0.021484375 
0 0.4716796875 0.203125 0.021484375 0.021484375 
0 0.4501953125 0.2470703125 0.021484375 0.021484375 
1 0.5283203125 0.154296875 0.0224609375 0.0224609375 
0 0.4189453125 0.61328125 0.021484375 0.021484375 
1 0.3671875 0.283203125 0.0224609375 0.0224609375 
0 0.6611328125 0.046875 0.021484375 0.021484375 
0 0.5546875 0.5322265625 0.021484375 0.021484375 
