1 0.5595703125 0.4228515625 0.021484375 0.021484375 
0 0.552734375 0.45703125 0.021484375 0.021484375 
0 0.48046875 0.03515625 0.021484375 0.021484375 
0 0.6650390625 0.1142578125 0.021484375 0.021484375 
0 0.62890625 0.1416015625 0.021484375 0.021484375 
0 0.328125 0.22265625 0.0224609375 0.0224609375 
0 0.50390625 0.04296875 0.021484375 0.021484375 
1 0.5771484375 0.345703125 0.021484375 0.021484375 
0 0.6259765625 0.330078125 0.0234375 0.0234375 
1 0.44140625 0.59765625 0.0224609375 0.0224609375 
0 0.4521484375 0.46484375 0.021484375 0.021484375 
0 0.6611328125 0.1435546875 0.021484375 0.021484375 
0 0.576171875 0.10546875 0.0234375 0.0234375 
0 0.427734375 0.712890625 0.0234375 0.0234375 
0 0.4365234375 0.2919921875 0.021484375 0.021484375 
0 0.4287109375 0.3662109375 0.0224609375 0.0224609375 
0 0.4013671875 0.1181640625 0.021484375 0.021484375 
1 0.41015625 0.48046875 0.021484375 0.021484375 
1 0.3916015625 0.03515625 0.021484375 0.021484375 
1 0.5478515625 0.080078125 0.021484375 0.021484375 
0 0.4736328125 0.34375 0.021484375 0.021484375 
0 0.46484375 0.859375 0.01953125 0.01953125 
0 0.578125 0.474609375 0.0234375 0.0234375 
0 0.48046875 0.2451171875 0.021484375 0.021484375 
1 0.65234375 0.353515625 0.021484375 0.021484375 
0 0.5068359375 0.1845703125 0.0234375 0.0234375 
0 0.5673828125 0.1962890625 0.021484375 0.021484375 
0 0.6767578125 0.1279296875 0.0234375 0.0234375 
0 0.587890625 0.5634765625 0.0224609375 0.0224609375 
0 0.4619140625 0.29296875 0.021484375 0.021484375 
0 0.5986328125 0.21484375 0.021484375 0.021484375 
1 0.3515625 0.28515625 0.021484375 0.021484375 
0 0.4296875 0.560546875 0.0234375 0.0234375 
0 0.5009765625 0.8779296875 0.021484375 0.021484375 
0 0.630859375 0.2294921875 0.0234375 0.0234375 
0 0.6376953125 0.4248046875 0.021484375 0.021484375 
0 0.3671875 0.2099609375 0.021484375 0.021484375 
0 0.513671875 0.349609375 0.0234375 0.0234375 
0 0.27734375 0.03125 0.021484375 0.021484375 
0 0.6044921875 0.39453125 0.021484375 0.021484375 
0 0.541015625 0.8623046875 0.0224609375 0.0224609375 
0 0.4140625 0.392578125 0.0224609375 0.0224609375 
0 0.484375 0.185546875 0.021484375 0.021484375 
0 0.5087890625 0.7099609375 0.0234375 0.0234375 
1 0.4052734375 0.2294921875 0.021484375 0.021484375 
0 0.3212890625 0.244140625 0.021484375 0.021484375 
0 0.6611328125 0.1953125 0.021484375 0.021484375 
0 0.4892578125 0.6630859375 0.0224609375 0.0224609375 
1 0.4248046875 0.5869140625 0.021484375 0.021484375 
0 0.4677734375 0.45703125 0.021484375 0.021484375 
0 0.4765625 0.6005859375 0.0234375 0.0234375 
0 0.6357421875 0.0810546875 0.021484375 0.021484375 
0 0.3935546875 0.515625 0.0224609375 0.0224609375 
1 0.591796875 0.0966796875 0.021484375 0.021484375 
1 0.4873046875 0.1240234375 0.021484375 0.021484375 
1 0.494140625 0.638671875 0.0224609375 0.0224609375 
1 0.361328125 0.060546875 0.0224609375 0.0224609375 
0 0.4599609375 0.0673828125 0.021484375 0.021484375 
0 0.5693359375 0.609375 0.0224609375 0.0224609375 
0 0.646484375 0.296875 0.021484375 0.021484375 
0 0.5283203125 0.81640625 0.025390625 0.025390625 
0 0.6015625 0.1474609375 0.021484375 0.021484375 
0 0.494140625 0.078125 0.021484375 0.021484375 
0 0.59765625 0.0458984375 0.0234375 0.0234375 
0 0.55859375 0.2119140625 0.0234375 0.0234375 
0 0.501953125 0.2919921875 0.021484375 0.021484375 
0 0.5791015625 0.681640625 0.0224609375 0.0224609375 
1 0.3681640625 0.1787109375 0.021484375 0.021484375 
0 0.4765625 0.3662109375 0.021484375 0.021484375 
0 0.4267578125 0.2451171875 0.0234375 0.0234375 
0 0.5712890625 0.0869140625 0.021484375 0.021484375 
0 0.509765625 0.7685546875 0.021484375 0.021484375 
0 0.6103515625 0.4208984375 0.021484375 0.021484375 
0 0.45703125 0.8232421875 0.01953125 0.01953125 
0 0.4462890625 0.7783203125 0.0224609375 0.0224609375 
1 0.439453125 0.1396484375 0.0224609375 0.0224609375 
1 0.6552734375 0.173828125 0.021484375 0.021484375 
0 0.568359375 0.6953125 0.021484375 0.021484375 
0 0.5830078125 0.3134765625 0.021484375 0.021484375 
0 0.6298828125 0.181640625 0.0234375 0.0234375 
0 0.5732421875 0.5732421875 0.021484375 0.021484375 
0 0.4580078125 0.712890625 0.0234375 0.0234375 
0 0.423828125 0.2080078125 0.0234375 0.0234375 
0 0.5185546875 0.1591796875 0.021484375 0.021484375 
0 0.60546875 0.5556640625 0.021484375 0.021484375 
0 0.5205078125 0.2578125 0.021484375 0.021484375 
0 0.5263671875 0.0615234375 0.021484375 0.021484375 
1 0.470703125 0.8427734375 0.021484375 0.021484375 
0 0.55859375 0.1044921875 0.0234375 0.0234375 
0 0.533203125 0.5439453125 0.0234375 0.0234375 
1 0.5478515625 0.689453125 0.0224609375 0.0224609375 
0 0.5498046875 0.7529296875 0.021484375 0.021484375 
1 0.595703125 0.4306640625 0.021484375 0.021484375 
0 0.470703125 0.873046875 0.0224609375 0.0224609375 
0 0.494140625 0.533203125 0.0224609375 0.0224609375 
1 0.4404296875 0.6494140625 0.0224609375 0.0224609375 
0 0.529296875 0.6826171875 0.0234375 0.0234375 
0 0.3408203125 0.3212890625 0.021484375 0.021484375 
1 0.431640625 0.4169921875 0.0224609375 0.0224609375 
0 0.5595703125 0.3798828125 0.021484375 0.021484375 
0 0.3623046875 0.4267578125 0.021484375 0.021484375 
0 0.42578125 0.0791015625 0.021484375 0.021484375 
0 0.333984375 0.3017578125 0.0224609375 0.0224609375 
1 0.626953125 0.2919921875 0.0224609375 0.0224609375 
1 0.4443359375 0.2548828125 0.021484375 0.021484375 
0 0.408203125 0.5771484375 0.0234375 0.0234375 
0 0.6435546875 0.2197265625 0.0234375 0.0234375 
0 0.5009765625 0.3232421875 0.0234375 0.0234375 
0 0.466796875 0.798828125 0.0224609375 0.0224609375 
0 0.4794921875 0.6279296875 0.021484375 0.021484375 
0 0.5537109375 0.4921875 0.0234375 0.0234375 
0 0.4072265625 0.603515625 0.0234375 0.0234375 
1 0.458984375 0.681640625 0.0224609375 0.0224609375 
0 0.3916015625 0.4833984375 0.021484375 0.021484375 
1 0.357421875 0.361328125 0.021484375 0.021484375 
0 0.3974609375 0.248046875 0.0234375 0.0234375 
0 0.5595703125 0.515625 0.0234375 0.0234375 
0 0.3798828125 0.3369140625 0.021484375 0.021484375 
0 0.5341796875 0.13671875 0.021484375 0.021484375 
0 0.568359375 0.634765625 0.0234375 0.0234375 
0 0.51953125 0.458984375 0.0234375 0.0234375 
0 0.49609375 0.4541015625 0.0234375 0.0234375 
0 0.6728515625 0.2275390625 0.021484375 0.021484375 
0 0.4501953125 0.3232421875 0.0234375 0.0234375 
0 0.5 0.80859375 0.0234375 0.0234375 
0 0.38671875 0.1279296875 0.0224609375 0.0224609375 
1 0.5693359375 0.0654296875 0.021484375 0.021484375 
1 0.6796875 0.091796875 0.021484375 0.021484375 
1 0.45703125 0.2197265625 0.0224609375 0.0224609375 
0 0.44140625 0.1669921875 0.0224609375 0.0224609375 
0 0.5791015625 0.26953125 0.021484375 0.021484375 
0 0.4921875 0.1015625 0.021484375 0.021484375 
0 0.578125 0.44140625 0.021484375 0.021484375 
0 0.578125 0.330078125 0.021484375 0.021484375 
1 0.421875 0.4677734375 0.021484375 0.021484375 
0 0.5908203125 0.4033203125 0.0224609375 0.0224609375 
1 0.3896484375 0.4462890625 0.021484375 0.021484375 
1 0.5234375 0.474609375 0.021484375 0.021484375 
0 0.4716796875 0.2744140625 0.0234375 0.0234375 
0 0.4296875 0.544921875 0.021484375 0.021484375 
0 0.3662109375 0.1162109375 0.0224609375 0.0224609375 
0 0.529296875 0.7392578125 0.021484375 0.021484375 
0 0.501953125 0.5205078125 0.021484375 0.021484375 
1 0.388671875 0.0859375 0.021484375 0.021484375 
0 0.529296875 0.796875 0.0234375 0.0234375 
1 0.546875 0.7802734375 0.021484375 0.021484375 
0 0.3935546875 0.3173828125 0.021484375 0.021484375 
0 0.4833984375 0.0595703125 0.021484375 0.021484375 
0 0.306640625 0.109375 0.0224609375 0.0224609375 
0 0.5458984375 0.115234375 0.021484375 0.021484375 
0 0.59375 0.07421875 0.021484375 0.021484375 
0 0.4755859375 0.1357421875 0.021484375 0.021484375 
0 0.556640625 0.5322265625 0.021484375 0.021484375 
0 0.4443359375 0.505859375 0.0234375 0.0234375 
0 0.583984375 0.193359375 0.021484375 0.021484375 
0 0.322265625 0.03515625 0.0234375 0.0234375 
0 0.5224609375 0.041015625 0.021484375 0.021484375 
0 0.439453125 0.6796875 0.0234375 0.0234375 
0 0.4326171875 0.27734375 0.0224609375 0.0224609375 
0 0.5439453125 0.5576171875 0.021484375 0.021484375 
0 0.4912109375 0.830078125 0.01953125 0.01953125 
0 0.3916015625 0.5546875 0.021484375 0.021484375 
0 0.4619140625 0.7724609375 0.025390625 0.025390625 
1 0.3076171875 0.052734375 0.021484375 0.021484375 
1 0.4150390625 0.173828125 0.0224609375 0.0224609375 
1 0.3486328125 0.1416015625 0.021484375 0.021484375 
0 0.599609375 0.267578125 0.021484375 0.021484375 
0 0.5576171875 0.2646484375 0.0224609375 0.0224609375 
0 0.5205078125 0.2958984375 0.021484375 0.021484375 
1 0.353515625 0.0478515625 0.021484375 0.021484375 
0 0.41796875 0.318359375 0.021484375 0.021484375 
0 0.501953125 0.423828125 0.021484375 0.021484375 
0 0.6201171875 0.349609375 0.021484375 0.021484375 
0 0.421875 0.44921875 0.021484375 0.021484375 
0 0.4296875 0.748046875 0.021484375 0.021484375 
0 0.3427734375 0.2548828125 0.0234375 0.0234375 
0 0.53515625 0.314453125 0.0234375 0.0234375 
0 0.5439453125 0.5126953125 0.0234375 0.0234375 
0 0.490234375 0.2021484375 0.021484375 0.021484375 
