0 0.521484375 0.732421875 0.0234375 0.0234375 
1 0.59765625 0.3125 0.021484375 0.021484375 
0 0.6220703125 0.1552734375 0.021484375 0.021484375 
0 0.701171875 0.1240234375 0.021484375 0.021484375 
0 0.4140625 0.2822265625 0.0234375 0.0234375 
0 0.3515625 0.26171875 0.0234375 0.0234375 
0 0.5546875 0.6318359375 0.021484375 0.021484375 
0 0.556640625 0.3466796875 0.0234375 0.0234375 
0 0.541015625 0.6376953125 0.021484375 0.021484375 
0 0.6357421875 0.39453125 0.0234375 0.0234375 
0 0.546875 0.51953125 0.0224609375 0.0224609375 
0 0.3603515625 0.126953125 0.021484375 0.021484375 
0 0.3388671875 0.2041015625 0.0234375 0.0234375 
0 0.4970703125 0.5732421875 0.0234375 0.0234375 
0 0.5048828125 0.8642578125 0.01953125 0.01953125 
1 0.2939453125 0.109375 0.021484375 0.021484375 
0 0.357421875 0.1865234375 0.021484375 0.021484375 
0 0.4443359375 0.685546875 0.021484375 0.021484375 
1 0.4794921875 0.2646484375 0.021484375 0.021484375 
0 0.423828125 0.4013671875 0.0224609375 0.0224609375 
1 0.4365234375 0.5625 0.021484375 0.021484375 
0 0.4794921875 0.73046875 0.021484375 0.021484375 
0 0.5771484375 0.25 0.0224609375 0.0224609375 
1 0.6650390625 0.1591796875 0.021484375 0.021484375 
1 0.3505859375 0.056640625 0.021484375 0.021484375 
0 0.5224609375 0.0673828125 0.0234375 0.0234375 
0 0.4658203125 0.3564453125 0.021484375 0.021484375 
1 0.4345703125 0.7333984375 0.0224609375 0.0224609375 
0 0.669921875 0.1220703125 0.0234375 0.0234375 
0 0.3974609375 0.3671875 0.021484375 0.021484375 
0 0.4306640625 0.1845703125 0.021484375 0.021484375 
0 0.3056640625 0.0322265625 0.0234375 0.0234375 
0 0.625 0.2265625 0.0224609375 0.0224609375 
0 0.5556640625 0.173828125 0.021484375 0.021484375 
1 0.5146484375 0.5673828125 0.0224609375 0.0224609375 
1 0.4228515625 0.595703125 0.021484375 0.021484375 
0 0.2958984375 0.140625 0.0234375 0.0234375 
0 0.4541015625 0.125 0.021484375 0.021484375 
0 0.5556640625 0.5634765625 0.021484375 0.021484375 
1 0.4482421875 0.287109375 0.021484375 0.021484375 
0 0.552734375 0.1044921875 0.021484375 0.021484375 
0 0.37890625 0.0625 0.021484375 0.021484375 
0 0.623046875 0.044921875 0.0224609375 0.0224609375 
0 0.53515625 0.39453125 0.0234375 0.0234375 
1 0.48828125 0.33984375 0.0224609375 0.0224609375 
0 0.4990234375 0.5556640625 0.021484375 0.021484375 
0 0.5654296875 0.54296875 0.0224609375 0.0224609375 
1 0.3515625 0.1630859375 0.021484375 0.021484375 
0 0.666015625 0.0419921875 0.021484375 0.021484375 
1 0.498046875 0.7353515625 0.021484375 0.021484375 
0 0.4716796875 0.8037109375 0.025390625 0.025390625 
0 0.392578125 0.556640625 0.0234375 0.0234375 
0 0.3837890625 0.3232421875 0.0234375 0.0234375 
1 0.4951171875 0.88671875 0.021484375 0.021484375 
0 0.5654296875 0.73046875 0.021484375 0.021484375 
0 0.51171875 0.2998046875 0.021484375 0.021484375 
1 0.68359375 0.033203125 0.021484375 0.021484375 
1 0.5712890625 0.267578125 0.021484375 0.021484375 
0 0.3291015625 0.169921875 0.0234375 0.0234375 
0 0.3251953125 0.2666015625 0.021484375 0.021484375 
0 0.5634765625 0.5869140625 0.0224609375 0.0224609375 
0 0.5859375 0.4892578125 0.021484375 0.021484375 
1 0.498046875 0.25 0.0224609375 0.0224609375 
1 0.5576171875 0.427734375 0.021484375 0.021484375 
0 0.3857421875 0.341796875 0.0234375 0.0234375 
0 0.4013671875 0.2705078125 0.0224609375 0.0224609375 
0 0.576171875 0.6796875 0.021484375 0.021484375 
0 0.4990234375 0.5078125 0.021484375 0.021484375 
0 0.5908203125 0.181640625 0.021484375 0.021484375 
1 0.3720703125 0.40625 0.0224609375 0.0224609375 
0 0.6806640625 0.1064453125 0.021484375 0.021484375 
0 0.544921875 0.6669921875 0.021484375 0.021484375 
1 0.3662109375 0.1552734375 0.0224609375 0.0224609375 
0 0.4951171875 0.6767578125 0.0234375 0.0234375 
0 0.5947265625 0.5234375 0.021484375 0.021484375 
0 0.498046875 0.7109375 0.021484375 0.021484375 
1 0.4013671875 0.3134765625 0.021484375 0.021484375 
0 0.482421875 0.13671875 0.021484375 0.021484375 
0 0.6142578125 0.1943359375 0.0234375 0.0234375 
1 0.57421875 0.0654296875 0.021484375 0.021484375 
0 0.615234375 0.0693359375 0.021484375 0.021484375 
0 0.306640625 0.0595703125 0.0234375 0.0234375 
0 0.583984375 0.078125 0.0234375 0.0234375 
0 0.673828125 0.0712890625 0.0234375 0.0234375 
0 0.509765625 0.6787109375 0.0224609375 0.0224609375 
0 0.4736328125 0.7470703125 0.0234375 0.0234375 
0 0.65234375 0.1513671875 0.021484375 0.021484375 
0 0.5390625 0.8759765625 0.021484375 0.021484375 
0 0.4755859375 0.6787109375 0.021484375 0.021484375 
0 0.4130859375 0.548828125 0.021484375 0.021484375 
0 0.3994140625 0.5390625 0.0234375 0.0234375 
0 0.275390625 0.07421875 0.0234375 0.0234375 
0 0.4443359375 0.0498046875 0.021484375 0.021484375 
0 0.4599609375 0.6611328125 0.0234375 0.0234375 
0 0.529296875 0.5419921875 0.0224609375 0.0224609375 
1 0.50390625 0.3515625 0.021484375 0.021484375 
0 0.482421875 0.5654296875 0.0234375 0.0234375 
0 0.5537109375 0.412109375 0.021484375 0.021484375 
0 0.4775390625 0.162109375 0.021484375 0.021484375 
0 0.3857421875 0.505859375 0.021484375 0.021484375 
0 0.470703125 0.4453125 0.021484375 0.021484375 
0 0.412109375 0.6689453125 0.021484375 0.021484375 
0 0.388671875 0.4609375 0.021484375 0.021484375 
0 0.4365234375 0.2744140625 0.021484375 0.021484375 
0 0.5380859375 0.423828125 0.021484375 0.021484375 
0 0.349609375 0.236328125 0.0224609375 0.0224609375 
0 0.61328125 0.498046875 0.021484375 0.021484375 
1 0.4306640625 0.435546875 0.021484375 0.021484375 
1 0.5029296875 0.1982421875 0.021484375 0.021484375 
0 0.5380859375 0.55859375 0.021484375 0.021484375 
1 0.4150390625 0.5732421875 0.021484375 0.021484375 
1 0.3583984375 0.2763671875 0.021484375 0.021484375 
0 0.4072265625 0.25 0.021484375 0.021484375 
1 0.3955078125 0.1630859375 0.0224609375 0.0224609375 
0 0.4921875 0.771484375 0.0224609375 0.0224609375 
0 0.5556640625 0.0361328125 0.021484375 0.021484375 
0 0.3994140625 0.416015625 0.021484375 0.021484375 
0 0.3759765625 0.3076171875 0.021484375 0.021484375 
0 0.5322265625 0.6962890625 0.0234375 0.0234375 
0 0.494140625 0.826171875 0.025390625 0.025390625 
0 0.5576171875 0.611328125 0.021484375 0.021484375 
0 0.60546875 0.271484375 0.021484375 0.021484375 
0 0.5224609375 0.3369140625 0.021484375 0.021484375 
0 0.541015625 0.3779296875 0.0234375 0.0234375 
0 0.6015625 0.2158203125 0.021484375 0.021484375 
0 0.5244140625 0.708984375 0.0234375 0.0234375 
0 0.4453125 0.6328125 0.0234375 0.0234375 
0 0.6611328125 0.205078125 0.0224609375 0.0224609375 
0 0.416015625 0.4560546875 0.021484375 0.021484375 
0 0.4208984375 0.0771484375 0.021484375 0.021484375 
0 0.6064453125 0.392578125 0.0234375 0.0234375 
0 0.466796875 0.25390625 0.021484375 0.021484375 
0 0.4560546875 0.705078125 0.0234375 0.0234375 
0 0.4873046875 0.603515625 0.021484375 0.021484375 
0 0.583984375 0.03515625 0.0234375 0.0234375 
0 0.5576171875 0.7646484375 0.025390625 0.025390625 
0 0.572265625 0.1728515625 0.0224609375 0.0224609375 
0 0.3525390625 0.0302734375 0.0224609375 0.0224609375 
0 0.6142578125 0.1005859375 0.0224609375 0.0224609375 
1 0.5966796875 0.599609375 0.021484375 0.021484375 
0 0.6083984375 0.41015625 0.0234375 0.0234375 
0 0.505859375 0.15625 0.021484375 0.021484375 
1 0.314453125 0.1181640625 0.021484375 0.021484375 
0 0.5166015625 0.4248046875 0.021484375 0.021484375 
0 0.5263671875 0.7890625 0.021484375 0.021484375 
0 0.4169921875 0.5263671875 0.021484375 0.021484375 
0 0.623046875 0.3232421875 0.0234375 0.0234375 
0 0.4814453125 0.4140625 0.0234375 0.0234375 
1 0.4501953125 0.8251953125 0.0234375 0.0234375 
1 0.5341796875 0.4638671875 0.021484375 0.021484375 
1 0.6787109375 0.142578125 0.021484375 0.021484375 
0 0.5546875 0.283203125 0.0234375 0.0234375 
0 0.3935546875 0.072265625 0.0234375 0.0234375 
0 0.3916015625 0.1787109375 0.0234375 0.0234375 
0 0.482421875 0.3681640625 0.0234375 0.0234375 
0 0.515625 0.3642578125 0.0224609375 0.0224609375 
0 0.4189453125 0.37109375 0.021484375 0.021484375 
1 0.4794921875 0.1044921875 0.021484375 0.021484375 
1 0.4501953125 0.548828125 0.021484375 0.021484375 
0 0.4560546875 0.0751953125 0.0234375 0.0234375 
1 0.6494140625 0.25390625 0.021484375 0.021484375 
0 0.51171875 0.7451171875 0.0234375 0.0234375 
1 0.568359375 0.5048828125 0.021484375 0.021484375 
0 0.4306640625 0.306640625 0.0234375 0.0234375 
1 0.5732421875 0.5712890625 0.021484375 0.021484375 
1 0.6591796875 0.3115234375 0.021484375 0.021484375 
1 0.5712890625 0.35546875 0.0224609375 0.0224609375 
0 0.55078125 0.7041015625 0.021484375 0.021484375 
1 0.6416015625 0.056640625 0.021484375 0.021484375 
0 0.4296875 0.6318359375 0.021484375 0.021484375 
0 0.4091796875 0.3896484375 0.0234375 0.0234375 
0 0.5166015625 0.2646484375 0.021484375 0.021484375 
0 0.6064453125 0.47265625 0.0234375 0.0234375 
0 0.646484375 0.3369140625 0.021484375 0.021484375 
0 0.6162109375 0.3466796875 0.021484375 0.021484375 
1 0.6083984375 0.0517578125 0.021484375 0.021484375 
0 0.4052734375 0.4345703125 0.021484375 0.021484375 
0 0.6015625 0.23828125 0.0224609375 0.0224609375 
