0 0.5712890625 0.0498046875 0.021484375 0.021484375 
1 0.5595703125 0.7880859375 0.021484375 0.021484375 
1 0.4775390625 0.80078125 0.0234375 0.0234375 
0 0.4638671875 0.63671875 0.021484375 0.021484375 
0 0.4208984375 0.60546875 0.0234375 0.0234375 
0 0.478515625 0.439453125 0.021484375 0.021484375 
0 0.3994140625 0.2421875 0.0224609375 0.0224609375 
0 0.6123046875 0.43359375 0.0234375 0.0234375 
0 0.2890625 0.1376953125 0.021484375 0.021484375 
0 0.396484375 0.3564453125 0.0234375 0.0234375 
1 0.5283203125 0.458984375 0.0224609375 0.0224609375 
0 0.4951171875 0.1806640625 0.0234375 0.0234375 
0 0.5234375 0.779296875 0.0234375 0.0234375 
0 0.5009765625 0.5849609375 0.0234375 0.0234375 
1 0.529296875 0.8447265625 0.0234375 0.0234375 
0 0.52734375 0.53515625 0.021484375 0.021484375 
0 0.341796875 0.0634765625 0.021484375 0.021484375 
0 0.384765625 0.333984375 0.0234375 0.0234375 
0 0.486328125 0.0390625 0.021484375 0.021484375 
0 0.498046875 0.6982421875 0.0224609375 0.0224609375 
0 0.3818359375 0.1123046875 0.0234375 0.0234375 
0 0.6630859375 0.0869140625 0.0224609375 0.0224609375 
0 0.439453125 0.345703125 0.0234375 0.0234375 
1 0.6552734375 0.0625 0.0224609375 0.0224609375 
0 0.3193359375 0.25390625 0.021484375 0.021484375 
0 0.4921875 0.3720703125 0.021484375 0.021484375 
0 0.5537109375 0.802734375 0.0224609375 0.0224609375 
0 0.517578125 0.1787109375 0.021484375 0.021484375 
0 0.458984375 0.255859375 0.021484375 0.021484375 
0 0.556640625 0.1484375 0.0234375 0.0234375 
0 0.353515625 0.228515625 0.0234375 0.0234375 
0 0.4599609375 0.37109375 0.021484375 0.021484375 
0 0.5283203125 0.5771484375 0.021484375 0.021484375 
1 0.689453125 0.1240234375 0.021484375 0.021484375 
0 0.5302734375 0.76171875 0.0224609375 0.0224609375 
0 0.4716796875 0.88671875 0.025390625 0.025390625 
1 0.3896484375 0.224609375 0.021484375 0.021484375 
1 0.5625 0.4873046875 0.0224609375 0.0224609375 
1 0.3544921875 0.2529296875 0.021484375 0.021484375 
0 0.5517578125 0.1728515625 0.0224609375 0.0224609375 
0 0.61328125 0.357421875 0.021484375 0.021484375 
0 0.6787109375 0.189453125 0.021484375 0.021484375 
1 0.5556640625 0.0849609375 0.021484375 0.021484375 
0 0.4951171875 0.810546875 0.021484375 0.021484375 
1 0.640625 0.31640625 0.021484375 0.021484375 
0 0.4912109375 0.3056640625 0.021484375 0.021484375 
0 0.6474609375 0.150390625 0.0234375 0.0234375 
0 0.576171875 0.5771484375 0.021484375 0.021484375 
0 0.4462890625 0.5419921875 0.0234375 0.0234375 
0 0.5302734375 0.0322265625 0.0234375 0.0234375 
0 0.41796875 0.5146484375 0.0224609375 0.0224609375 
0 0.560546875 0.6064453125 0.021484375 0.021484375 
0 0.28515625 0.1123046875 0.0234375 0.0234375 
0 0.515625 0.3603515625 0.0234375 0.0234375 
1 0.57421875 0.17578125 0.021484375 0.021484375 
0 0.376953125 0.1396484375 0.021484375 0.021484375 
0 0.56640625 0.279296875 0.0234375 0.0234375 
0 0.552734375 0.6376953125 0.0234375 0.0234375 
1 0.5673828125 0.71484375 0.0224609375 0.0224609375 
0 0.3916015625 0.560546875 0.0234375 0.0234375 
0 0.408203125 0.138671875 0.0234375 0.0234375 
1 0.486328125 0.8486328125 0.0234375 0.0234375 
0 0.5556640625 0.4169921875 0.021484375 0.021484375 
0 0.587890625 0.4970703125 0.021484375 0.021484375 
0 0.3740234375 0.3642578125 0.0234375 0.0234375 
0 0.400390625 0.375 0.021484375 0.021484375 
0 0.6328125 0.4306640625 0.0234375 0.0234375 
1 0.53515625 0.1220703125 0.021484375 0.021484375 
1 0.462890625 0.6826171875 0.021484375 0.021484375 
0 0.5439453125 0.671875 0.021484375 0.021484375 
0 0.4931640625 0.4345703125 0.021484375 0.021484375 
0 0.560546875 0.7734375 0.0224609375 0.0224609375 
0 0.5849609375 0.3193359375 0.0234375 0.0234375 
0 0.56640625 0.4638671875 0.021484375 0.021484375 
0 0.4921875 0.6640625 0.0234375 0.0234375 
0 0.51171875 0.5703125 0.021484375 0.021484375 
0 0.478515625 0.462890625 0.0224609375 0.0224609375 
0 0.4365234375 0.0927734375 0.0234375 0.0234375 
1 0.4580078125 0.28515625 0.021484375 0.021484375 
1 0.6220703125 0.1455078125 0.021484375 0.021484375 
0 0.4853515625 0.759765625 0.0224609375 0.0224609375 
0 0.4873046875 0.7353515625 0.0224609375 0.0224609375 
0 0.7001953125 0.0341796875 0.021484375 0.021484375 
0 0.673828125 0.109375 0.021484375 0.021484375 
0 0.4326171875 0.2080078125 0.0224609375 0.0224609375 
0 0.576171875 0.546875 0.021484375 0.021484375 
0 0.5322265625 0.0654296875 0.021484375 0.021484375 
0 0.57421875 0.244140625 0.021484375 0.021484375 
0 0.505859375 0.392578125 0.021484375 0.021484375 
0 0.5546875 0.1318359375 0.021484375 0.021484375 
0 0.4267578125 0.6875 0.0234375 0.0234375 
0 0.58203125 0.193359375 0.021484375 0.021484375 
0 0.3564453125 0.1611328125 0.021484375 0.021484375 
0 0.3134765625 0.0439453125 0.0234375 0.0234375 
0 0.3935546875 0.134765625 0.021484375 0.021484375 
0 0.3515625 0.2939453125 0.0224609375 0.0224609375 
1 0.5830078125 0.30078125 0.021484375 0.021484375 
1 0.578125 0.4287109375 0.021484375 0.021484375 
0 0.537109375 0.8974609375 0.021484375 0.021484375 
0 0.390625 0.0556640625 0.021484375 0.021484375 
0 0.609375 0.3876953125 0.021484375 0.021484375 
0 0.3388671875 0.2861328125 0.021484375 0.021484375 
0 0.4091796875 0.4892578125 0.021484375 0.021484375 
0 0.376953125 0.509765625 0.0234375 0.0234375 
1 0.517578125 0.7216796875 0.021484375 0.021484375 
0 0.3642578125 0.041015625 0.021484375 0.021484375 
0 0.6796875 0.16015625 0.021484375 0.021484375 
0 0.3544921875 0.421875 0.021484375 0.021484375 
0 0.3486328125 0.3603515625 0.021484375 0.021484375 
0 0.4189453125 0.6591796875 0.021484375 0.021484375 
0 0.6630859375 0.1591796875 0.021484375 0.021484375 
0 0.5224609375 0.4794921875 0.0234375 0.0234375 
1 0.51171875 0.265625 0.021484375 0.021484375 
0 0.4873046875 0.3203125 0.0224609375 0.0224609375 
1 0.4912109375 0.279296875 0.021484375 0.021484375 
1 0.4697265625 0.583984375 0.0224609375 0.0224609375 
0 0.6337890625 0.3359375 0.021484375 0.021484375 
0 0.5029296875 0.49609375 0.021484375 0.021484375 
1 0.4775390625 0.8291015625 0.021484375 0.021484375 
0 0.525390625 0.607421875 0.021484375 0.021484375 
0 0.40625 0.470703125 0.0234375 0.0234375 
1 0.4296875 0.37109375 0.0224609375 0.0224609375 
0 0.478515625 0.72265625 0.021484375 0.021484375 
0 0.5126953125 0.869140625 0.0234375 0.0234375 
0 0.6181640625 0.3017578125 0.0234375 0.0234375 
1 0.564453125 0.3212890625 0.021484375 0.021484375 
0 0.51171875 0.5390625 0.021484375 0.021484375 
0 0.6044921875 0.509765625 0.021484375 0.021484375 
0 0.5126953125 0.634765625 0.0224609375 0.0224609375 
0 0.517578125 0.1318359375 0.0224609375 0.0224609375 
0 0.4482421875 0.6767578125 0.021484375 0.021484375 
0 0.4267578125 0.263671875 0.0224609375 0.0224609375 
0 0.5830078125 0.1123046875 0.021484375 0.021484375 
0 0.326171875 0.1904296875 0.021484375 0.021484375 
0 0.4306640625 0.44921875 0.021484375 0.021484375 
0 0.623046875 0.28125 0.021484375 0.021484375 
1 0.56640625 0.58984375 0.0224609375 0.0224609375 
0 0.5283203125 0.37890625 0.0224609375 0.0224609375 
1 0.509765625 0.833984375 0.0234375 0.0234375 
0 0.46484375 0.8701171875 0.021484375 0.021484375 
0 0.51171875 0.2978515625 0.021484375 0.021484375 
0 0.3544921875 0.3876953125 0.0234375 0.0234375 
1 0.470703125 0.49609375 0.021484375 0.021484375 
1 0.3173828125 0.1220703125 0.0224609375 0.0224609375 
0 0.453125 0.4150390625 0.0224609375 0.0224609375 
0 0.3515625 0.4052734375 0.021484375 0.021484375 
1 0.4677734375 0.6650390625 0.021484375 0.021484375 
1 0.52734375 0.322265625 0.021484375 0.021484375 
0 0.51171875 0.0478515625 0.0234375 0.0234375 
0 0.53515625 0.8681640625 0.01953125 0.01953125 
1 0.4931640625 0.8310546875 0.021484375 0.021484375 
0 0.5859375 0.052734375 0.021484375 0.021484375 
1 0.537109375 0.69921875 0.021484375 0.021484375 
0 0.5947265625 0.3681640625 0.0234375 0.0234375 
0 0.435546875 0.3173828125 0.021484375 0.021484375 
0 0.4814453125 0.14453125 0.021484375 0.021484375 
0 0.44140625 0.283203125 0.021484375 0.021484375 
0 0.482421875 0.0634765625 0.021484375 0.021484375 
0 0.619140625 0.2626953125 0.0224609375 0.0224609375 
1 0.33203125 0.1748046875 0.0224609375 0.0224609375 
0 0.47265625 0.7705078125 0.0224609375 0.0224609375 
1 0.4140625 0.048828125 0.021484375 0.021484375 
