0 0.5908203125 0.318359375 0.021484375 0.021484375 
1 0.4267578125 0.0322265625 0.021484375 0.021484375 
0 0.6455078125 0.3642578125 0.0234375 0.0234375 
0 0.42578125 0.4111328125 0.021484375 0.021484375 
0 0.3544921875 0.3349609375 0.021484375 0.021484375 
0 0.35546875 0.361328125 0.0234375 0.0234375 
1 0.439453125 0.4267578125 0.021484375 0.021484375 
0 0.5791015625 0.5322265625 0.0224609375 0.0224609375 
0 0.4638671875 0.724609375 0.021484375 0.021484375 
1 0.4677734375 0.5576171875 0.0224609375 0.0224609375 
0 0.3916015625 0.4140625 0.021484375 0.021484375 
1 0.48046875 0.8125 0.021484375 0.021484375 
1 0.5556640625 0.53515625 0.021484375 0.021484375 
0 0.5537109375 0.71484375 0.021484375 0.021484375 
1 0.54296875 0.734375 0.0224609375 0.0224609375 
1 0.3330078125 0.2939453125 0.0224609375 0.0224609375 
0 0.529296875 0.4609375 0.0234375 0.0234375 
0 0.52734375 0.19140625 0.021484375 0.021484375 
0 0.673828125 0.0478515625 0.021484375 0.021484375 
0 0.396484375 0.5927734375 0.021484375 0.021484375 
0 0.6572265625 0.150390625 0.0234375 0.0234375 
1 0.498046875 0.8837890625 0.0234375 0.0234375 
0 0.3876953125 0.2587890625 0.021484375 0.021484375 
0 0.40625 0.5068359375 0.021484375 0.021484375 
0 0.55859375 0.04296875 0.0234375 0.0234375 
0 0.583984375 0.3837890625 0.021484375 0.021484375 
0 0.4833984375 0.06640625 0.0234375 0.0234375 
0 0.3349609375 0.2177734375 0.021484375 0.021484375 
0 0.662109375 0.177734375 0.0224609375 0.0224609375 
0 0.4365234375 0.7568359375 0.0234375 0.0234375 
1 0.55859375 0.4345703125 0.021484375 0.021484375 
0 0.5888671875 0.181640625 0.021484375 0.021484375 
0 0.52734375 0.7470703125 0.021484375 0.021484375 
0 0.44140625 0.65625 0.0234375 0.0234375 
0 0.615234375 0.328125 0.021484375 0.021484375 
0 0.384765625 0.27734375 0.0224609375 0.0224609375 
0 0.6240234375 0.0498046875 0.021484375 0.021484375 
0 0.6474609375 0.111328125 0.021484375 0.021484375 
0 0.6005859375 0.2841796875 0.0224609375 0.0224609375 
0 0.6337890625 0.4248046875 0.021484375 0.021484375 
0 0.38671875 0.4765625 0.021484375 0.021484375 
1 0.4814453125 0.728515625 0.0224609375 0.0224609375 
1 0.46484375 0.619140625 0.0224609375 0.0224609375 
0 0.6337890625 0.4072265625 0.021484375 0.021484375 
0 0.4736328125 0.1640625 0.0224609375 0.0224609375 
0 0.5419921875 0.4501953125 0.021484375 0.021484375 
0 0.41796875 0.6572265625 0.021484375 0.021484375 
0 0.580078125 0.0751953125 0.021484375 0.021484375 
0 0.4013671875 0.2646484375 0.0234375 0.0234375 
0 0.42578125 0.3427734375 0.021484375 0.021484375 
0 0.361328125 0.419921875 0.021484375 0.021484375 
0 0.51953125 0.2119140625 0.021484375 0.021484375 
0 0.7041015625 0.033203125 0.021484375 0.021484375 
0 0.53515625 0.3798828125 0.0234375 0.0234375 
1 0.4658203125 0.703125 0.021484375 0.021484375 
0 0.3798828125 0.439453125 0.021484375 0.021484375 
0 0.46875 0.4990234375 0.021484375 0.021484375 
0 0.4794921875 0.8759765625 0.0224609375 0.0224609375 
0 0.373046875 0.1123046875 0.0224609375 0.0224609375 
0 0.466796875 0.099609375 0.021484375 0.021484375 
0 0.5 0.7607421875 0.0234375 0.0234375 
0 0.3505859375 0.1064453125 0.0234375 0.0234375 
0 0.46484375 0.0341796875 0.0234375 0.0234375 
1 0.6162109375 0.138671875 0.021484375 0.021484375 
0 0.4853515625 0.259765625 0.0234375 0.0234375 
1 0.4658203125 0.6337890625 0.021484375 0.021484375 
0 0.6865234375 0.146484375 0.021484375 0.021484375 
0 0.3759765625 0.140625 0.021484375 0.021484375 
1 0.494140625 0.0888671875 0.0224609375 0.0224609375 
0 0.55859375 0.1044921875 0.021484375 0.021484375 
0 0.419921875 0.3681640625 0.021484375 0.021484375 
0 0.5576171875 0.29296875 0.0234375 0.0234375 
0 0.5361328125 0.0595703125 0.021484375 0.021484375 
1 0.3828125 0.37890625 0.021484375 0.021484375 
0 0.484375 0.5849609375 0.021484375 0.021484375 
0 0.5380859375 0.24609375 0.021484375 0.021484375 
0 0.54296875 0.3486328125 0.0234375 0.0234375 
0 0.568359375 0.3271484375 0.0234375 0.0234375 
1 0.4326171875 0.1669921875 0.021484375 0.021484375 
0 0.48828125 0.3408203125 0.0234375 0.0234375 
1 0.6484375 0.087890625 0.0224609375 0.0224609375 
0 0.578125 0.287109375 0.021484375 0.021484375 
0 0.330078125 0.2490234375 0.021484375 0.021484375 
1 0.4814453125 0.6611328125 0.021484375 0.021484375 
0 0.498046875 0.3818359375 0.0234375 0.0234375 
0 0.3681640625 0.1669921875 0.021484375 0.021484375 
1 0.5244140625 0.6884765625 0.021484375 0.021484375 
0 0.2802734375 0.078125 0.0234375 0.0234375 
0 0.5751953125 0.14453125 0.021484375 0.021484375 
1 0.6005859375 0.2587890625 0.021484375 0.021484375 
0 0.576171875 0.5751953125 0.0224609375 0.0224609375 
0 0.6689453125 0.1005859375 0.021484375 0.021484375 
0 0.6298828125 0.1982421875 0.0224609375 0.0224609375 
0 0.5869140625 0.501953125 0.0234375 0.0234375 
0 0.361328125 0.2607421875 0.0224609375 0.0224609375 
1 0.5 0.69140625 0.021484375 0.021484375 
0 0.4990234375 0.7880859375 0.0224609375 0.0224609375 
0 0.5849609375 0.4404296875 0.021484375 0.021484375 
0 0.4853515625 0.208984375 0.021484375 0.021484375 
0 0.6337890625 0.4453125 0.0234375 0.0234375 
1 0.6845703125 0.1982421875 0.021484375 0.021484375 
1 0.6201171875 0.099609375 0.021484375 0.021484375 
0 0.419921875 0.2490234375 0.021484375 0.021484375 
0 0.41015625 0.087890625 0.0234375 0.0234375 
1 0.603515625 0.1826171875 0.021484375 0.021484375 
1 0.4951171875 0.5126953125 0.021484375 0.021484375 
1 0.4111328125 0.0625 0.021484375 0.021484375 
0 0.525390625 0.8876953125 0.021484375 0.021484375 
0 0.5390625 0.4033203125 0.021484375 0.021484375 
0 0.294921875 0.09765625 0.0234375 0.0234375 
0 0.4130859375 0.525390625 0.0224609375 0.0224609375 
0 0.4560546875 0.3349609375 0.0224609375 0.0224609375 
0 0.5615234375 0.4970703125 0.0234375 0.0234375 
0 0.349609375 0.24609375 0.0224609375 0.0224609375 
0 0.4853515625 0.1025390625 0.0234375 0.0234375 
1 0.365234375 0.0703125 0.0224609375 0.0224609375 
0 0.5673828125 0.724609375 0.021484375 0.021484375 
0 0.3984375 0.2255859375 0.021484375 0.021484375 
0 0.6884765625 0.1767578125 0.021484375 0.021484375 
1 0.705078125 0.056640625 0.021484375 0.021484375 
1 0.453125 0.0556640625 0.021484375 0.021484375 
1 0.470703125 0.3232421875 0.021484375 0.021484375 
0 0.6748046875 0.240234375 0.0234375 0.0234375 
1 0.4189453125 0.4990234375 0.021484375 0.021484375 
0 0.4267578125 0.1982421875 0.0224609375 0.0224609375 
0 0.533203125 0.828125 0.0224609375 0.0224609375 
1 0.435546875 0.49609375 0.021484375 0.021484375 
1 0.51953125 0.3671875 0.021484375 0.021484375 
1 0.2822265625 0.046875 0.021484375 0.021484375 
0 0.4892578125 0.2744140625 0.0234375 0.0234375 
0 0.619140625 0.216796875 0.021484375 0.021484375 
0 0.328125 0.232421875 0.021484375 0.021484375 
0 0.5126953125 0.8759765625 0.0234375 0.0234375 
1 0.490234375 0.400390625 0.021484375 0.021484375 
0 0.455078125 0.4814453125 0.0234375 0.0234375 
0 0.5244140625 0.8642578125 0.0224609375 0.0224609375 
0 0.466796875 0.662109375 0.021484375 0.021484375 
0 0.3291015625 0.271484375 0.0224609375 0.0224609375 
0 0.322265625 0.1650390625 0.0224609375 0.0224609375 
0 0.65625 0.2138671875 0.021484375 0.021484375 
0 0.4921875 0.470703125 0.021484375 0.021484375 
