1 0.6259765625 0.2109375 0.021484375 0.021484375 
1 0.505859375 0.6845703125 0.0224609375 0.0224609375 
0 0.4921875 0.1708984375 0.0234375 0.0234375 
1 0.4541015625 0.3017578125 0.0224609375 0.0224609375 
0 0.5498046875 0.6552734375 0.0234375 0.0234375 
0 0.5458984375 0.306640625 0.0234375 0.0234375 
0 0.509765625 0.2890625 0.021484375 0.021484375 
0 0.5810546875 0.474609375 0.0224609375 0.0224609375 
0 0.529296875 0.8681640625 0.0224609375 0.0224609375 
0 0.5078125 0.2451171875 0.0234375 0.0234375 
1 0.3896484375 0.0810546875 0.021484375 0.021484375 
0 0.404296875 0.3603515625 0.021484375 0.021484375 
0 0.6123046875 0.53515625 0.0234375 0.0234375 
0 0.4736328125 0.39453125 0.0234375 0.0234375 
0 0.51171875 0.3056640625 0.0234375 0.0234375 
0 0.44140625 0.08203125 0.0234375 0.0234375 
0 0.392578125 0.462890625 0.0234375 0.0234375 
0 0.3701171875 0.0830078125 0.021484375 0.021484375 
0 0.3544921875 0.0703125 0.0234375 0.0234375 
0 0.5830078125 0.181640625 0.021484375 0.021484375 
1 0.4638671875 0.8779296875 0.0234375 0.0234375 
0 0.330078125 0.056640625 0.021484375 0.021484375 
0 0.43359375 0.2666015625 0.021484375 0.021484375 
1 0.48046875 0.58984375 0.0224609375 0.0224609375 
0 0.533203125 0.4013671875 0.021484375 0.021484375 
0 0.5556640625 0.2529296875 0.021484375 0.021484375 
0 0.5361328125 0.1123046875 0.0224609375 0.0224609375 
0 0.4345703125 0.7705078125 0.025390625 0.025390625 
0 0.60546875 0.3017578125 0.021484375 0.021484375 
0 0.408203125 0.1962890625 0.021484375 0.021484375 
0 0.44921875 0.166015625 0.021484375 0.021484375 
1 0.3095703125 0.052734375 0.021484375 0.021484375 
0 0.6357421875 0.275390625 0.021484375 0.021484375 
0 0.4638671875 0.171875 0.021484375 0.021484375 
0 0.64453125 0.244140625 0.0234375 0.0234375 
0 0.6201171875 0.4599609375 0.0234375 0.0234375 
0 0.3623046875 0.2255859375 0.0234375 0.0234375 
1 0.5458984375 0.2119140625 0.021484375 0.021484375 
1 0.412109375 0.5322265625 0.021484375 0.021484375 
0 0.533203125 0.34375 0.021484375 0.021484375 
1 0.7138671875 0.064453125 0.021484375 0.021484375 
0 0.556640625 0.490234375 0.0234375 0.0234375 
0 0.48828125 0.8095703125 0.0224609375 0.0224609375 
1 0.4453125 0.4423828125 0.021484375 0.021484375 
0 0.552734375 0.04296875 0.0234375 0.0234375 
0 0.7041015625 0.103515625 0.0234375 0.0234375 
0 0.408203125 0.2578125 0.021484375 0.021484375 
0 0.53515625 0.654296875 0.021484375 0.021484375 
0 0.46875 0.3046875 0.021484375 0.021484375 
1 0.576171875 0.4296875 0.0224609375 0.0224609375 
0 0.638671875 0.0703125 0.0234375 0.0234375 
0 0.37890625 0.1083984375 0.0224609375 0.0224609375 
1 0.4228515625 0.3359375 0.0224609375 0.0224609375 
0 0.4580078125 0.224609375 0.0234375 0.0234375 
0 0.3935546875 0.1611328125 0.0234375 0.0234375 
0 0.349609375 0.2880859375 0.021484375 0.021484375 
0 0.6162109375 0.51953125 0.021484375 0.021484375 
0 0.3154296875 0.1259765625 0.0234375 0.0234375 
0 0.6240234375 0.1689453125 0.0234375 0.0234375 
0 0.3701171875 0.2763671875 0.0224609375 0.0224609375 
0 0.3701171875 0.0537109375 0.0234375 0.0234375 
1 0.4248046875 0.484375 0.021484375 0.021484375 
0 0.37890625 0.3330078125 0.0234375 0.0234375 
1 0.4248046875 0.3125 0.0224609375 0.0224609375 
0 0.4404296875 0.2880859375 0.021484375 0.021484375 
0 0.572265625 0.1953125 0.0224609375 0.0224609375 
0 0.470703125 0.619140625 0.021484375 0.021484375 
0 0.5087890625 0.3388671875 0.0234375 0.0234375 
0 0.5185546875 0.6611328125 0.021484375 0.021484375 
0 0.6884765625 0.0400390625 0.0224609375 0.0224609375 
0 0.5078125 0.4013671875 0.021484375 0.021484375 
0 0.6787109375 0.1103515625 0.0224609375 0.0224609375 
1 0.5986328125 0.123046875 0.0224609375 0.0224609375 
0 0.443359375 0.36328125 0.0234375 0.0234375 
0 0.4892578125 0.208984375 0.021484375 0.021484375 
1 0.5126953125 0.5927734375 0.021484375 0.021484375 
0 0.59765625 0.2509765625 0.0224609375 0.0224609375 
0 0.4814453125 0.03515625 0.0234375 0.0234375 
1 0.4423828125 0.1083984375 0.0224609375 0.0224609375 
0 0.5732421875 0.224609375 0.021484375 0.021484375 
0 0.578125 0.1142578125 0.021484375 0.021484375 
1 0.4677734375 0.853515625 0.0234375 0.0234375 
0 0.64453125 0.33203125 0.021484375 0.021484375 
1 0.5986328125 0.6044921875 0.0224609375 0.0224609375 
0 0.373046875 0.41796875 0.021484375 0.021484375 
0 0.591796875 0.5478515625 0.0234375 0.0234375 
0 0.3330078125 0.1181640625 0.0234375 0.0234375 
0 0.4697265625 0.3212890625 0.0224609375 0.0224609375 
0 0.4853515625 0.41796875 0.0224609375 0.0224609375 
0 0.330078125 0.1650390625 0.0234375 0.0234375 
0 0.41015625 0.431640625 0.021484375 0.021484375 
0 0.5419921875 0.7080078125 0.021484375 0.021484375 
0 0.384765625 0.51953125 0.0234375 0.0234375 
1 0.28515625 0.072265625 0.021484375 0.021484375 
1 0.544921875 0.6044921875 0.021484375 0.021484375 
0 0.48046875 0.474609375 0.0234375 0.0234375 
0 0.57421875 0.603515625 0.0234375 0.0234375 
0 0.5322265625 0.5849609375 0.021484375 0.021484375 
0 0.4404296875 0.33984375 0.0234375 0.0234375 
0 0.5791015625 0.3291015625 0.021484375 0.021484375 
0 0.490234375 0.1865234375 0.021484375 0.021484375 
0 0.365234375 0.2080078125 0.0234375 0.0234375 
0 0.48828125 0.4326171875 0.0224609375 0.0224609375 
0 0.6181640625 0.091796875 0.021484375 0.021484375 
0 0.6552734375 0.095703125 0.021484375 0.021484375 
0 0.384765625 0.3857421875 0.0234375 0.0234375 
0 0.3798828125 0.2998046875 0.021484375 0.021484375 
0 0.4326171875 0.2294921875 0.021484375 0.021484375 
0 0.4091796875 0.0810546875 0.0234375 0.0234375 
1 0.6240234375 0.3603515625 0.021484375 0.021484375 
1 0.328125 0.2373046875 0.0224609375 0.0224609375 
0 0.5546875 0.56640625 0.0224609375 0.0224609375 
0 0.4169921875 0.404296875 0.021484375 0.021484375 
0 0.51953125 0.46875 0.0234375 0.0234375 
1 0.4892578125 0.642578125 0.021484375 0.021484375 
0 0.474609375 0.1552734375 0.021484375 0.021484375 
1 0.515625 0.0693359375 0.0224609375 0.0224609375 
1 0.671875 0.0732421875 0.0224609375 0.0224609375 
1 0.58984375 0.4921875 0.021484375 0.021484375 
0 0.6455078125 0.048828125 0.021484375 0.021484375 
0 0.58984375 0.4228515625 0.0234375 0.0234375 
0 0.501953125 0.2265625 0.021484375 0.021484375 
0 0.484375 0.3154296875 0.0234375 0.0234375 
1 0.6630859375 0.1982421875 0.0224609375 0.0224609375 
0 0.42578125 0.0703125 0.0234375 0.0234375 
0 0.5322265625 0.23046875 0.021484375 0.021484375 
0 0.66796875 0.2177734375 0.0224609375 0.0224609375 
0 0.2998046875 0.0693359375 0.021484375 0.021484375 
1 0.4580078125 0.5107421875 0.021484375 0.021484375 
0 0.4970703125 0.5908203125 0.0224609375 0.0224609375 
1 0.5546875 0.7919921875 0.0234375 0.0234375 
0 0.3408203125 0.2080078125 0.021484375 0.021484375 
1 0.4482421875 0.74609375 0.021484375 0.021484375 
0 0.6025390625 0.0791015625 0.0224609375 0.0224609375 
0 0.478515625 0.779296875 0.0234375 0.0234375 
0 0.5078125 0.115234375 0.021484375 0.021484375 
0 0.6064453125 0.4150390625 0.021484375 0.021484375 
0 0.5205078125 0.5537109375 0.0224609375 0.0224609375 
0 0.5595703125 0.07421875 0.021484375 0.021484375 
0 0.5283203125 0.6201171875 0.021484375 0.021484375 
0 0.5361328125 0.193359375 0.021484375 0.021484375 
0 0.5224609375 0.1806640625 0.0234375 0.0234375 
0 0.66796875 0.0537109375 0.0234375 0.0234375 
0 0.55859375 0.4375 0.021484375 0.021484375 
0 0.5146484375 0.8193359375 0.0224609375 0.0224609375 
0 0.4287109375 0.60546875 0.0224609375 0.0224609375 
0 0.5712890625 0.4951171875 0.021484375 0.021484375 
0 0.4921875 0.0947265625 0.021484375 0.021484375 
0 0.46875 0.1279296875 0.0234375 0.0234375 
0 0.48046875 0.2421875 0.0234375 0.0234375 
1 0.5986328125 0.1767578125 0.0224609375 0.0224609375 
0 0.4873046875 0.521484375 0.021484375 0.021484375 
0 0.380859375 0.451171875 0.0224609375 0.0224609375 
0 0.4765625 0.451171875 0.021484375 0.021484375 
0 0.3681640625 0.4609375 0.021484375 0.021484375 
0 0.2978515625 0.09765625 0.0224609375 0.0224609375 
0 0.5400390625 0.5146484375 0.0234375 0.0234375 
0 0.443359375 0.0478515625 0.0234375 0.0234375 
1 0.4521484375 0.134765625 0.021484375 0.021484375 
1 0.619140625 0.4384765625 0.0224609375 0.0224609375 
1 0.6083984375 0.2138671875 0.021484375 0.021484375 
0 0.392578125 0.4208984375 0.021484375 0.021484375 
