0 0.400390625 0.3916015625 0.0224609375 0.0224609375 
0 0.4609375 0.6142578125 0.021484375 0.021484375 
0 0.396484375 0.28515625 0.021484375 0.021484375 
0 0.5419921875 0.5234375 0.021484375 0.021484375 
0 0.564453125 0.041015625 0.0234375 0.0234375 
0 0.681640625 0.2041015625 0.0234375 0.0234375 
0 0.3623046875 0.16796875 0.0234375 0.0234375 
0 0.451171875 0.38671875 0.0234375 0.0234375 
0 0.5986328125 0.3642578125 0.0234375 0.0234375 
1 0.5263671875 0.126953125 0.0224609375 0.0224609375 
1 0.5947265625 0.5771484375 0.021484375 0.021484375 
1 0.482421875 0.8779296875 0.021484375 0.021484375 
0 0.61328125 0.0546875 0.0234375 0.0234375 
1 0.30078125 0.041015625 0.021484375 0.021484375 
0 0.3505859375 0.36328125 0.021484375 0.021484375 
0 0.7119140625 0.0439453125 0.0234375 0.0234375 
0 0.4248046875 0.2744140625 0.021484375 0.021484375 
0 0.35546875 0.109375 0.021484375 0.021484375 
0 0.369140625 0.0830078125 0.021484375 0.021484375 
0 0.4716796875 0.7861328125 0.0224609375 0.0224609375 
0 0.4384765625 0.5888671875 0.021484375 0.021484375 
0 0.5908203125 0.236328125 0.021484375 0.021484375 
0 0.478515625 0.1533203125 0.021484375 0.021484375 
0 0.435546875 0.1982421875 0.021484375 0.021484375 
0 0.37890625 0.22265625 0.021484375 0.021484375 
0 0.5 0.2080078125 0.021484375 0.021484375 
0 0.625 0.3642578125 0.0234375 0.0234375 
0 0.51171875 0.572265625 0.0234375 0.0234375 
0 0.6240234375 0.2978515625 0.021484375 0.021484375 
0 0.5673828125 0.1884765625 0.021484375 0.021484375 
0 0.6328125 0.4423828125 0.0234375 0.0234375 
0 0.6220703125 0.0986328125 0.021484375 0.021484375 
1 0.40234375 0.4736328125 0.0224609375 0.0224609375 
0 0.4580078125 0.8291015625 0.01953125 0.01953125 
0 0.2724609375 0.0517578125 0.021484375 0.021484375 
1 0.642578125 0.2060546875 0.021484375 0.021484375 
0 0.6865234375 0.15234375 0.0234375 0.0234375 
0 0.51171875 0.2880859375 0.021484375 0.021484375 
0 0.541015625 0.859375 0.0224609375 0.0224609375 
0 0.2958984375 0.12890625 0.0234375 0.0234375 
0 0.671875 0.09375 0.0224609375 0.0224609375 
0 0.6826171875 0.0517578125 0.021484375 0.021484375 
0 0.4521484375 0.4150390625 0.021484375 0.021484375 
0 0.5107421875 0.1005859375 0.021484375 0.021484375 
0 0.64453125 0.3515625 0.021484375 0.021484375 
0 0.326171875 0.0859375 0.021484375 0.021484375 
1 0.4453125 0.328125 0.021484375 0.021484375 
0 0.63671875 0.3056640625 0.0234375 0.0234375 
0 0.49609375 0.8115234375 0.021484375 0.021484375 
0 0.416015625 0.5771484375 0.021484375 0.021484375 
0 0.341796875 0.1845703125 0.021484375 0.021484375 
1 0.4072265625 0.173828125 0.021484375 0.021484375 
0 0.4853515625 0.3017578125 0.021484375 0.021484375 
0 0.65625 0.0751953125 0.021484375 0.021484375 
0 0.6240234375 0.31640625 0.0234375 0.0234375 
0 0.490234375 0.0322265625 0.021484375 0.021484375 
1 0.4775390625 0.3408203125 0.021484375 0.021484375 
0 0.6044921875 0.203125 0.021484375 0.021484375 
1 0.435546875 0.46484375 0.021484375 0.021484375 
0 0.4580078125 0.470703125 0.021484375 0.021484375 
0 0.580078125 0.625 0.0234375 0.0234375 
1 0.3271484375 0.04296875 0.021484375 0.021484375 
0 0.5458984375 0.419921875 0.0234375 0.0234375 
0 0.5859375 0.0439453125 0.0234375 0.0234375 
0 0.46875 0.2998046875 0.021484375 0.021484375 
0 0.4267578125 0.392578125 0.021484375 0.021484375 
0 0.4375 0.732421875 0.021484375 0.021484375 
1 0.4990234375 0.8388671875 0.0234375 0.0234375 
0 0.5380859375 0.07421875 0.021484375 0.021484375 
0 0.611328125 0.0771484375 0.021484375 0.021484375 
0 0.4033203125 0.2607421875 0.0234375 0.0234375 
0 0.427734375 0.5498046875 0.0234375 0.0234375 
0 0.4833984375 0.6552734375 0.0234375 0.0234375 
0 0.4873046875 0.630859375 0.021484375 0.021484375 
0 0.4169921875 0.1474609375 0.0234375 0.0234375 
0 0.4560546875 0.2119140625 0.0224609375 0.0224609375 
0 0.6416015625 0.0712890625 0.0234375 0.0234375 
0 0.478515625 0.53515625 0.021484375 0.021484375 
1 0.4169921875 0.080078125 0.021484375 0.021484375 
1 0.365234375 0.33203125 0.021484375 0.021484375 
1 0.6376953125 0.2333984375 0.0224609375 0.0224609375 
0 0.5576171875 0.2314453125 0.021484375 0.021484375 
0 0.6513671875 0.337890625 0.021484375 0.021484375 
1 0.3271484375 0.1005859375 0.0224609375 0.0224609375 
0 0.580078125 0.6484375 0.021484375 0.021484375 
0 0.509765625 0.1826171875 0.0234375 0.0234375 
1 0.55859375 0.599609375 0.0224609375 0.0224609375 
0 0.5810546875 0.43359375 0.021484375 0.021484375 
0 0.5390625 0.7783203125 0.01953125 0.01953125 
0 0.3203125 0.1640625 0.021484375 0.021484375 
0 0.5166015625 0.4462890625 0.0234375 0.0234375 
1 0.3837890625 0.1630859375 0.021484375 0.021484375 
0 0.3134765625 0.130859375 0.0234375 0.0234375 
1 0.6484375 0.294921875 0.021484375 0.021484375 
1 0.623046875 0.4267578125 0.021484375 0.021484375 
0 0.4248046875 0.7060546875 0.0234375 0.0234375 
0 0.4296875 0.568359375 0.021484375 0.021484375 
1 0.5537109375 0.6923828125 0.021484375 0.021484375 
0 0.61328125 0.12109375 0.0234375 0.0234375 
1 0.4482421875 0.3662109375 0.0224609375 0.0224609375 
1 0.46484375 0.505859375 0.021484375 0.021484375 
1 0.533203125 0.62109375 0.021484375 0.021484375 
1 0.6142578125 0.2578125 0.021484375 0.021484375 
1 0.32421875 0.28125 0.021484375 0.021484375 
0 0.4794921875 0.4091796875 0.021484375 0.021484375 
1 0.47265625 0.724609375 0.021484375 0.021484375 
0 0.455078125 0.7861328125 0.0224609375 0.0224609375 
0 0.3779296875 0.29296875 0.0234375 0.0234375 
0 0.4111328125 0.224609375 0.0234375 0.0234375 
0 0.4921875 0.31640625 0.021484375 0.021484375 
0 0.5556640625 0.337890625 0.0224609375 0.0224609375 
0 0.3720703125 0.2529296875 0.021484375 0.021484375 
1 0.4443359375 0.0771484375 0.0224609375 0.0224609375 
1 0.5478515625 0.203125 0.021484375 0.021484375 
0 0.466796875 0.0322265625 0.021484375 0.021484375 
0 0.3232421875 0.2626953125 0.0234375 0.0234375 
1 0.3525390625 0.087890625 0.0224609375 0.0224609375 
0 0.3984375 0.515625 0.021484375 0.021484375 
0 0.431640625 0.6494140625 0.0224609375 0.0224609375 
0 0.6728515625 0.146484375 0.021484375 0.021484375 
0 0.388671875 0.443359375 0.021484375 0.021484375 
0 0.6318359375 0.046875 0.0234375 0.0234375 
0 0.484375 0.2197265625 0.021484375 0.021484375 
0 0.5380859375 0.4853515625 0.0234375 0.0234375 
0 0.6279296875 0.1376953125 0.021484375 0.021484375 
1 0.591796875 0.30078125 0.0224609375 0.0224609375 
0 0.6279296875 0.34765625 0.0234375 0.0234375 
0 0.658203125 0.0361328125 0.021484375 0.021484375 
0 0.44921875 0.5693359375 0.021484375 0.021484375 
0 0.482421875 0.1982421875 0.021484375 0.021484375 
0 0.48828125 0.7734375 0.0224609375 0.0224609375 
0 0.490234375 0.5185546875 0.0234375 0.0234375 
1 0.55859375 0.7958984375 0.021484375 0.021484375 
0 0.6591796875 0.2177734375 0.021484375 0.021484375 
0 0.3896484375 0.2353515625 0.021484375 0.021484375 
0 0.5400390625 0.44140625 0.021484375 0.021484375 
1 0.529296875 0.27734375 0.0224609375 0.0224609375 
0 0.5166015625 0.8642578125 0.021484375 0.021484375 
0 0.5283203125 0.7294921875 0.0224609375 0.0224609375 
0 0.3798828125 0.27734375 0.021484375 0.021484375 
0 0.4248046875 0.16015625 0.021484375 0.021484375 
0 0.439453125 0.4951171875 0.0234375 0.0234375 
0 0.6357421875 0.1083984375 0.0224609375 0.0224609375 
0 0.41796875 0.505859375 0.021484375 0.021484375 
0 0.4609375 0.7626953125 0.021484375 0.021484375 
0 0.3681640625 0.1923828125 0.0234375 0.0234375 
1 0.474609375 0.2783203125 0.021484375 0.021484375 
0 0.4384765625 0.3486328125 0.021484375 0.021484375 
0 0.3447265625 0.2431640625 0.0234375 0.0234375 
0 0.40234375 0.1513671875 0.0234375 0.0234375 
1 0.5244140625 0.7451171875 0.021484375 0.021484375 
0 0.37890625 0.3671875 0.021484375 0.021484375 
0 0.40234375 0.056640625 0.021484375 0.021484375 
1 0.3642578125 0.2294921875 0.021484375 0.021484375 
0 0.64453125 0.0859375 0.021484375 0.021484375 
0 0.451171875 0.6748046875 0.0234375 0.0234375 
1 0.5029296875 0.6201171875 0.021484375 0.021484375 
0 0.4931640625 0.7216796875 0.021484375 0.021484375 
1 0.375 0.4521484375 0.0224609375 0.0224609375 
0 0.3369140625 0.1572265625 0.0234375 0.0234375 
1 0.5751953125 0.41015625 0.0224609375 0.0224609375 
0 0.5439453125 0.2734375 0.021484375 0.021484375 
1 0.5771484375 0.12890625 0.0224609375 0.0224609375 
0 0.6796875 0.2236328125 0.0224609375 0.0224609375 
0 0.5302734375 0.171875 0.0224609375 0.0224609375 
0 0.33984375 0.212890625 0.021484375 0.021484375 
0 0.388671875 0.3544921875 0.021484375 0.021484375 
0 0.607421875 0.5595703125 0.021484375 0.021484375 
0 0.5712890625 0.4599609375 0.0234375 0.0234375 
0 0.56640625 0.560546875 0.021484375 0.021484375 
1 0.4384765625 0.10546875 0.021484375 0.021484375 
0 0.572265625 0.4990234375 0.0234375 0.0234375 
1 0.41796875 0.1279296875 0.0224609375 0.0224609375 
0 0.3935546875 0.4169921875 0.021484375 0.021484375 
0 0.6005859375 0.4892578125 0.0234375 0.0234375 
1 0.630859375 0.267578125 0.021484375 0.021484375 
1 0.609375 0.3271484375 0.021484375 0.021484375 
0 0.5400390625 0.583984375 0.0224609375 0.0224609375 
0 0.626953125 0.181640625 0.021484375 0.021484375 
0 0.541015625 0.109375 0.021484375 0.021484375 
0 0.5712890625 0.5830078125 0.0234375 0.0234375 
0 0.4365234375 0.5263671875 0.0234375 0.0234375 
0 0.4482421875 0.6416015625 0.021484375 0.021484375 
0 0.462890625 0.8046875 0.0234375 0.0234375 
0 0.5791015625 0.078125 0.021484375 0.021484375 
0 0.4619140625 0.685546875 0.0234375 0.0234375 
