1 0.595703125 0.6044921875 0.021484375 0.021484375 
0 0.6015625 0.283203125 0.021484375 0.021484375 
0 0.6640625 0.2294921875 0.021484375 0.021484375 
0 0.4365234375 0.5966796875 0.021484375 0.021484375 
0 0.5556640625 0.78125 0.01953125 0.01953125 
0 0.62109375 0.033203125 0.021484375 0.021484375 
1 0.41796875 0.1591796875 0.0224609375 0.0224609375 
0 0.4140625 0.64453125 0.021484375 0.021484375 
1 0.5166015625 0.5361328125 0.021484375 0.021484375 
0 0.63671875 0.1923828125 0.0234375 0.0234375 
0 0.5859375 0.5625 0.0234375 0.0234375 
0 0.3994140625 0.5966796875 0.021484375 0.021484375 
0 0.4853515625 0.0419921875 0.0234375 0.0234375 
0 0.5390625 0.224609375 0.0234375 0.0234375 
1 0.494140625 0.4208984375 0.021484375 0.021484375 
0 0.458984375 0.5517578125 0.021484375 0.021484375 
1 0.6201171875 0.4951171875 0.021484375 0.021484375 
1 0.4951171875 0.455078125 0.021484375 0.021484375 
0 0.33984375 0.3515625 0.0234375 0.0234375 
0 0.552734375 0.36328125 0.021484375 0.021484375 
1 0.595703125 0.373046875 0.021484375 0.021484375 
0 0.4716796875 0.6533203125 0.0234375 0.0234375 
0 0.5048828125 0.22265625 0.0234375 0.0234375 
0 0.3681640625 0.13671875 0.0234375 0.0234375 
1 0.5791015625 0.310546875 0.021484375 0.021484375 
0 0.4521484375 0.50390625 0.021484375 0.021484375 
1 0.3955078125 0.111328125 0.021484375 0.021484375 
1 0.5302734375 0.564453125 0.021484375 0.021484375 
0 0.580078125 0.158203125 0.021484375 0.021484375 
1 0.4638671875 0.193359375 0.021484375 0.021484375 
0 0.560546875 0.10546875 0.021484375 0.021484375 
0 0.400390625 0.5205078125 0.021484375 0.021484375 
0 0.3193359375 0.0478515625 0.0234375 0.0234375 
0 0.453125 0.12109375 0.021484375 0.021484375 
0 0.5390625 0.62890625 0.0234375 0.0234375 
0 0.421875 0.3720703125 0.021484375 0.021484375 
0 0.3603515625 0.189453125 0.021484375 0.021484375 
1 0.5673828125 0.12890625 0.021484375 0.021484375 
0 0.38671875 0.1640625 0.021484375 0.021484375 
0 0.4189453125 0.0576171875 0.0234375 0.0234375 
0 0.5595703125 0.2958984375 0.021484375 0.021484375 
1 0.43359375 0.5771484375 0.021484375 0.021484375 
0 0.513671875 0.8037109375 0.021484375 0.021484375 
1 0.52734375 0.369140625 0.021484375 0.021484375 
0 0.5986328125 0.0732421875 0.0234375 0.0234375 
1 0.546875 0.7373046875 0.021484375 0.021484375 
0 0.5615234375 0.697265625 0.021484375 0.021484375 
1 0.4921875 0.8193359375 0.021484375 0.021484375 
0 0.4697265625 0.677734375 0.0234375 0.0234375 
0 0.412109375 0.30078125 0.0234375 0.0234375 
1 0.33984375 0.2685546875 0.0224609375 0.0224609375 
1 0.4599609375 0.3388671875 0.021484375 0.021484375 
1 0.4951171875 0.1015625 0.0224609375 0.0224609375 
0 0.529296875 0.6484375 0.021484375 0.021484375 
0 0.583984375 0.2275390625 0.0234375 0.0234375 
0 0.375 0.2060546875 0.021484375 0.021484375 
0 0.59765625 0.341796875 0.021484375 0.021484375 
0 0.6201171875 0.3779296875 0.021484375 0.021484375 
0 0.62109375 0.3046875 0.021484375 0.021484375 
0 0.302734375 0.0791015625 0.021484375 0.021484375 
0 0.603515625 0.3212890625 0.021484375 0.021484375 
1 0.4912109375 0.2451171875 0.021484375 0.021484375 
1 0.634765625 0.4365234375 0.0224609375 0.0224609375 
0 0.6962890625 0.0869140625 0.021484375 0.021484375 
0 0.376953125 0.408203125 0.0234375 0.0234375 
0 0.32421875 0.1123046875 0.021484375 0.021484375 
1 0.3857421875 0.080078125 0.0224609375 0.0224609375 
0 0.349609375 0.318359375 0.021484375 0.021484375 
1 0.5771484375 0.6689453125 0.0224609375 0.0224609375 
0 0.6552734375 0.134765625 0.0234375 0.0234375 
0 0.5615234375 0.6669921875 0.021484375 0.021484375 
0 0.5673828125 0.728515625 0.021484375 0.021484375 
0 0.466796875 0.0458984375 0.0234375 0.0234375 
1 0.6611328125 0.11328125 0.0224609375 0.0224609375 
0 0.4541015625 0.7001953125 0.0224609375 0.0224609375 
0 0.4443359375 0.3544921875 0.021484375 0.021484375 
0 0.548828125 0.205078125 0.0224609375 0.0224609375 
0 0.509765625 0.7822265625 0.025390625 0.025390625 
0 0.44140625 0.0595703125 0.021484375 0.021484375 
0 0.396484375 0.2177734375 0.0234375 0.0234375 
1 0.517578125 0.5849609375 0.021484375 0.021484375 
0 0.642578125 0.0615234375 0.021484375 0.021484375 
1 0.5 0.484375 0.0224609375 0.0224609375 
0 0.521484375 0.44921875 0.0224609375 0.0224609375 
0 0.5673828125 0.3466796875 0.021484375 0.021484375 
0 0.478515625 0.0791015625 0.0234375 0.0234375 
0 0.49609375 0.5625 0.021484375 0.021484375 
0 0.49609375 0.1552734375 0.021484375 0.021484375 
1 0.283203125 0.087890625 0.021484375 0.021484375 
1 0.54296875 0.158203125 0.021484375 0.021484375 
0 0.494140625 0.7763671875 0.025390625 0.025390625 
0 0.6318359375 0.2314453125 0.021484375 0.021484375 
0 0.7001953125 0.130859375 0.0234375 0.0234375 
0 0.5849609375 0.6328125 0.021484375 0.021484375 
1 0.5 0.3349609375 0.021484375 0.021484375 
1 0.4453125 0.76953125 0.021484375 0.021484375 
0 0.501953125 0.8447265625 0.0224609375 0.0224609375 
1 0.5341796875 0.13671875 0.021484375 0.021484375 
1 0.302734375 0.1865234375 0.0224609375 0.0224609375 
0 0.51171875 0.154296875 0.0234375 0.0234375 
1 0.5810546875 0.0673828125 0.021484375 0.021484375 
0 0.4189453125 0.287109375 0.021484375 0.021484375 
0 0.5244140625 0.494140625 0.0234375 0.0234375 
0 0.5966796875 0.2548828125 0.0234375 0.0234375 
0 0.4794921875 0.2138671875 0.021484375 0.021484375 
0 0.447265625 0.21875 0.021484375 0.021484375 
0 0.470703125 0.830078125 0.01953125 0.01953125 
1 0.376953125 0.478515625 0.0224609375 0.0224609375 
