0 0.4384765625 0.75390625 0.021484375 0.021484375 
0 0.529296875 0.6396484375 0.021484375 0.021484375 
0 0.6572265625 0.2783203125 0.021484375 0.021484375 
1 0.58984375 0.1083984375 0.021484375 0.021484375 
0 0.4091796875 0.294921875 0.0234375 0.0234375 
0 0.4970703125 0.087890625 0.021484375 0.021484375 
1 0.3046875 0.2001953125 0.0224609375 0.0224609375 
1 0.50390625 0.6435546875 0.021484375 0.021484375 
0 0.298828125 0.08984375 0.0234375 0.0234375 
0 0.638671875 0.3701171875 0.021484375 0.021484375 
0 0.59765625 0.3232421875 0.0234375 0.0234375 
0 0.462890625 0.333984375 0.021484375 0.021484375 
0 0.548828125 0.41796875 0.021484375 0.021484375 
0 0.4765625 0.14453125 0.021484375 0.021484375 
0 0.5478515625 0.779296875 0.01953125 0.01953125 
1 0.40625 0.125 0.021484375 0.021484375 
0 0.46875 0.7421875 0.021484375 0.021484375 
0 0.46484375 0.23828125 0.0234375 0.0234375 
1 0.5166015625 0.4814453125 0.021484375 0.021484375 
0 0.5771484375 0.2080078125 0.0224609375 0.0224609375 
0 0.609375 0.3623046875 0.021484375 0.021484375 
0 0.6337890625 0.2509765625 0.0234375 0.0234375 
0 0.4423828125 0.5830078125 0.021484375 0.021484375 
0 0.5869140625 0.66015625 0.0234375 0.0234375 
0 0.57421875 0.31640625 0.0234375 0.0234375 
0 0.611328125 0.205078125 0.0234375 0.0234375 
0 0.3486328125 0.1328125 0.021484375 0.021484375 
0 0.5087890625 0.33203125 0.0234375 0.0234375 
0 0.580078125 0.638671875 0.0234375 0.0234375 
0 0.3837890625 0.1396484375 0.021484375 0.021484375 
0 0.4306640625 0.2841796875 0.0234375 0.0234375 
0 0.412109375 0.083984375 0.021484375 0.021484375 
0 0.578125 0.474609375 0.021484375 0.021484375 
1 0.4072265625 0.546875 0.0224609375 0.0224609375 
0 0.41015625 0.24609375 0.0224609375 0.0224609375 
0 0.380859375 0.0625 0.021484375 0.021484375 
1 0.6162109375 0.5 0.021484375 0.021484375 
0 0.328125 0.2412109375 0.0234375 0.0234375 
0 0.37109375 0.1845703125 0.0234375 0.0234375 
0 0.4423828125 0.4150390625 0.021484375 0.021484375 
0 0.4111328125 0.5283203125 0.021484375 0.021484375 
0 0.4130859375 0.267578125 0.0224609375 0.0224609375 
0 0.2841796875 0.0830078125 0.021484375 0.021484375 
0 0.568359375 0.505859375 0.021484375 0.021484375 
1 0.40625 0.3671875 0.0224609375 0.0224609375 
0 0.478515625 0.197265625 0.021484375 0.021484375 
0 0.3857421875 0.4462890625 0.0234375 0.0234375 
1 0.513671875 0.685546875 0.0224609375 0.0224609375 
1 0.4521484375 0.703125 0.021484375 0.021484375 
0 0.5556640625 0.44921875 0.0234375 0.0234375 
0 0.6796875 0.087890625 0.021484375 0.021484375 
0 0.541015625 0.759765625 0.025390625 0.025390625 
0 0.525390625 0.6220703125 0.0234375 0.0234375 
0 0.5888671875 0.2353515625 0.0234375 0.0234375 
0 0.671875 0.220703125 0.0234375 0.0234375 
0 0.5087890625 0.8876953125 0.0224609375 0.0224609375 
0 0.4853515625 0.7275390625 0.0234375 0.0234375 
0 0.5107421875 0.162109375 0.0224609375 0.0224609375 
0 0.5283203125 0.2001953125 0.021484375 0.021484375 
0 0.5244140625 0.755859375 0.01953125 0.01953125 
0 0.4599609375 0.7998046875 0.025390625 0.025390625 
0 0.654296875 0.0361328125 0.0234375 0.0234375 
0 0.603515625 0.337890625 0.021484375 0.021484375 
1 0.6572265625 0.302734375 0.0224609375 0.0224609375 
0 0.32421875 0.2802734375 0.0234375 0.0234375 
0 0.5009765625 0.1083984375 0.0234375 0.0234375 
0 0.451171875 0.474609375 0.021484375 0.021484375 
0 0.37890625 0.318359375 0.021484375 0.021484375 
1 0.4658203125 0.318359375 0.021484375 0.021484375 
0 0.4345703125 0.5439453125 0.021484375 0.021484375 
0 0.62109375 0.1259765625 0.021484375 0.021484375 
0 0.533203125 0.546875 0.0224609375 0.0224609375 
1 0.5810546875 0.3974609375 0.021484375 0.021484375 
0 0.447265625 0.1298828125 0.0234375 0.0234375 
0 0.5205078125 0.505859375 0.0224609375 0.0224609375 
0 0.5419921875 0.10546875 0.021484375 0.021484375 
0 0.564453125 0.3759765625 0.0234375 0.0234375 
0 0.4345703125 0.4951171875 0.021484375 0.021484375 
0 0.54296875 0.21875 0.0224609375 0.0224609375 
0 0.63671875 0.349609375 0.0234375 0.0234375 
1 0.59765625 0.544921875 0.021484375 0.021484375 
1 0.572265625 0.1142578125 0.0224609375 0.0224609375 
0 0.5625 0.181640625 0.021484375 0.021484375 
0 0.5078125 0.52734375 0.0224609375 0.0224609375 
0 0.4990234375 0.3125 0.021484375 0.021484375 
1 0.5009765625 0.708984375 0.021484375 0.021484375 
1 0.48828125 0.0400390625 0.021484375 0.021484375 
0 0.5537109375 0.07421875 0.021484375 0.021484375 
1 0.3974609375 0.2001953125 0.021484375 0.021484375 
1 0.603515625 0.1630859375 0.021484375 0.021484375 
0 0.48828125 0.8896484375 0.0224609375 0.0224609375 
0 0.5517578125 0.4853515625 0.0224609375 0.0224609375 
0 0.42578125 0.322265625 0.0224609375 0.0224609375 
0 0.5927734375 0.2705078125 0.0224609375 0.0224609375 
1 0.564453125 0.2822265625 0.021484375 0.021484375 
0 0.4580078125 0.27734375 0.0234375 0.0234375 
0 0.3701171875 0.2392578125 0.021484375 0.021484375 
1 0.341796875 0.18359375 0.021484375 0.021484375 
0 0.62890625 0.4658203125 0.0234375 0.0234375 
0 0.490234375 0.609375 0.021484375 0.021484375 
0 0.5 0.8486328125 0.0224609375 0.0224609375 
1 0.56640625 0.623046875 0.021484375 0.021484375 
0 0.3916015625 0.087890625 0.0234375 0.0234375 
1 0.5498046875 0.7958984375 0.0234375 0.0234375 
0 0.4189453125 0.1953125 0.021484375 0.021484375 
0 0.5576171875 0.689453125 0.0234375 0.0234375 
0 0.5546875 0.2626953125 0.021484375 0.021484375 
0 0.3974609375 0.1591796875 0.021484375 0.021484375 
0 0.53125 0.138671875 0.0234375 0.0234375 
1 0.4755859375 0.0615234375 0.021484375 0.021484375 
0 0.51171875 0.203125 0.0234375 0.0234375 
0 0.37109375 0.1630859375 0.021484375 0.021484375 
0 0.474609375 0.60546875 0.0224609375 0.0224609375 
0 0.5849609375 0.578125 0.021484375 0.021484375 
0 0.5712890625 0.0693359375 0.0234375 0.0234375 
0 0.509765625 0.2919921875 0.0234375 0.0234375 
0 0.3955078125 0.4658203125 0.021484375 0.021484375 
1 0.4541015625 0.6123046875 0.021484375 0.021484375 
0 0.546875 0.3427734375 0.021484375 0.021484375 
0 0.4404296875 0.158203125 0.021484375 0.021484375 
0 0.6796875 0.1845703125 0.021484375 0.021484375 
0 0.44921875 0.451171875 0.0234375 0.0234375 
0 0.4814453125 0.576171875 0.021484375 0.021484375 
0 0.373046875 0.28515625 0.021484375 0.021484375 
0 0.5087890625 0.443359375 0.021484375 0.021484375 
0 0.2890625 0.115234375 0.021484375 0.021484375 
0 0.4296875 0.6416015625 0.0224609375 0.0224609375 
0 0.6396484375 0.4091796875 0.0234375 0.0234375 
0 0.3935546875 0.3798828125 0.0234375 0.0234375 
