1 0.4091796875 0.1845703125 0.021484375 0.021484375 
0 0.607421875 0.34765625 0.021484375 0.021484375 
0 0.5390625 0.3349609375 0.0234375 0.0234375 
1 0.611328125 0.533203125 0.0224609375 0.0224609375 
0 0.494140625 0.5126953125 0.0224609375 0.0224609375 
1 0.40234375 0.4072265625 0.021484375 0.021484375 
0 0.68359375 0.0751953125 0.021484375 0.021484375 
0 0.6083984375 0.4453125 0.021484375 0.021484375 
1 0.525390625 0.755859375 0.021484375 0.021484375 
0 0.5478515625 0.7705078125 0.0224609375 0.0224609375 
1 0.6796875 0.1796875 0.021484375 0.021484375 
1 0.4951171875 0.1552734375 0.0224609375 0.0224609375 
0 0.4794921875 0.2490234375 0.021484375 0.021484375 
0 0.5400390625 0.8671875 0.0224609375 0.0224609375 
1 0.486328125 0.3701171875 0.021484375 0.021484375 
1 0.4638671875 0.8701171875 0.021484375 0.021484375 
0 0.6171875 0.134765625 0.0224609375 0.0224609375 
0 0.345703125 0.0576171875 0.021484375 0.021484375 
1 0.703125 0.0380859375 0.0224609375 0.0224609375 
0 0.37109375 0.0361328125 0.0234375 0.0234375 
0 0.646484375 0.142578125 0.021484375 0.021484375 
0 0.60546875 0.2041015625 0.021484375 0.021484375 
0 0.392578125 0.099609375 0.0234375 0.0234375 
0 0.556640625 0.7060546875 0.021484375 0.021484375 
0 0.6552734375 0.3037109375 0.021484375 0.021484375 
1 0.5751953125 0.044921875 0.021484375 0.021484375 
0 0.578125 0.23828125 0.021484375 0.021484375 
0 0.560546875 0.623046875 0.0234375 0.0234375 
1 0.6181640625 0.4130859375 0.021484375 0.021484375 
0 0.5009765625 0.6171875 0.0234375 0.0234375 
0 0.4091796875 0.642578125 0.021484375 0.021484375 
0 0.6181640625 0.060546875 0.0234375 0.0234375 
0 0.599609375 0.2177734375 0.0234375 0.0234375 
0 0.494140625 0.3173828125 0.0234375 0.0234375 
1 0.3671875 0.1728515625 0.021484375 0.021484375 
1 0.4990234375 0.08984375 0.021484375 0.021484375 
0 0.4912109375 0.673828125 0.021484375 0.021484375 
0 0.4189453125 0.0498046875 0.0234375 0.0234375 
1 0.65234375 0.171875 0.0224609375 0.0224609375 
0 0.4599609375 0.06640625 0.0224609375 0.0224609375 
0 0.587890625 0.4384765625 0.0234375 0.0234375 
0 0.5908203125 0.140625 0.021484375 0.021484375 
0 0.53125 0.048828125 0.021484375 0.021484375 
0 0.3671875 0.291015625 0.021484375 0.021484375 
0 0.484375 0.4697265625 0.0234375 0.0234375 
0 0.6455078125 0.37109375 0.021484375 0.021484375 
0 0.3134765625 0.2265625 0.0224609375 0.0224609375 
0 0.5712890625 0.3515625 0.021484375 0.021484375 
0 0.5185546875 0.654296875 0.021484375 0.021484375 
1 0.400390625 0.58203125 0.021484375 0.021484375 
0 0.5029296875 0.8525390625 0.0224609375 0.0224609375 
0 0.3779296875 0.1376953125 0.021484375 0.021484375 
0 0.5849609375 0.384765625 0.021484375 0.021484375 
1 0.62890625 0.240234375 0.021484375 0.021484375 
1 0.4619140625 0.1259765625 0.0224609375 0.0224609375 
0 0.6357421875 0.048828125 0.0224609375 0.0224609375 
0 0.4033203125 0.4560546875 0.021484375 0.021484375 
0 0.58984375 0.34375 0.021484375 0.021484375 
0 0.3798828125 0.224609375 0.021484375 0.021484375 
1 0.5537109375 0.2744140625 0.021484375 0.021484375 
1 0.6240234375 0.2822265625 0.021484375 0.021484375 
1 0.5 0.2548828125 0.021484375 0.021484375 
1 0.609375 0.4755859375 0.021484375 0.021484375 
0 0.5419921875 0.171875 0.0224609375 0.0224609375 
0 0.57421875 0.318359375 0.0234375 0.0234375 
0 0.33203125 0.2255859375 0.021484375 0.021484375 
0 0.4921875 0.0517578125 0.0224609375 0.0224609375 
0 0.333984375 0.3154296875 0.0224609375 0.0224609375 
1 0.5400390625 0.201171875 0.021484375 0.021484375 
0 0.4443359375 0.7685546875 0.01953125 0.01953125 
1 0.5576171875 0.3583984375 0.021484375 0.021484375 
1 0.3955078125 0.177734375 0.021484375 0.021484375 
1 0.529296875 0.5166015625 0.0224609375 0.0224609375 
0 0.431640625 0.7119140625 0.0234375 0.0234375 
0 0.56640625 0.44140625 0.021484375 0.021484375 
0 0.3046875 0.0654296875 0.021484375 0.021484375 
0 0.5595703125 0.5625 0.021484375 0.021484375 
1 0.572265625 0.552734375 0.0224609375 0.0224609375 
0 0.470703125 0.0908203125 0.0234375 0.0234375 
1 0.505859375 0.5634765625 0.021484375 0.021484375 
0 0.55859375 0.53125 0.021484375 0.021484375 
1 0.6240234375 0.263671875 0.0224609375 0.0224609375 
1 0.4296875 0.0771484375 0.021484375 0.021484375 
0 0.5078125 0.1884765625 0.0234375 0.0234375 
0 0.515625 0.4453125 0.021484375 0.021484375 
0 0.5185546875 0.376953125 0.0234375 0.0234375 
1 0.34765625 0.37109375 0.0224609375 0.0224609375 
0 0.4658203125 0.6181640625 0.0224609375 0.0224609375 
0 0.5009765625 0.712890625 0.021484375 0.021484375 
1 0.625 0.439453125 0.021484375 0.021484375 
0 0.470703125 0.4111328125 0.0234375 0.0234375 
0 0.4619140625 0.3466796875 0.0224609375 0.0224609375 
0 0.513671875 0.21484375 0.021484375 0.021484375 
1 0.546875 0.0869140625 0.0224609375 0.0224609375 
0 0.279296875 0.044921875 0.021484375 0.021484375 
0 0.671875 0.2412109375 0.021484375 0.021484375 
1 0.4013671875 0.5107421875 0.021484375 0.021484375 
1 0.3134765625 0.1630859375 0.021484375 0.021484375 
0 0.3876953125 0.4423828125 0.0234375 0.0234375 
0 0.4697265625 0.30078125 0.0224609375 0.0224609375 
0 0.419921875 0.4267578125 0.0234375 0.0234375 
0 0.5908203125 0.5634765625 0.0234375 0.0234375 
0 0.3251953125 0.11328125 0.0224609375 0.0224609375 
0 0.59765625 0.0556640625 0.0224609375 0.0224609375 
0 0.544921875 0.392578125 0.021484375 0.021484375 
0 0.435546875 0.6259765625 0.021484375 0.021484375 
0 0.6328125 0.4072265625 0.021484375 0.021484375 
0 0.427734375 0.1591796875 0.021484375 0.021484375 
1 0.578125 0.580078125 0.021484375 0.021484375 
0 0.4541015625 0.50390625 0.021484375 0.021484375 
0 0.58984375 0.1123046875 0.021484375 0.021484375 
1 0.3662109375 0.255859375 0.021484375 0.021484375 
1 0.544921875 0.736328125 0.0224609375 0.0224609375 
1 0.5693359375 0.2900390625 0.0224609375 0.0224609375 
0 0.4951171875 0.236328125 0.021484375 0.021484375 
1 0.533203125 0.6513671875 0.021484375 0.021484375 
0 0.564453125 0.7373046875 0.0234375 0.0234375 
0 0.447265625 0.814453125 0.021484375 0.021484375 
0 0.5859375 0.3623046875 0.021484375 0.021484375 
0 0.404296875 0.388671875 0.0224609375 0.0224609375 
0 0.60546875 0.1533203125 0.021484375 0.021484375 
0 0.5625 0.033203125 0.021484375 0.021484375 
0 0.3857421875 0.38671875 0.021484375 0.021484375 
0 0.326171875 0.14453125 0.021484375 0.021484375 
0 0.556640625 0.1630859375 0.021484375 0.021484375 
0 0.474609375 0.5 0.0234375 0.0234375 
0 0.5458984375 0.1865234375 0.021484375 0.021484375 
0 0.5087890625 0.6884765625 0.0224609375 0.0224609375 
1 0.5732421875 0.4208984375 0.021484375 0.021484375 
0 0.345703125 0.2578125 0.021484375 0.021484375 
1 0.3681640625 0.44921875 0.021484375 0.021484375 
1 0.5078125 0.8701171875 0.0234375 0.0234375 
0 0.412109375 0.443359375 0.0234375 0.0234375 
0 0.4482421875 0.7861328125 0.021484375 0.021484375 
1 0.5439453125 0.716796875 0.0224609375 0.0224609375 
0 0.4501953125 0.5234375 0.0224609375 0.0224609375 
1 0.41796875 0.365234375 0.0224609375 0.0224609375 
0 0.5224609375 0.1650390625 0.0234375 0.0234375 
0 0.708984375 0.0849609375 0.021484375 0.021484375 
0 0.5302734375 0.6083984375 0.0234375 0.0234375 
0 0.40625 0.1103515625 0.0234375 0.0234375 
0 0.361328125 0.41015625 0.021484375 0.021484375 
0 0.4658203125 0.5322265625 0.0234375 0.0234375 
1 0.5087890625 0.4013671875 0.021484375 0.021484375 
1 0.521484375 0.4794921875 0.021484375 0.021484375 
0 0.5498046875 0.0537109375 0.021484375 0.021484375 
0 0.4140625 0.1357421875 0.0224609375 0.0224609375 
0 0.349609375 0.076171875 0.0224609375 0.0224609375 
0 0.6787109375 0.1162109375 0.0234375 0.0234375 
1 0.5 0.2734375 0.021484375 0.021484375 
0 0.6201171875 0.322265625 0.021484375 0.021484375 
0 0.3857421875 0.3642578125 0.0234375 0.0234375 
0 0.5244140625 0.734375 0.0234375 0.0234375 
0 0.380859375 0.408203125 0.021484375 0.021484375 
1 0.4501953125 0.4541015625 0.0224609375 0.0224609375 
0 0.552734375 0.51171875 0.021484375 0.021484375 
1 0.431640625 0.037109375 0.0224609375 0.0224609375 
0 0.609375 0.376953125 0.021484375 0.021484375 
1 0.6376953125 0.208984375 0.021484375 0.021484375 
0 0.6484375 0.234375 0.021484375 0.021484375 
1 0.6552734375 0.2822265625 0.021484375 0.021484375 
0 0.5107421875 0.5322265625 0.021484375 0.021484375 
0 0.4775390625 0.6044921875 0.0234375 0.0234375 
0 0.4619140625 0.4658203125 0.0234375 0.0234375 
0 0.462890625 0.890625 0.01953125 0.01953125 
0 0.44921875 0.38671875 0.0224609375 0.0224609375 
0 0.3544921875 0.1611328125 0.0234375 0.0234375 
0 0.51171875 0.7880859375 0.021484375 0.021484375 
0 0.6513671875 0.3408203125 0.0234375 0.0234375 
0 0.5908203125 0.5234375 0.0234375 0.0234375 
0 0.6044921875 0.2783203125 0.021484375 0.021484375 
0 0.6201171875 0.1728515625 0.0234375 0.0234375 
1 0.708984375 0.0595703125 0.021484375 0.021484375 
0 0.5400390625 0.3046875 0.0224609375 0.0224609375 
0 0.283203125 0.0712890625 0.0234375 0.0234375 
0 0.423828125 0.48046875 0.0234375 0.0234375 
1 0.517578125 0.1376953125 0.021484375 0.021484375 
0 0.5869140625 0.30859375 0.021484375 0.021484375 
0 0.5361328125 0.435546875 0.0224609375 0.0224609375 
1 0.48828125 0.078125 0.021484375 0.021484375 
0 0.44140625 0.5537109375 0.021484375 0.021484375 
0 0.3505859375 0.0908203125 0.0234375 0.0234375 
0 0.5107421875 0.3310546875 0.0234375 0.0234375 
0 0.59375 0.6318359375 0.021484375 0.021484375 
0 0.54296875 0.5419921875 0.021484375 0.021484375 
0 0.314453125 0.1884765625 0.0234375 0.0234375 
0 0.640625 0.29296875 0.021484375 0.021484375 
0 0.478515625 0.3876953125 0.0234375 0.0234375 
1 0.453125 0.3037109375 0.0224609375 0.0224609375 
0 0.3935546875 0.15234375 0.021484375 0.021484375 
1 0.369140625 0.271484375 0.0224609375 0.0224609375 
0 0.4228515625 0.6650390625 0.0234375 0.0234375 
1 0.5712890625 0.2158203125 0.021484375 0.021484375 
1 0.544921875 0.2392578125 0.021484375 0.021484375 
1 0.45703125 0.2587890625 0.0224609375 0.0224609375 
