0 0.5634765625 0.392578125 0.0234375 0.0234375 
1 0.578125 0.2216796875 0.021484375 0.021484375 
0 0.47265625 0.294921875 0.021484375 0.021484375 
1 0.474609375 0.8818359375 0.0234375 0.0234375 
0 0.4658203125 0.625 0.021484375 0.021484375 
0 0.6044921875 0.3994140625 0.021484375 0.021484375 
0 0.4716796875 0.15625 0.0234375 0.0234375 
0 0.65234375 0.1103515625 0.021484375 0.021484375 
0 0.533203125 0.5322265625 0.021484375 0.021484375 
0 0.53125 0.7744140625 0.0224609375 0.0224609375 
0 0.5498046875 0.197265625 0.0234375 0.0234375 
0 0.59375 0.1005859375 0.021484375 0.021484375 
0 0.5810546875 0.3466796875 0.021484375 0.021484375 
0 0.412109375 0.458984375 0.0234375 0.0234375 
0 0.5322265625 0.052734375 0.0234375 0.0234375 
0 0.49609375 0.5556640625 0.0234375 0.0234375 
0 0.322265625 0.2587890625 0.021484375 0.021484375 
0 0.5751953125 0.20703125 0.0234375 0.0234375 
1 0.48828125 0.3564453125 0.021484375 0.021484375 
0 0.294921875 0.064453125 0.0224609375 0.0224609375 
0 0.314453125 0.224609375 0.021484375 0.021484375 
1 0.3916015625 0.2802734375 0.0224609375 0.0224609375 
0 0.4248046875 0.556640625 0.021484375 0.021484375 
0 0.4443359375 0.2861328125 0.021484375 0.021484375 
0 0.5087890625 0.2802734375 0.0234375 0.0234375 
0 0.5546875 0.3173828125 0.0234375 0.0234375 
0 0.52734375 0.6005859375 0.0234375 0.0234375 
0 0.4716796875 0.669921875 0.021484375 0.021484375 
0 0.525390625 0.84375 0.025390625 0.025390625 
0 0.5244140625 0.166015625 0.021484375 0.021484375 
0 0.63671875 0.3408203125 0.021484375 0.021484375 
0 0.4140625 0.228515625 0.021484375 0.021484375 
0 0.494140625 0.0908203125 0.021484375 0.021484375 
1 0.44140625 0.5478515625 0.021484375 0.021484375 
1 0.39453125 0.296875 0.021484375 0.021484375 
0 0.5263671875 0.2509765625 0.021484375 0.021484375 
0 0.3740234375 0.2373046875 0.021484375 0.021484375 
0 0.4072265625 0.5673828125 0.0224609375 0.0224609375 
0 0.4541015625 0.3662109375 0.0224609375 0.0224609375 
1 0.5546875 0.2890625 0.021484375 0.021484375 
0 0.517578125 0.5048828125 0.021484375 0.021484375 
0 0.486328125 0.8251953125 0.021484375 0.021484375 
0 0.390625 0.1953125 0.0234375 0.0234375 
0 0.3427734375 0.091796875 0.021484375 0.021484375 
1 0.33203125 0.197265625 0.0224609375 0.0224609375 
0 0.5791015625 0.564453125 0.0224609375 0.0224609375 
0 0.412109375 0.638671875 0.021484375 0.021484375 
0 0.4345703125 0.708984375 0.021484375 0.021484375 
0 0.4892578125 0.0634765625 0.021484375 0.021484375 
0 0.48828125 0.6884765625 0.021484375 0.021484375 
0 0.5537109375 0.517578125 0.021484375 0.021484375 
1 0.2919921875 0.0478515625 0.0224609375 0.0224609375 
0 0.3359375 0.3173828125 0.0224609375 0.0224609375 
0 0.529296875 0.6982421875 0.021484375 0.021484375 
1 0.57421875 0.37109375 0.0224609375 0.0224609375 
0 0.5048828125 0.0703125 0.021484375 0.021484375 
0 0.5576171875 0.41796875 0.021484375 0.021484375 
0 0.6474609375 0.193359375 0.021484375 0.021484375 
1 0.5185546875 0.828125 0.0234375 0.0234375 
0 0.4912109375 0.583984375 0.021484375 0.021484375 
0 0.564453125 0.3388671875 0.0224609375 0.0224609375 
1 0.607421875 0.1259765625 0.0224609375 0.0224609375 
1 0.462890625 0.416015625 0.021484375 0.021484375 
0 0.587890625 0.361328125 0.0224609375 0.0224609375 
0 0.412109375 0.24609375 0.021484375 0.021484375 
1 0.3876953125 0.044921875 0.0224609375 0.0224609375 
0 0.421875 0.154296875 0.021484375 0.021484375 
0 0.494140625 0.880859375 0.0234375 0.0234375 
0 0.5791015625 0.654296875 0.021484375 0.021484375 
0 0.3427734375 0.2890625 0.021484375 0.021484375 
0 0.52734375 0.1455078125 0.021484375 0.021484375 
0 0.5244140625 0.6396484375 0.021484375 0.021484375 
0 0.5 0.2998046875 0.0234375 0.0234375 
0 0.4638671875 0.1884765625 0.0224609375 0.0224609375 
1 0.609375 0.203125 0.021484375 0.021484375 
0 0.609375 0.2626953125 0.021484375 0.021484375 
0 0.4345703125 0.30078125 0.021484375 0.021484375 
0 0.515625 0.0927734375 0.0234375 0.0234375 
0 0.6494140625 0.36328125 0.0234375 0.0234375 
0 0.3701171875 0.3564453125 0.021484375 0.021484375 
1 0.5009765625 0.73046875 0.0224609375 0.0224609375 
0 0.404296875 0.3388671875 0.0234375 0.0234375 
0 0.4189453125 0.208984375 0.021484375 0.021484375 
0 0.4326171875 0.40234375 0.021484375 0.021484375 
0 0.5390625 0.123046875 0.021484375 0.021484375 
0 0.4580078125 0.7294921875 0.0234375 0.0234375 
0 0.515625 0.2314453125 0.021484375 0.021484375 
0 0.287109375 0.091796875 0.0234375 0.0234375 
1 0.4638671875 0.3232421875 0.0224609375 0.0224609375 
0 0.4404296875 0.3212890625 0.0224609375 0.0224609375 
1 0.59765625 0.3486328125 0.021484375 0.021484375 
0 0.5205078125 0.6220703125 0.021484375 0.021484375 
0 0.416015625 0.6748046875 0.0234375 0.0234375 
0 0.5751953125 0.31640625 0.021484375 0.021484375 
0 0.5029296875 0.052734375 0.021484375 0.021484375 
1 0.3916015625 0.3525390625 0.021484375 0.021484375 
0 0.5439453125 0.7275390625 0.021484375 0.021484375 
1 0.3935546875 0.408203125 0.0224609375 0.0224609375 
0 0.4453125 0.4794921875 0.021484375 0.021484375 
0 0.541015625 0.1640625 0.0224609375 0.0224609375 
0 0.61328125 0.0419921875 0.0234375 0.0234375 
0 0.4482421875 0.82421875 0.01953125 0.01953125 
0 0.478515625 0.12890625 0.021484375 0.021484375 
0 0.568359375 0.474609375 0.021484375 0.021484375 
0 0.6376953125 0.42578125 0.0224609375 0.0224609375 
0 0.46484375 0.0859375 0.021484375 0.021484375 
0 0.3740234375 0.1875 0.021484375 0.021484375 
0 0.578125 0.5390625 0.0224609375 0.0224609375 
0 0.5126953125 0.1123046875 0.0234375 0.0234375 
0 0.51171875 0.7578125 0.025390625 0.025390625 
0 0.48046875 0.4052734375 0.021484375 0.021484375 
0 0.6181640625 0.357421875 0.0234375 0.0234375 
0 0.4033203125 0.048828125 0.0234375 0.0234375 
0 0.4501953125 0.4638671875 0.021484375 0.021484375 
0 0.7001953125 0.0810546875 0.0234375 0.0234375 
0 0.3642578125 0.419921875 0.0234375 0.0234375 
0 0.4326171875 0.0400390625 0.0234375 0.0234375 
1 0.478515625 0.6484375 0.021484375 0.021484375 
0 0.3896484375 0.5458984375 0.0234375 0.0234375 
1 0.6767578125 0.11328125 0.021484375 0.021484375 
0 0.5908203125 0.5 0.0224609375 0.0224609375 
0 0.396484375 0.439453125 0.0224609375 0.0224609375 
1 0.435546875 0.1044921875 0.021484375 0.021484375 
0 0.4892578125 0.19140625 0.021484375 0.021484375 
1 0.509765625 0.7080078125 0.021484375 0.021484375 
1 0.4765625 0.4521484375 0.021484375 0.021484375 
0 0.482421875 0.7529296875 0.0224609375 0.0224609375 
0 0.4296875 0.353515625 0.0234375 0.0234375 
0 0.3759765625 0.1474609375 0.021484375 0.021484375 
0 0.4775390625 0.234375 0.021484375 0.021484375 
0 0.4521484375 0.201171875 0.0234375 0.0234375 
0 0.4521484375 0.576171875 0.021484375 0.021484375 
0 0.4296875 0.5048828125 0.0234375 0.0234375 
0 0.544921875 0.7568359375 0.0224609375 0.0224609375 
0 0.306640625 0.14453125 0.021484375 0.021484375 
0 0.3515625 0.19921875 0.021484375 0.021484375 
0 0.3310546875 0.15234375 0.021484375 0.021484375 
1 0.6044921875 0.2265625 0.021484375 0.021484375 
0 0.501953125 0.4453125 0.0234375 0.0234375 
0 0.4853515625 0.7900390625 0.01953125 0.01953125 
0 0.576171875 0.623046875 0.021484375 0.021484375 
1 0.4423828125 0.12890625 0.0224609375 0.0224609375 
1 0.4482421875 0.404296875 0.021484375 0.021484375 
0 0.68359375 0.0712890625 0.0234375 0.0234375 
0 0.328125 0.1337890625 0.021484375 0.021484375 
0 0.4951171875 0.6494140625 0.021484375 0.021484375 
0 0.4404296875 0.2158203125 0.021484375 0.021484375 
1 0.37890625 0.486328125 0.021484375 0.021484375 
1 0.5556640625 0.669921875 0.021484375 0.021484375 
1 0.609375 0.24609375 0.021484375 0.021484375 
1 0.5595703125 0.49609375 0.021484375 0.021484375 
0 0.541015625 0.3486328125 0.021484375 0.021484375 
0 0.650390625 0.2158203125 0.021484375 0.021484375 
0 0.39453125 0.158203125 0.021484375 0.021484375 
0 0.46484375 0.2578125 0.0234375 0.0234375 
0 0.59375 0.2978515625 0.021484375 0.021484375 
0 0.46875 0.0625 0.0234375 0.0234375 
0 0.646484375 0.091796875 0.021484375 0.021484375 
1 0.2998046875 0.1640625 0.0224609375 0.0224609375 
1 0.5078125 0.154296875 0.021484375 0.021484375 
0 0.490234375 0.0341796875 0.0224609375 0.0224609375 
0 0.58203125 0.072265625 0.0234375 0.0234375 
0 0.60546875 0.4169921875 0.021484375 0.021484375 
0 0.4560546875 0.8115234375 0.0224609375 0.0224609375 
1 0.4365234375 0.087890625 0.021484375 0.021484375 
0 0.4111328125 0.0361328125 0.0234375 0.0234375 
0 0.3896484375 0.3896484375 0.021484375 0.021484375 
0 0.5703125 0.67578125 0.021484375 0.021484375 
0 0.3681640625 0.06640625 0.0234375 0.0234375 
0 0.47265625 0.853515625 0.0224609375 0.0224609375 
0 0.5185546875 0.3173828125 0.0234375 0.0234375 
0 0.49609375 0.32421875 0.021484375 0.021484375 
