0 0.572265625 0.1943359375 0.021484375 0.021484375 
0 0.5244140625 0.3359375 0.021484375 0.021484375 
0 0.4931640625 0.4267578125 0.0234375 0.0234375 
0 0.525390625 0.5302734375 0.021484375 0.021484375 
0 0.3603515625 0.2275390625 0.021484375 0.021484375 
0 0.5263671875 0.1884765625 0.0234375 0.0234375 
0 0.5830078125 0.06640625 0.021484375 0.021484375 
0 0.43359375 0.619140625 0.0234375 0.0234375 
0 0.3681640625 0.2509765625 0.0234375 0.0234375 
0 0.5654296875 0.7626953125 0.025390625 0.025390625 
0 0.544921875 0.2822265625 0.021484375 0.021484375 
0 0.287109375 0.080078125 0.021484375 0.021484375 
0 0.39453125 0.306640625 0.021484375 0.021484375 
0 0.669921875 0.22265625 0.021484375 0.021484375 
1 0.6142578125 0.0888671875 0.021484375 0.021484375 
1 0.4375 0.7255859375 0.021484375 0.021484375 
1 0.3037109375 0.1328125 0.0224609375 0.0224609375 
0 0.51953125 0.4453125 0.0234375 0.0234375 
1 0.505859375 0.6318359375 0.021484375 0.021484375 
0 0.458984375 0.1904296875 0.0234375 0.0234375 
0 0.6142578125 0.1591796875 0.021484375 0.021484375 
0 0.2861328125 0.0302734375 0.021484375 0.021484375 
0 0.4189453125 0.3232421875 0.021484375 0.021484375 
1 0.4609375 0.23046875 0.0224609375 0.0224609375 
0 0.4873046875 0.4892578125 0.021484375 0.021484375 
0 0.5009765625 0.7822265625 0.0234375 0.0234375 
0 0.41015625 0.37890625 0.0224609375 0.0224609375 
0 0.634765625 0.193359375 0.0234375 0.0234375 
0 0.3251953125 0.2529296875 0.021484375 0.021484375 
1 0.5751953125 0.4208984375 0.021484375 0.021484375 
0 0.5 0.875 0.01953125 0.01953125 
0 0.5634765625 0.2783203125 0.021484375 0.021484375 
0 0.6533203125 0.283203125 0.021484375 0.021484375 
1 0.5732421875 0.1435546875 0.021484375 0.021484375 
0 0.5810546875 0.1162109375 0.021484375 0.021484375 
0 0.5 0.359375 0.021484375 0.021484375 
0 0.609375 0.4501953125 0.021484375 0.021484375 
0 0.7021484375 0.0693359375 0.021484375 0.021484375 
0 0.6142578125 0.3369140625 0.021484375 0.021484375 
0 0.5966796875 0.427734375 0.021484375 0.021484375 
0 0.466796875 0.2998046875 0.021484375 0.021484375 
0 0.4404296875 0.7578125 0.01953125 0.01953125 
0 0.396484375 0.21875 0.0234375 0.0234375 
1 0.3759765625 0.2197265625 0.021484375 0.021484375 
0 0.6123046875 0.177734375 0.0234375 0.0234375 
0 0.4794921875 0.6484375 0.0234375 0.0234375 
0 0.546875 0.10546875 0.0224609375 0.0224609375 
0 0.525390625 0.5771484375 0.021484375 0.021484375 
1 0.4765625 0.259765625 0.021484375 0.021484375 
1 0.4052734375 0.3544921875 0.021484375 0.021484375 
1 0.4150390625 0.1630859375 0.021484375 0.021484375 
0 0.5341796875 0.86328125 0.0224609375 0.0224609375 
0 0.5615234375 0.587890625 0.0234375 0.0234375 
0 0.5703125 0.6064453125 0.021484375 0.021484375 
0 0.30078125 0.162109375 0.021484375 0.021484375 
0 0.4365234375 0.5390625 0.0234375 0.0234375 
0 0.3525390625 0.0439453125 0.0234375 0.0234375 
0 0.4052734375 0.5341796875 0.021484375 0.021484375 
0 0.306640625 0.0703125 0.0224609375 0.0224609375 
0 0.5302734375 0.5966796875 0.0234375 0.0234375 
0 0.578125 0.3974609375 0.021484375 0.021484375 
0 0.4990234375 0.15234375 0.021484375 0.021484375 
0 0.5791015625 0.5546875 0.021484375 0.021484375 
0 0.2978515625 0.0478515625 0.021484375 0.021484375 
0 0.4423828125 0.212890625 0.0224609375 0.0224609375 
0 0.5078125 0.28515625 0.0224609375 0.0224609375 
0 0.525390625 0.109375 0.0234375 0.0234375 
0 0.453125 0.83203125 0.0224609375 0.0224609375 
0 0.4091796875 0.0390625 0.021484375 0.021484375 
0 0.4658203125 0.7021484375 0.021484375 0.021484375 
0 0.4541015625 0.3095703125 0.021484375 0.021484375 
0 0.677734375 0.185546875 0.0234375 0.0234375 
0 0.3935546875 0.2880859375 0.0234375 0.0234375 
0 0.6259765625 0.2998046875 0.021484375 0.021484375 
0 0.5400390625 0.0625 0.021484375 0.021484375 
0 0.5576171875 0.076171875 0.0234375 0.0234375 
0 0.5068359375 0.412109375 0.0234375 0.0234375 
0 0.3046875 0.091796875 0.021484375 0.021484375 
0 0.3447265625 0.2001953125 0.0224609375 0.0224609375 
0 0.4541015625 0.4765625 0.0224609375 0.0224609375 
0 0.4384765625 0.2333984375 0.021484375 0.021484375 
1 0.5244140625 0.04296875 0.0224609375 0.0224609375 
1 0.5419921875 0.1845703125 0.021484375 0.021484375 
0 0.453125 0.4990234375 0.021484375 0.021484375 
0 0.634765625 0.287109375 0.021484375 0.021484375 
0 0.5380859375 0.36328125 0.021484375 0.021484375 
1 0.322265625 0.28125 0.021484375 0.021484375 
0 0.4755859375 0.5966796875 0.021484375 0.021484375 
1 0.5791015625 0.2392578125 0.0224609375 0.0224609375 
0 0.5048828125 0.240234375 0.0234375 0.0234375 
1 0.666015625 0.076171875 0.021484375 0.021484375 
1 0.4208984375 0.658203125 0.021484375 0.021484375 
1 0.537109375 0.4130859375 0.021484375 0.021484375 
0 0.568359375 0.064453125 0.021484375 0.021484375 
1 0.392578125 0.185546875 0.021484375 0.021484375 
0 0.63671875 0.248046875 0.0234375 0.0234375 
0 0.4296875 0.390625 0.0224609375 0.0224609375 
0 0.603515625 0.1240234375 0.021484375 0.021484375 
0 0.5556640625 0.1923828125 0.021484375 0.021484375 
0 0.34765625 0.1171875 0.021484375 0.021484375 
0 0.5595703125 0.47265625 0.0234375 0.0234375 
0 0.5673828125 0.681640625 0.021484375 0.021484375 
0 0.3583984375 0.3134765625 0.0234375 0.0234375 
0 0.3642578125 0.33984375 0.021484375 0.021484375 
0 0.3955078125 0.5908203125 0.0234375 0.0234375 
1 0.4599609375 0.7861328125 0.0234375 0.0234375 
1 0.3955078125 0.2333984375 0.0224609375 0.0224609375 
0 0.5478515625 0.689453125 0.0234375 0.0234375 
0 0.3203125 0.162109375 0.021484375 0.021484375 
1 0.6640625 0.1923828125 0.0224609375 0.0224609375 
0 0.478515625 0.3388671875 0.0234375 0.0234375 
0 0.484375 0.3701171875 0.021484375 0.021484375 
1 0.47265625 0.8935546875 0.0234375 0.0234375 
1 0.3642578125 0.4560546875 0.0224609375 0.0224609375 
0 0.5859375 0.384765625 0.0234375 0.0234375 
0 0.4326171875 0.3720703125 0.021484375 0.021484375 
0 0.47265625 0.537109375 0.021484375 0.021484375 
0 0.6083984375 0.138671875 0.0234375 0.0234375 
0 0.451171875 0.7001953125 0.021484375 0.021484375 
0 0.5458984375 0.6630859375 0.021484375 0.021484375 
0 0.658203125 0.0439453125 0.021484375 0.021484375 
0 0.53515625 0.4697265625 0.0234375 0.0234375 
0 0.546875 0.16015625 0.021484375 0.021484375 
0 0.37109375 0.05078125 0.0234375 0.0234375 
0 0.462890625 0.5771484375 0.021484375 0.021484375 
1 0.517578125 0.7919921875 0.021484375 0.021484375 
0 0.486328125 0.779296875 0.0234375 0.0234375 
