1 0.51953125 0.1064453125 0.021484375 0.021484375 
0 0.55078125 0.6572265625 0.021484375 0.021484375 
0 0.3564453125 0.416015625 0.021484375 0.021484375 
1 0.51171875 0.07421875 0.0224609375 0.0224609375 
0 0.4990234375 0.4091796875 0.021484375 0.021484375 
0 0.689453125 0.076171875 0.0234375 0.0234375 
0 0.6796875 0.169921875 0.021484375 0.021484375 
1 0.4794921875 0.537109375 0.0224609375 0.0224609375 
0 0.3447265625 0.3408203125 0.0224609375 0.0224609375 
0 0.6416015625 0.162109375 0.0234375 0.0234375 
0 0.380859375 0.3056640625 0.021484375 0.021484375 
1 0.5849609375 0.50390625 0.021484375 0.021484375 
0 0.4423828125 0.7109375 0.021484375 0.021484375 
0 0.5966796875 0.083984375 0.0234375 0.0234375 
0 0.3818359375 0.38671875 0.0224609375 0.0224609375 
0 0.5419921875 0.1142578125 0.0234375 0.0234375 
0 0.453125 0.478515625 0.021484375 0.021484375 
0 0.419921875 0.314453125 0.0234375 0.0234375 
1 0.3603515625 0.4482421875 0.021484375 0.021484375 
1 0.4599609375 0.068359375 0.021484375 0.021484375 
1 0.4697265625 0.388671875 0.0224609375 0.0224609375 
0 0.4326171875 0.1396484375 0.021484375 0.021484375 
1 0.6474609375 0.078125 0.021484375 0.021484375 
1 0.4482421875 0.130859375 0.021484375 0.021484375 
0 0.4208984375 0.1962890625 0.021484375 0.021484375 
0 0.576171875 0.1748046875 0.021484375 0.021484375 
0 0.5322265625 0.5244140625 0.0224609375 0.0224609375 
0 0.5107421875 0.05859375 0.0224609375 0.0224609375 
0 0.4931640625 0.3271484375 0.021484375 0.021484375 
0 0.294921875 0.044921875 0.021484375 0.021484375 
0 0.4345703125 0.734375 0.0234375 0.0234375 
0 0.3515625 0.0537109375 0.021484375 0.021484375 
0 0.3798828125 0.1015625 0.0234375 0.0234375 
0 0.5419921875 0.869140625 0.021484375 0.021484375 
1 0.423828125 0.234375 0.021484375 0.021484375 
1 0.529296875 0.8564453125 0.0234375 0.0234375 
0 0.5283203125 0.1396484375 0.0224609375 0.0224609375 
0 0.443359375 0.6962890625 0.0224609375 0.0224609375 
1 0.5615234375 0.423828125 0.021484375 0.021484375 
0 0.4716796875 0.4521484375 0.021484375 0.021484375 
0 0.5791015625 0.0830078125 0.0234375 0.0234375 
0 0.3994140625 0.2939453125 0.0234375 0.0234375 
0 0.3916015625 0.1787109375 0.021484375 0.021484375 
0 0.5654296875 0.5146484375 0.021484375 0.021484375 
1 0.3955078125 0.19921875 0.021484375 0.021484375 
0 0.505859375 0.21875 0.0234375 0.0234375 
0 0.4013671875 0.1494140625 0.021484375 0.021484375 
0 0.5263671875 0.41796875 0.021484375 0.021484375 
0 0.373046875 0.041015625 0.021484375 0.021484375 
0 0.3203125 0.1591796875 0.0234375 0.0234375 
0 0.396484375 0.1005859375 0.021484375 0.021484375 
0 0.716796875 0.041015625 0.0234375 0.0234375 
0 0.4033203125 0.55859375 0.021484375 0.021484375 
0 0.591796875 0.201171875 0.021484375 0.021484375 
1 0.5595703125 0.60546875 0.0224609375 0.0224609375 
0 0.4228515625 0.05859375 0.0224609375 0.0224609375 
0 0.5400390625 0.83203125 0.01953125 0.01953125 
0 0.5634765625 0.0810546875 0.0234375 0.0234375 
0 0.3564453125 0.2099609375 0.021484375 0.021484375 
1 0.4677734375 0.130859375 0.0224609375 0.0224609375 
0 0.48046875 0.3193359375 0.021484375 0.021484375 
0 0.43359375 0.751953125 0.0224609375 0.0224609375 
0 0.521484375 0.306640625 0.0234375 0.0234375 
0 0.55859375 0.2080078125 0.021484375 0.021484375 
0 0.564453125 0.54296875 0.021484375 0.021484375 
1 0.6015625 0.1435546875 0.021484375 0.021484375 
0 0.416015625 0.171875 0.0234375 0.0234375 
0 0.654296875 0.275390625 0.021484375 0.021484375 
0 0.4794921875 0.76171875 0.0224609375 0.0224609375 
0 0.5693359375 0.1953125 0.021484375 0.021484375 
0 0.5048828125 0.712890625 0.021484375 0.021484375 
1 0.3447265625 0.181640625 0.021484375 0.021484375 
0 0.3935546875 0.3173828125 0.021484375 0.021484375 
0 0.423828125 0.611328125 0.0234375 0.0234375 
0 0.4189453125 0.703125 0.0234375 0.0234375 
1 0.4609375 0.623046875 0.0224609375 0.0224609375 
1 0.568359375 0.400390625 0.021484375 0.021484375 
1 0.48828125 0.8232421875 0.021484375 0.021484375 
1 0.5166015625 0.6162109375 0.021484375 0.021484375 
0 0.5009765625 0.8603515625 0.01953125 0.01953125 
0 0.6376953125 0.0927734375 0.0224609375 0.0224609375 
0 0.654296875 0.1171875 0.021484375 0.021484375 
0 0.3193359375 0.1416015625 0.0224609375 0.0224609375 
1 0.5419921875 0.6904296875 0.021484375 0.021484375 
1 0.5546875 0.2470703125 0.021484375 0.021484375 
0 0.314453125 0.19921875 0.021484375 0.021484375 
1 0.5146484375 0.328125 0.0224609375 0.0224609375 
0 0.4501953125 0.7724609375 0.01953125 0.01953125 
1 0.35546875 0.125 0.021484375 0.021484375 
0 0.5498046875 0.5234375 0.0234375 0.0234375 
0 0.408203125 0.42578125 0.021484375 0.021484375 
0 0.484375 0.734375 0.0234375 0.0234375 
1 0.4853515625 0.4619140625 0.021484375 0.021484375 
0 0.4013671875 0.2431640625 0.0224609375 0.0224609375 
0 0.4609375 0.2109375 0.021484375 0.021484375 
0 0.61328125 0.373046875 0.0224609375 0.0224609375 
0 0.3857421875 0.1416015625 0.021484375 0.021484375 
0 0.5625 0.4482421875 0.0224609375 0.0224609375 
0 0.51953125 0.8388671875 0.01953125 0.01953125 
1 0.333984375 0.0888671875 0.0224609375 0.0224609375 
1 0.5126953125 0.4423828125 0.0224609375 0.0224609375 
0 0.3681640625 0.2919921875 0.021484375 0.021484375 
0 0.6416015625 0.193359375 0.021484375 0.021484375 
0 0.5634765625 0.3544921875 0.0224609375 0.0224609375 
1 0.30078125 0.1650390625 0.021484375 0.021484375 
0 0.5986328125 0.4130859375 0.021484375 0.021484375 
0 0.4072265625 0.630859375 0.0234375 0.0234375 
0 0.693359375 0.111328125 0.021484375 0.021484375 
0 0.533203125 0.3525390625 0.0234375 0.0234375 
1 0.470703125 0.25 0.021484375 0.021484375 
0 0.4931640625 0.0849609375 0.021484375 0.021484375 
0 0.5615234375 0.048828125 0.021484375 0.021484375 
0 0.373046875 0.216796875 0.021484375 0.021484375 
0 0.634765625 0.4404296875 0.021484375 0.021484375 
0 0.4267578125 0.2861328125 0.0234375 0.0234375 
1 0.3212890625 0.267578125 0.021484375 0.021484375 
0 0.46875 0.59375 0.021484375 0.021484375 
0 0.58984375 0.4658203125 0.021484375 0.021484375 
1 0.4609375 0.869140625 0.0234375 0.0234375 
1 0.474609375 0.435546875 0.0224609375 0.0224609375 
1 0.400390625 0.1298828125 0.0224609375 0.0224609375 
0 0.5595703125 0.642578125 0.021484375 0.021484375 
0 0.6376953125 0.26953125 0.021484375 0.021484375 
1 0.474609375 0.0849609375 0.021484375 0.021484375 
0 0.32421875 0.181640625 0.021484375 0.021484375 
0 0.6982421875 0.08984375 0.021484375 0.021484375 
0 0.3857421875 0.0537109375 0.0224609375 0.0224609375 
0 0.625 0.2822265625 0.0234375 0.0234375 
0 0.3720703125 0.4072265625 0.021484375 0.021484375 
1 0.349609375 0.0947265625 0.021484375 0.021484375 
1 0.5908203125 0.216796875 0.0224609375 0.0224609375 
1 0.3896484375 0.224609375 0.021484375 0.021484375 
1 0.435546875 0.1884765625 0.021484375 0.021484375 
1 0.6318359375 0.33203125 0.0224609375 0.0224609375 
0 0.5283203125 0.380859375 0.021484375 0.021484375 
1 0.6181640625 0.0673828125 0.021484375 0.021484375 
1 0.505859375 0.79296875 0.0234375 0.0234375 
0 0.4697265625 0.494140625 0.021484375 0.021484375 
0 0.4501953125 0.052734375 0.021484375 0.021484375 
0 0.4228515625 0.26953125 0.021484375 0.021484375 
0 0.498046875 0.845703125 0.0224609375 0.0224609375 
1 0.52734375 0.6689453125 0.0224609375 0.0224609375 
0 0.4052734375 0.03515625 0.0234375 0.0234375 
1 0.6787109375 0.0869140625 0.021484375 0.021484375 
0 0.6640625 0.033203125 0.0224609375 0.0224609375 
0 0.5009765625 0.4892578125 0.021484375 0.021484375 
0 0.65625 0.20703125 0.021484375 0.021484375 
0 0.5556640625 0.783203125 0.0224609375 0.0224609375 
0 0.46875 0.3017578125 0.021484375 0.021484375 
0 0.642578125 0.0546875 0.0234375 0.0234375 
0 0.673828125 0.150390625 0.021484375 0.021484375 
1 0.419921875 0.3349609375 0.0224609375 0.0224609375 
1 0.5146484375 0.5478515625 0.0224609375 0.0224609375 
0 0.5615234375 0.69140625 0.021484375 0.021484375 
1 0.4599609375 0.400390625 0.021484375 0.021484375 
0 0.6123046875 0.23828125 0.021484375 0.021484375 
1 0.3154296875 0.2490234375 0.021484375 0.021484375 
0 0.609375 0.1298828125 0.021484375 0.021484375 
1 0.6943359375 0.1337890625 0.0224609375 0.0224609375 
0 0.353515625 0.263671875 0.021484375 0.021484375 
1 0.5458984375 0.2607421875 0.021484375 0.021484375 
0 0.490234375 0.2978515625 0.0234375 0.0234375 
0 0.626953125 0.41015625 0.0234375 0.0234375 
0 0.416015625 0.4833984375 0.0224609375 0.0224609375 
0 0.609375 0.0322265625 0.021484375 0.021484375 
1 0.6494140625 0.3193359375 0.021484375 0.021484375 
0 0.5302734375 0.650390625 0.0234375 0.0234375 
1 0.3828125 0.52734375 0.021484375 0.021484375 
1 0.4931640625 0.3427734375 0.021484375 0.021484375 
1 0.4365234375 0.087890625 0.021484375 0.021484375 
0 0.4755859375 0.4189453125 0.0234375 0.0234375 
0 0.6669921875 0.2841796875 0.0234375 0.0234375 
1 0.451171875 0.51953125 0.021484375 0.021484375 
0 0.443359375 0.658203125 0.0234375 0.0234375 
0 0.4482421875 0.25 0.0224609375 0.0224609375 
1 0.650390625 0.0419921875 0.021484375 0.021484375 
1 0.5732421875 0.2939453125 0.0224609375 0.0224609375 
0 0.498046875 0.810546875 0.0234375 0.0234375 
0 0.4755859375 0.1162109375 0.021484375 0.021484375 
0 0.2958984375 0.0947265625 0.021484375 0.021484375 
0 0.373046875 0.3466796875 0.021484375 0.021484375 
0 0.330078125 0.2236328125 0.021484375 0.021484375 
1 0.6748046875 0.2177734375 0.0224609375 0.0224609375 
1 0.5498046875 0.169921875 0.021484375 0.021484375 
0 0.5986328125 0.548828125 0.021484375 0.021484375 
0 0.439453125 0.310546875 0.021484375 0.021484375 
0 0.36328125 0.37890625 0.021484375 0.021484375 
0 0.611328125 0.087890625 0.021484375 0.021484375 
