0 0.5673828125 0.2470703125 0.0234375 0.0234375 
1 0.4365234375 0.0625 0.021484375 0.021484375 
0 0.5244140625 0.2265625 0.021484375 0.021484375 
1 0.6533203125 0.0859375 0.021484375 0.021484375 
0 0.6865234375 0.0830078125 0.021484375 0.021484375 
1 0.5400390625 0.6572265625 0.0224609375 0.0224609375 
1 0.4619140625 0.1337890625 0.021484375 0.021484375 
0 0.556640625 0.4130859375 0.021484375 0.021484375 
0 0.4560546875 0.2080078125 0.021484375 0.021484375 
0 0.5703125 0.56640625 0.021484375 0.021484375 
0 0.5390625 0.42578125 0.021484375 0.021484375 
0 0.484375 0.6884765625 0.021484375 0.021484375 
0 0.5673828125 0.2685546875 0.0234375 0.0234375 
0 0.423828125 0.142578125 0.021484375 0.021484375 
0 0.4443359375 0.80078125 0.0224609375 0.0224609375 
0 0.5556640625 0.2841796875 0.0234375 0.0234375 
1 0.3671875 0.3115234375 0.021484375 0.021484375 
0 0.4853515625 0.431640625 0.021484375 0.021484375 
0 0.662109375 0.1796875 0.0234375 0.0234375 
0 0.6728515625 0.236328125 0.021484375 0.021484375 
1 0.607421875 0.5673828125 0.0224609375 0.0224609375 
0 0.5478515625 0.34765625 0.021484375 0.021484375 
0 0.4091796875 0.37890625 0.0234375 0.0234375 
0 0.521484375 0.0458984375 0.021484375 0.021484375 
1 0.4931640625 0.6396484375 0.021484375 0.021484375 
0 0.443359375 0.0986328125 0.021484375 0.021484375 
1 0.5029296875 0.7138671875 0.021484375 0.021484375 
1 0.3564453125 0.349609375 0.021484375 0.021484375 
1 0.431640625 0.1767578125 0.021484375 0.021484375 
0 0.5966796875 0.2265625 0.0234375 0.0234375 
0 0.5302734375 0.6748046875 0.021484375 0.021484375 
0 0.60546875 0.51953125 0.0224609375 0.0224609375 
0 0.443359375 0.6875 0.021484375 0.021484375 
0 0.4306640625 0.6572265625 0.021484375 0.021484375 
0 0.61328125 0.2685546875 0.0234375 0.0234375 
0 0.4462890625 0.779296875 0.0234375 0.0234375 
0 0.5830078125 0.509765625 0.021484375 0.021484375 
0 0.6494140625 0.2919921875 0.021484375 0.021484375 
0 0.388671875 0.1162109375 0.0234375 0.0234375 
0 0.4658203125 0.048828125 0.021484375 0.021484375 
1 0.5673828125 0.384765625 0.021484375 0.021484375 
1 0.439453125 0.337890625 0.0224609375 0.0224609375 
1 0.5400390625 0.1279296875 0.021484375 0.021484375 
0 0.537109375 0.4501953125 0.021484375 0.021484375 
0 0.4521484375 0.080078125 0.0224609375 0.0224609375 
1 0.5322265625 0.603515625 0.021484375 0.021484375 
1 0.3759765625 0.5068359375 0.021484375 0.021484375 
0 0.6142578125 0.490234375 0.0234375 0.0234375 
0 0.4384765625 0.755859375 0.0224609375 0.0224609375 
0 0.5888671875 0.2568359375 0.0234375 0.0234375 
0 0.6162109375 0.1650390625 0.021484375 0.021484375 
1 0.3125 0.1923828125 0.021484375 0.021484375 
0 0.55078125 0.1748046875 0.021484375 0.021484375 
0 0.6298828125 0.32421875 0.0224609375 0.0224609375 
1 0.5078125 0.5341796875 0.0224609375 0.0224609375 
0 0.6357421875 0.1005859375 0.0234375 0.0234375 
0 0.552734375 0.2607421875 0.0234375 0.0234375 
1 0.4853515625 0.2861328125 0.021484375 0.021484375 
0 0.587890625 0.39453125 0.021484375 0.021484375 
0 0.3486328125 0.033203125 0.0224609375 0.0224609375 
0 0.5419921875 0.498046875 0.0234375 0.0234375 
0 0.66796875 0.0517578125 0.021484375 0.021484375 
1 0.5908203125 0.4248046875 0.0224609375 0.0224609375 
1 0.4619140625 0.41796875 0.0224609375 0.0224609375 
0 0.3818359375 0.3955078125 0.021484375 0.021484375 
0 0.6279296875 0.1435546875 0.021484375 0.021484375 
0 0.572265625 0.333984375 0.021484375 0.021484375 
1 0.63671875 0.1162109375 0.0224609375 0.0224609375 
0 0.3984375 0.486328125 0.0224609375 0.0224609375 
0 0.490234375 0.30859375 0.021484375 0.021484375 
0 0.4365234375 0.4033203125 0.0224609375 0.0224609375 
0 0.490234375 0.3408203125 0.0234375 0.0234375 
0 0.5029296875 0.5830078125 0.021484375 0.021484375 
0 0.5107421875 0.203125 0.0234375 0.0234375 
0 0.3876953125 0.4658203125 0.0234375 0.0234375 
0 0.3994140625 0.1337890625 0.0234375 0.0234375 
1 0.3271484375 0.228515625 0.021484375 0.021484375 
0 0.623046875 0.44921875 0.0234375 0.0234375 
1 0.681640625 0.1220703125 0.021484375 0.021484375 
0 0.3916015625 0.3427734375 0.021484375 0.021484375 
1 0.578125 0.1884765625 0.021484375 0.021484375 
0 0.4853515625 0.2177734375 0.0224609375 0.0224609375 
0 0.5595703125 0.4716796875 0.021484375 0.021484375 
1 0.49609375 0.12109375 0.0224609375 0.0224609375 
1 0.54296875 0.275390625 0.021484375 0.021484375 
0 0.447265625 0.5302734375 0.0234375 0.0234375 
0 0.4912109375 0.703125 0.021484375 0.021484375 
0 0.5947265625 0.365234375 0.0234375 0.0234375 
0 0.61328125 0.1171875 0.021484375 0.021484375 
1 0.5 0.3896484375 0.0224609375 0.0224609375 
0 0.4296875 0.0859375 0.0234375 0.0234375 
0 0.6005859375 0.078125 0.021484375 0.021484375 
1 0.4130859375 0.4814453125 0.021484375 0.021484375 
0 0.515625 0.2578125 0.021484375 0.021484375 
0 0.6396484375 0.18359375 0.0234375 0.0234375 
0 0.5087890625 0.744140625 0.0234375 0.0234375 
1 0.564453125 0.72265625 0.0224609375 0.0224609375 
0 0.482421875 0.4560546875 0.0234375 0.0234375 
1 0.345703125 0.30078125 0.021484375 0.021484375 
0 0.591796875 0.6298828125 0.0224609375 0.0224609375 
1 0.31640625 0.080078125 0.0224609375 0.0224609375 
0 0.3642578125 0.2490234375 0.0234375 0.0234375 
0 0.4677734375 0.640625 0.021484375 0.021484375 
0 0.3681640625 0.421875 0.0234375 0.0234375 
0 0.609375 0.185546875 0.021484375 0.021484375 
0 0.3154296875 0.23828125 0.021484375 0.021484375 
1 0.4375 0.263671875 0.0224609375 0.0224609375 
0 0.337890625 0.2158203125 0.021484375 0.021484375 
0 0.37890625 0.2470703125 0.021484375 0.021484375 
0 0.625 0.19140625 0.0234375 0.0234375 
0 0.6201171875 0.041015625 0.0224609375 0.0224609375 
0 0.43359375 0.427734375 0.0234375 0.0234375 
0 0.55859375 0.6259765625 0.021484375 0.021484375 
