1 0.4814453125 0.1689453125 0.021484375 0.021484375 
1 0.6474609375 0.28515625 0.021484375 0.021484375 
0 0.576171875 0.32421875 0.0234375 0.0234375 
0 0.45703125 0.86328125 0.0234375 0.0234375 
0 0.4658203125 0.5380859375 0.0234375 0.0234375 
0 0.4921875 0.7626953125 0.0224609375 0.0224609375 
0 0.611328125 0.505859375 0.0234375 0.0234375 
0 0.474609375 0.8505859375 0.025390625 0.025390625 
0 0.3837890625 0.4296875 0.021484375 0.021484375 
0 0.5322265625 0.1796875 0.021484375 0.021484375 
0 0.609375 0.1591796875 0.0234375 0.0234375 
0 0.3779296875 0.158203125 0.021484375 0.021484375 
1 0.3876953125 0.333984375 0.021484375 0.021484375 
1 0.6513671875 0.2578125 0.021484375 0.021484375 
1 0.4287109375 0.4306640625 0.021484375 0.021484375 
0 0.4912109375 0.7197265625 0.0234375 0.0234375 
1 0.447265625 0.611328125 0.0224609375 0.0224609375 
0 0.396484375 0.349609375 0.021484375 0.021484375 
1 0.365234375 0.4228515625 0.0224609375 0.0224609375 
0 0.6171875 0.240234375 0.021484375 0.021484375 
1 0.701171875 0.0478515625 0.021484375 0.021484375 
0 0.4462890625 0.22265625 0.021484375 0.021484375 
0 0.60546875 0.1337890625 0.0224609375 0.0224609375 
1 0.65234375 0.1171875 0.0224609375 0.0224609375 
0 0.43359375 0.0458984375 0.0234375 0.0234375 
0 0.560546875 0.158203125 0.021484375 0.021484375 
1 0.4091796875 0.3173828125 0.0224609375 0.0224609375 
0 0.4482421875 0.75390625 0.01953125 0.01953125 
0 0.3203125 0.158203125 0.0224609375 0.0224609375 
0 0.66796875 0.048828125 0.021484375 0.021484375 
0 0.57421875 0.0751953125 0.021484375 0.021484375 
0 0.46875 0.513671875 0.021484375 0.021484375 
1 0.671875 0.263671875 0.0224609375 0.0224609375 
0 0.2978515625 0.052734375 0.0234375 0.0234375 
0 0.6376953125 0.3515625 0.021484375 0.021484375 
0 0.57421875 0.283203125 0.021484375 0.021484375 
0 0.4931640625 0.6103515625 0.021484375 0.021484375 
0 0.5185546875 0.099609375 0.0234375 0.0234375 
0 0.6103515625 0.0517578125 0.021484375 0.021484375 
1 0.494140625 0.251953125 0.021484375 0.021484375 
0 0.5927734375 0.11328125 0.021484375 0.021484375 
0 0.544921875 0.5029296875 0.0224609375 0.0224609375 
1 0.4853515625 0.876953125 0.021484375 0.021484375 
1 0.5908203125 0.2080078125 0.021484375 0.021484375 
0 0.54296875 0.4404296875 0.021484375 0.021484375 
1 0.5966796875 0.2587890625 0.0224609375 0.0224609375 
0 0.4921875 0.3330078125 0.0234375 0.0234375 
1 0.423828125 0.4951171875 0.021484375 0.021484375 
0 0.400390625 0.115234375 0.0234375 0.0234375 
0 0.513671875 0.193359375 0.021484375 0.021484375 
1 0.4931640625 0.6767578125 0.021484375 0.021484375 
1 0.2783203125 0.0615234375 0.021484375 0.021484375 
0 0.388671875 0.1689453125 0.021484375 0.021484375 
0 0.3505859375 0.2255859375 0.021484375 0.021484375 
0 0.365234375 0.302734375 0.0234375 0.0234375 
0 0.5048828125 0.748046875 0.021484375 0.021484375 
0 0.5498046875 0.7763671875 0.0234375 0.0234375 
0 0.4375 0.251953125 0.0234375 0.0234375 
0 0.6611328125 0.306640625 0.021484375 0.021484375 
1 0.478515625 0.34375 0.021484375 0.021484375 
0 0.6806640625 0.1171875 0.021484375 0.021484375 
0 0.3994140625 0.4072265625 0.0234375 0.0234375 
0 0.58984375 0.5322265625 0.021484375 0.021484375 
0 0.345703125 0.0771484375 0.021484375 0.021484375 
1 0.4970703125 0.421875 0.021484375 0.021484375 
0 0.595703125 0.3564453125 0.021484375 0.021484375 
1 0.3720703125 0.4990234375 0.021484375 0.021484375 
0 0.572265625 0.7021484375 0.021484375 0.021484375 
0 0.541015625 0.6923828125 0.0224609375 0.0224609375 
1 0.537109375 0.8544921875 0.0234375 0.0234375 
0 0.484375 0.0732421875 0.0224609375 0.0224609375 
0 0.5224609375 0.3408203125 0.0234375 0.0234375 
0 0.486328125 0.6611328125 0.0224609375 0.0224609375 
0 0.3310546875 0.0546875 0.021484375 0.021484375 
0 0.638671875 0.1962890625 0.021484375 0.021484375 
0 0.5625 0.66796875 0.021484375 0.021484375 
1 0.4267578125 0.123046875 0.021484375 0.021484375 
0 0.5478515625 0.65234375 0.0234375 0.0234375 
1 0.361328125 0.236328125 0.021484375 0.021484375 
0 0.4736328125 0.6982421875 0.021484375 0.021484375 
0 0.462890625 0.6220703125 0.0234375 0.0234375 
0 0.5068359375 0.3310546875 0.021484375 0.021484375 
0 0.5859375 0.2939453125 0.021484375 0.021484375 
0 0.5126953125 0.2099609375 0.0234375 0.0234375 
0 0.515625 0.3125 0.021484375 0.021484375 
0 0.62890625 0.03515625 0.021484375 0.021484375 
0 0.5693359375 0.23828125 0.0224609375 0.0224609375 
0 0.5166015625 0.4794921875 0.021484375 0.021484375 
0 0.53125 0.80859375 0.0234375 0.0234375 
