1 0.3740234375 0.275390625 0.0224609375 0.0224609375 
0 0.6142578125 0.1171875 0.021484375 0.021484375 
1 0.3525390625 0.046875 0.021484375 0.021484375 
1 0.5107421875 0.857421875 0.0234375 0.0234375 
0 0.4931640625 0.845703125 0.025390625 0.025390625 
0 0.599609375 0.4736328125 0.021484375 0.021484375 
0 0.384765625 0.5078125 0.021484375 0.021484375 
1 0.611328125 0.2998046875 0.021484375 0.021484375 
1 0.5224609375 0.2431640625 0.0224609375 0.0224609375 
0 0.5048828125 0.1982421875 0.021484375 0.021484375 
0 0.5859375 0.337890625 0.0234375 0.0234375 
0 0.345703125 0.0869140625 0.021484375 0.021484375 
0 0.57421875 0.376953125 0.0234375 0.0234375 
0 0.4052734375 0.408203125 0.021484375 0.021484375 
0 0.3291015625 0.259765625 0.0234375 0.0234375 
0 0.4404296875 0.2265625 0.021484375 0.021484375 
0 0.3984375 0.04296875 0.0224609375 0.0224609375 
0 0.591796875 0.3076171875 0.021484375 0.021484375 
1 0.55078125 0.5302734375 0.021484375 0.021484375 
0 0.4990234375 0.771484375 0.01953125 0.01953125 
1 0.4560546875 0.17578125 0.021484375 0.021484375 
0 0.6005859375 0.5888671875 0.021484375 0.021484375 
0 0.486328125 0.873046875 0.0234375 0.0234375 
1 0.5732421875 0.310546875 0.021484375 0.021484375 
0 0.5166015625 0.181640625 0.021484375 0.021484375 
1 0.587890625 0.5771484375 0.021484375 0.021484375 
0 0.6005859375 0.3388671875 0.0234375 0.0234375 
0 0.46484375 0.5625 0.0234375 0.0234375 
0 0.5283203125 0.1044921875 0.0234375 0.0234375 
0 0.44140625 0.6904296875 0.021484375 0.021484375 
1 0.4248046875 0.072265625 0.021484375 0.021484375 
0 0.326171875 0.0537109375 0.0224609375 0.0224609375 
1 0.455078125 0.6171875 0.0224609375 0.0224609375 
0 0.3837890625 0.208984375 0.0234375 0.0234375 
0 0.6572265625 0.03125 0.0234375 0.0234375 
1 0.2939453125 0.1240234375 0.021484375 0.021484375 
0 0.556640625 0.3515625 0.0234375 0.0234375 
0 0.5771484375 0.2265625 0.021484375 0.021484375 
0 0.6396484375 0.0419921875 0.021484375 0.021484375 
0 0.513671875 0.587890625 0.021484375 0.021484375 
0 0.4521484375 0.3828125 0.0224609375 0.0224609375 
0 0.384765625 0.4921875 0.0234375 0.0234375 
0 0.3935546875 0.08203125 0.021484375 0.021484375 
1 0.3740234375 0.3544921875 0.021484375 0.021484375 
1 0.6484375 0.0654296875 0.021484375 0.021484375 
0 0.4150390625 0.6748046875 0.0234375 0.0234375 
0 0.57421875 0.3251953125 0.0234375 0.0234375 
0 0.3935546875 0.1298828125 0.0234375 0.0234375 
0 0.5205078125 0.0400390625 0.0234375 0.0234375 
0 0.3974609375 0.5185546875 0.0234375 0.0234375 
0 0.568359375 0.6630859375 0.021484375 0.021484375 
0 0.3466796875 0.06640625 0.021484375 0.021484375 
0 0.5205078125 0.279296875 0.0234375 0.0234375 
1 0.630859375 0.1044921875 0.021484375 0.021484375 
0 0.611328125 0.326171875 0.021484375 0.021484375 
1 0.4140625 0.353515625 0.021484375 0.021484375 
0 0.4365234375 0.521484375 0.021484375 0.021484375 
1 0.5478515625 0.6123046875 0.021484375 0.021484375 
0 0.474609375 0.287109375 0.0234375 0.0234375 
1 0.6533203125 0.3056640625 0.0224609375 0.0224609375 
0 0.4208984375 0.052734375 0.0234375 0.0234375 
0 0.42578125 0.427734375 0.021484375 0.021484375 
0 0.4248046875 0.3056640625 0.021484375 0.021484375 
0 0.4052734375 0.3046875 0.0234375 0.0234375 
0 0.484375 0.4814453125 0.021484375 0.021484375 
1 0.509765625 0.546875 0.0224609375 0.0224609375 
1 0.505859375 0.51953125 0.021484375 0.021484375 
1 0.43359375 0.2451171875 0.021484375 0.021484375 
1 0.5986328125 0.5439453125 0.021484375 0.021484375 
0 0.3603515625 0.33203125 0.021484375 0.021484375 
0 0.5556640625 0.5 0.021484375 0.021484375 
1 0.40234375 0.626953125 0.0224609375 0.0224609375 
0 0.638671875 0.166015625 0.021484375 0.021484375 
0 0.4580078125 0.7568359375 0.0224609375 0.0224609375 
0 0.48828125 0.1259765625 0.0234375 0.0234375 
0 0.6181640625 0.05859375 0.021484375 0.021484375 
0 0.4619140625 0.48828125 0.021484375 0.021484375 
1 0.6328125 0.12890625 0.021484375 0.021484375 
0 0.34375 0.1474609375 0.0234375 0.0234375 
0 0.435546875 0.5517578125 0.0224609375 0.0224609375 
0 0.541015625 0.5166015625 0.0224609375 0.0224609375 
1 0.54296875 0.8203125 0.0234375 0.0234375 
0 0.677734375 0.1982421875 0.021484375 0.021484375 
1 0.6689453125 0.1689453125 0.021484375 0.021484375 
0 0.5693359375 0.62890625 0.0234375 0.0234375 
0 0.517578125 0.162109375 0.021484375 0.021484375 
0 0.4609375 0.125 0.021484375 0.021484375 
0 0.6015625 0.4375 0.021484375 0.021484375 
1 0.5556640625 0.0908203125 0.0224609375 0.0224609375 
0 0.46484375 0.66796875 0.021484375 0.021484375 
1 0.470703125 0.646484375 0.0224609375 0.0224609375 
0 0.474609375 0.1123046875 0.0234375 0.0234375 
1 0.2802734375 0.0673828125 0.021484375 0.021484375 
0 0.5078125 0.478515625 0.021484375 0.021484375 
0 0.4306640625 0.1240234375 0.0234375 0.0234375 
1 0.56640625 0.1796875 0.021484375 0.021484375 
0 0.4375 0.267578125 0.0234375 0.0234375 
0 0.3994140625 0.373046875 0.021484375 0.021484375 
1 0.5322265625 0.0556640625 0.021484375 0.021484375 
0 0.41015625 0.2802734375 0.0234375 0.0234375 
0 0.564453125 0.552734375 0.0234375 0.0234375 
1 0.669921875 0.0908203125 0.021484375 0.021484375 
1 0.5498046875 0.2294921875 0.021484375 0.021484375 
0 0.4443359375 0.5029296875 0.021484375 0.021484375 
1 0.4716796875 0.501953125 0.021484375 0.021484375 
0 0.4208984375 0.6337890625 0.021484375 0.021484375 
0 0.5498046875 0.4267578125 0.021484375 0.021484375 
0 0.3994140625 0.4892578125 0.021484375 0.021484375 
1 0.3759765625 0.0966796875 0.021484375 0.021484375 
0 0.5234375 0.556640625 0.0234375 0.0234375 
1 0.6533203125 0.17578125 0.021484375 0.021484375 
0 0.6015625 0.5185546875 0.0234375 0.0234375 
0 0.4755859375 0.265625 0.0234375 0.0234375 
1 0.4072265625 0.3271484375 0.021484375 0.021484375 
0 0.43359375 0.2109375 0.0234375 0.0234375 
0 0.5166015625 0.494140625 0.021484375 0.021484375 
1 0.556640625 0.2890625 0.021484375 0.021484375 
1 0.4375 0.0546875 0.021484375 0.021484375 
0 0.521484375 0.6259765625 0.0234375 0.0234375 
0 0.4970703125 0.3505859375 0.0224609375 0.0224609375 
0 0.5009765625 0.4375 0.0224609375 0.0224609375 
0 0.5537109375 0.0556640625 0.021484375 0.021484375 
0 0.6220703125 0.2529296875 0.021484375 0.021484375 
0 0.35546875 0.3935546875 0.0234375 0.0234375 
0 0.4443359375 0.091796875 0.021484375 0.021484375 
0 0.5224609375 0.3662109375 0.021484375 0.021484375 
1 0.5166015625 0.4541015625 0.021484375 0.021484375 
0 0.49609375 0.611328125 0.0234375 0.0234375 
0 0.5078125 0.7138671875 0.021484375 0.021484375 
1 0.53515625 0.501953125 0.021484375 0.021484375 
0 0.4189453125 0.240234375 0.0224609375 0.0224609375 
0 0.5234375 0.7431640625 0.021484375 0.021484375 
0 0.48046875 0.24609375 0.021484375 0.021484375 
0 0.4423828125 0.2890625 0.021484375 0.021484375 
0 0.5478515625 0.31640625 0.021484375 0.021484375 
0 0.3125 0.0791015625 0.021484375 0.021484375 
0 0.5888671875 0.1123046875 0.0224609375 0.0224609375 
0 0.46484375 0.578125 0.021484375 0.021484375 
0 0.37890625 0.1650390625 0.021484375 0.021484375 
0 0.6044921875 0.1357421875 0.0234375 0.0234375 
0 0.5654296875 0.46875 0.0234375 0.0234375 
0 0.419921875 0.0322265625 0.0234375 0.0234375 
1 0.4990234375 0.1484375 0.0224609375 0.0224609375 
1 0.515625 0.794921875 0.0234375 0.0234375 
0 0.3876953125 0.416015625 0.021484375 0.021484375 
0 0.41015625 0.2060546875 0.021484375 0.021484375 
1 0.5693359375 0.130859375 0.021484375 0.021484375 
0 0.4384765625 0.15625 0.0234375 0.0234375 
1 0.5234375 0.67578125 0.021484375 0.021484375 
0 0.396484375 0.2529296875 0.0234375 0.0234375 
0 0.4130859375 0.166015625 0.021484375 0.021484375 
0 0.5830078125 0.646484375 0.0224609375 0.0224609375 
0 0.494140625 0.5771484375 0.021484375 0.021484375 
1 0.3671875 0.20703125 0.0224609375 0.0224609375 
0 0.541015625 0.150390625 0.0224609375 0.0224609375 
0 0.3720703125 0.1259765625 0.021484375 0.021484375 
1 0.5537109375 0.767578125 0.021484375 0.021484375 
0 0.4482421875 0.203125 0.0234375 0.0234375 
0 0.4228515625 0.3916015625 0.0234375 0.0234375 
0 0.5302734375 0.3330078125 0.021484375 0.021484375 
0 0.5771484375 0.40234375 0.0234375 0.0234375 
0 0.357421875 0.1123046875 0.021484375 0.021484375 
0 0.423828125 0.3251953125 0.021484375 0.021484375 
0 0.4892578125 0.2001953125 0.0234375 0.0234375 
0 0.4609375 0.6943359375 0.021484375 0.021484375 
0 0.41796875 0.5029296875 0.021484375 0.021484375 
0 0.529296875 0.3828125 0.0234375 0.0234375 
0 0.4365234375 0.6494140625 0.021484375 0.021484375 
1 0.3935546875 0.1884765625 0.021484375 0.021484375 
1 0.619140625 0.3994140625 0.021484375 0.021484375 
0 0.5126953125 0.654296875 0.021484375 0.021484375 
0 0.5390625 0.7177734375 0.021484375 0.021484375 
0 0.4599609375 0.412109375 0.0234375 0.0234375 
0 0.544921875 0.669921875 0.021484375 0.021484375 
0 0.6484375 0.1982421875 0.021484375 0.021484375 
0 0.3740234375 0.384765625 0.0234375 0.0234375 
0 0.482421875 0.0771484375 0.021484375 0.021484375 
0 0.4599609375 0.537109375 0.0234375 0.0234375 
0 0.587890625 0.384765625 0.0234375 0.0234375 
0 0.3095703125 0.10546875 0.021484375 0.021484375 
