0 0.5166015625 0.7568359375 0.01953125 0.01953125 
0 0.423828125 0.087890625 0.0234375 0.0234375 
0 0.4873046875 0.419921875 0.0224609375 0.0224609375 
0 0.521484375 0.2587890625 0.0234375 0.0234375 
0 0.5498046875 0.236328125 0.021484375 0.021484375 
0 0.4482421875 0.548828125 0.0234375 0.0234375 
1 0.6884765625 0.033203125 0.0224609375 0.0224609375 
0 0.5283203125 0.208984375 0.0224609375 0.0224609375 
1 0.3095703125 0.07421875 0.0224609375 0.0224609375 
0 0.5537109375 0.767578125 0.0224609375 0.0224609375 
0 0.548828125 0.255859375 0.0224609375 0.0224609375 
0 0.275390625 0.0498046875 0.021484375 0.021484375 
0 0.5283203125 0.45703125 0.021484375 0.021484375 
0 0.5283203125 0.8271484375 0.0224609375 0.0224609375 
0 0.283203125 0.1064453125 0.021484375 0.021484375 
0 0.515625 0.5947265625 0.0224609375 0.0224609375 
0 0.5419921875 0.5546875 0.0234375 0.0234375 
0 0.3291015625 0.1865234375 0.0234375 0.0234375 
0 0.5439453125 0.146484375 0.021484375 0.021484375 
0 0.4853515625 0.1923828125 0.0234375 0.0234375 
0 0.67578125 0.2412109375 0.021484375 0.021484375 
0 0.5537109375 0.658203125 0.0234375 0.0234375 
0 0.3154296875 0.0498046875 0.0234375 0.0234375 
0 0.541015625 0.591796875 0.021484375 0.021484375 
1 0.6083984375 0.4462890625 0.0224609375 0.0224609375 
0 0.390625 0.119140625 0.021484375 0.021484375 
0 0.474609375 0.3193359375 0.0224609375 0.0224609375 
0 0.486328125 0.8701171875 0.0224609375 0.0224609375 
0 0.3583984375 0.150390625 0.021484375 0.021484375 
0 0.65234375 0.255859375 0.0234375 0.0234375 
0 0.3740234375 0.345703125 0.0234375 0.0234375 
1 0.509765625 0.794921875 0.021484375 0.021484375 
0 0.4443359375 0.1845703125 0.021484375 0.021484375 
0 0.6279296875 0.4072265625 0.0224609375 0.0224609375 
1 0.5146484375 0.810546875 0.0234375 0.0234375 
0 0.48046875 0.72265625 0.0234375 0.0234375 
1 0.646484375 0.380859375 0.021484375 0.021484375 
0 0.4853515625 0.7587890625 0.021484375 0.021484375 
0 0.591796875 0.515625 0.021484375 0.021484375 
1 0.607421875 0.5126953125 0.021484375 0.021484375 
0 0.2705078125 0.03515625 0.021484375 0.021484375 
0 0.458984375 0.306640625 0.0234375 0.0234375 
1 0.5341796875 0.43359375 0.021484375 0.021484375 
1 0.4912109375 0.892578125 0.0234375 0.0234375 
0 0.580078125 0.4541015625 0.0234375 0.0234375 
0 0.5615234375 0.5859375 0.021484375 0.021484375 
1 0.6640625 0.03125 0.021484375 0.021484375 
1 0.357421875 0.193359375 0.021484375 0.021484375 
0 0.529296875 0.384765625 0.021484375 0.021484375 
1 0.52734375 0.8515625 0.0234375 0.0234375 
1 0.611328125 0.4775390625 0.021484375 0.021484375 
0 0.3056640625 0.1806640625 0.021484375 0.021484375 
0 0.669921875 0.087890625 0.0234375 0.0234375 
0 0.5703125 0.046875 0.021484375 0.021484375 
0 0.478515625 0.248046875 0.021484375 0.021484375 
0 0.4033203125 0.240234375 0.021484375 0.021484375 
0 0.4052734375 0.61328125 0.021484375 0.021484375 
0 0.4619140625 0.7705078125 0.0224609375 0.0224609375 
0 0.537109375 0.7685546875 0.0234375 0.0234375 
0 0.572265625 0.5498046875 0.0234375 0.0234375 
0 0.396484375 0.451171875 0.021484375 0.021484375 
1 0.515625 0.875 0.0234375 0.0234375 
0 0.46484375 0.1953125 0.021484375 0.021484375 
0 0.607421875 0.2607421875 0.021484375 0.021484375 
1 0.3310546875 0.1337890625 0.021484375 0.021484375 
1 0.435546875 0.3994140625 0.021484375 0.021484375 
1 0.4248046875 0.0712890625 0.021484375 0.021484375 
0 0.46875 0.849609375 0.01953125 0.01953125 
0 0.5205078125 0.357421875 0.021484375 0.021484375 
0 0.6044921875 0.123046875 0.021484375 0.021484375 
0 0.515625 0.091796875 0.021484375 0.021484375 
1 0.470703125 0.119140625 0.021484375 0.021484375 
1 0.439453125 0.6865234375 0.0224609375 0.0224609375 
0 0.4638671875 0.6064453125 0.0234375 0.0234375 
0 0.3779296875 0.0712890625 0.021484375 0.021484375 
1 0.470703125 0.5673828125 0.021484375 0.021484375 
0 0.5185546875 0.3251953125 0.0234375 0.0234375 
0 0.56640625 0.6181640625 0.021484375 0.021484375 
0 0.6552734375 0.1181640625 0.021484375 0.021484375 
0 0.5703125 0.28125 0.021484375 0.021484375 
0 0.3798828125 0.2216796875 0.0224609375 0.0224609375 
0 0.625 0.4287109375 0.021484375 0.021484375 
0 0.3583984375 0.4150390625 0.021484375 0.021484375 
0 0.7001953125 0.0546875 0.0234375 0.0234375 
0 0.609375 0.5498046875 0.0234375 0.0234375 
1 0.44921875 0.8134765625 0.021484375 0.021484375 
0 0.466796875 0.82421875 0.021484375 0.021484375 
0 0.408203125 0.0361328125 0.0234375 0.0234375 
1 0.5107421875 0.234375 0.021484375 0.021484375 
0 0.4111328125 0.19921875 0.0234375 0.0234375 
0 0.3974609375 0.3671875 0.0234375 0.0234375 
0 0.3251953125 0.208984375 0.0234375 0.0234375 
0 0.5537109375 0.748046875 0.021484375 0.021484375 
0 0.546875 0.03125 0.0234375 0.0234375 
0 0.60546875 0.373046875 0.0234375 0.0234375 
0 0.4697265625 0.068359375 0.0234375 0.0234375 
0 0.5908203125 0.2314453125 0.021484375 0.021484375 
0 0.5390625 0.404296875 0.021484375 0.021484375 
0 0.5224609375 0.1748046875 0.021484375 0.021484375 
0 0.517578125 0.640625 0.021484375 0.021484375 
0 0.5576171875 0.3828125 0.0234375 0.0234375 
1 0.609375 0.408203125 0.021484375 0.021484375 
0 0.36328125 0.1669921875 0.0224609375 0.0224609375 
0 0.6025390625 0.3388671875 0.021484375 0.021484375 
1 0.5634765625 0.3681640625 0.0224609375 0.0224609375 
0 0.42578125 0.6142578125 0.021484375 0.021484375 
1 0.4267578125 0.56640625 0.021484375 0.021484375 
1 0.486328125 0.3740234375 0.0224609375 0.0224609375 
0 0.58984375 0.0693359375 0.021484375 0.021484375 
0 0.375 0.2841796875 0.0224609375 0.0224609375 
0 0.4521484375 0.783203125 0.025390625 0.025390625 
0 0.431640625 0.142578125 0.021484375 0.021484375 
1 0.5703125 0.7412109375 0.021484375 0.021484375 
0 0.541015625 0.7880859375 0.021484375 0.021484375 
0 0.5625 0.0634765625 0.0224609375 0.0224609375 
0 0.490234375 0.341796875 0.0224609375 0.0224609375 
0 0.5361328125 0.5751953125 0.021484375 0.021484375 
0 0.626953125 0.2060546875 0.021484375 0.021484375 
1 0.4375 0.517578125 0.021484375 0.021484375 
0 0.46875 0.384765625 0.021484375 0.021484375 
0 0.541015625 0.275390625 0.021484375 0.021484375 
0 0.619140625 0.146484375 0.0224609375 0.0224609375 
0 0.5048828125 0.5615234375 0.0234375 0.0234375 
0 0.41796875 0.525390625 0.0234375 0.0234375 
0 0.46875 0.697265625 0.0224609375 0.0224609375 
0 0.4521484375 0.6162109375 0.021484375 0.021484375 
0 0.521484375 0.7373046875 0.021484375 0.021484375 
0 0.4140625 0.5478515625 0.021484375 0.021484375 
0 0.4072265625 0.314453125 0.021484375 0.021484375 
1 0.3232421875 0.2734375 0.021484375 0.021484375 
0 0.48828125 0.134765625 0.0234375 0.0234375 
0 0.537109375 0.333984375 0.0234375 0.0234375 
0 0.4736328125 0.5009765625 0.0234375 0.0234375 
1 0.4423828125 0.2021484375 0.021484375 0.021484375 
0 0.3896484375 0.392578125 0.0224609375 0.0224609375 
0 0.6064453125 0.533203125 0.0234375 0.0234375 
1 0.49609375 0.443359375 0.021484375 0.021484375 
0 0.3740234375 0.3076171875 0.021484375 0.021484375 
1 0.4013671875 0.279296875 0.021484375 0.021484375 
0 0.4736328125 0.2255859375 0.0234375 0.0234375 
0 0.609375 0.197265625 0.021484375 0.021484375 
0 0.455078125 0.2509765625 0.0234375 0.0234375 
0 0.51953125 0.07421875 0.0234375 0.0234375 
1 0.56640625 0.498046875 0.021484375 0.021484375 
0 0.4384765625 0.73828125 0.021484375 0.021484375 
0 0.484375 0.2685546875 0.021484375 0.021484375 
1 0.4140625 0.576171875 0.021484375 0.021484375 
0 0.49609375 0.25390625 0.0234375 0.0234375 
0 0.455078125 0.6376953125 0.021484375 0.021484375 
0 0.4208984375 0.30859375 0.0224609375 0.0224609375 
1 0.51171875 0.044921875 0.0224609375 0.0224609375 
1 0.5380859375 0.3720703125 0.021484375 0.021484375 
0 0.458984375 0.080078125 0.021484375 0.021484375 
1 0.369140625 0.4296875 0.0224609375 0.0224609375 
0 0.41015625 0.1103515625 0.0234375 0.0234375 
0 0.46875 0.16015625 0.021484375 0.021484375 
0 0.47265625 0.65625 0.021484375 0.021484375 
0 0.345703125 0.361328125 0.021484375 0.021484375 
0 0.5234375 0.6650390625 0.021484375 0.021484375 
1 0.28125 0.0888671875 0.021484375 0.021484375 
1 0.4912109375 0.095703125 0.021484375 0.021484375 
0 0.62890625 0.1728515625 0.0224609375 0.0224609375 
1 0.5400390625 0.056640625 0.0224609375 0.0224609375 
0 0.4638671875 0.7275390625 0.021484375 0.021484375 
0 0.310546875 0.142578125 0.0224609375 0.0224609375 
0 0.4521484375 0.0947265625 0.021484375 0.021484375 
0 0.5126953125 0.4794921875 0.0234375 0.0234375 
1 0.3525390625 0.0458984375 0.021484375 0.021484375 
0 0.65234375 0.046875 0.0234375 0.0234375 
0 0.5576171875 0.56640625 0.021484375 0.021484375 
0 0.59765625 0.587890625 0.021484375 0.021484375 
0 0.380859375 0.3271484375 0.021484375 0.021484375 
1 0.443359375 0.662109375 0.021484375 0.021484375 
0 0.5322265625 0.228515625 0.021484375 0.021484375 
0 0.5390625 0.5400390625 0.021484375 0.021484375 
0 0.4306640625 0.705078125 0.021484375 0.021484375 
0 0.4892578125 0.6953125 0.021484375 0.021484375 
1 0.57421875 0.2294921875 0.021484375 0.021484375 
0 0.5302734375 0.6513671875 0.021484375 0.021484375 
1 0.2880859375 0.05859375 0.021484375 0.021484375 
0 0.4296875 0.3623046875 0.021484375 0.021484375 
0 0.3603515625 0.27734375 0.021484375 0.021484375 
0 0.4609375 0.7099609375 0.0224609375 0.0224609375 
0 0.4814453125 0.4033203125 0.021484375 0.021484375 
0 0.4609375 0.400390625 0.021484375 0.021484375 
0 0.6376953125 0.14453125 0.0234375 0.0234375 
1 0.4853515625 0.634765625 0.0224609375 0.0224609375 
0 0.39453125 0.0771484375 0.0234375 0.0234375 
0 0.6630859375 0.1396484375 0.021484375 0.021484375 
0 0.6376953125 0.3125 0.021484375 0.021484375 
1 0.5634765625 0.1728515625 0.021484375 0.021484375 
0 0.4921875 0.5263671875 0.021484375 0.021484375 
0 0.431640625 0.7529296875 0.021484375 0.021484375 
