1 0.60546875 0.3154296875 0.0224609375 0.0224609375 
0 0.3359375 0.1298828125 0.0224609375 0.0224609375 
0 0.5126953125 0.4453125 0.021484375 0.021484375 
0 0.69140625 0.158203125 0.0234375 0.0234375 
0 0.5458984375 0.162109375 0.0224609375 0.0224609375 
1 0.5966796875 0.4013671875 0.021484375 0.021484375 
0 0.529296875 0.1865234375 0.0234375 0.0234375 
0 0.37890625 0.2412109375 0.0234375 0.0234375 
0 0.5849609375 0.619140625 0.0234375 0.0234375 
1 0.3798828125 0.0654296875 0.021484375 0.021484375 
0 0.3916015625 0.3056640625 0.021484375 0.021484375 
0 0.5400390625 0.3876953125 0.0224609375 0.0224609375 
0 0.46484375 0.7275390625 0.0224609375 0.0224609375 
0 0.359375 0.1025390625 0.0234375 0.0234375 
0 0.5341796875 0.8271484375 0.0224609375 0.0224609375 
0 0.5048828125 0.7421875 0.0234375 0.0234375 
0 0.3798828125 0.41796875 0.0224609375 0.0224609375 
0 0.55078125 0.51171875 0.021484375 0.021484375 
0 0.6884765625 0.1884765625 0.021484375 0.021484375 
0 0.650390625 0.0693359375 0.021484375 0.021484375 
0 0.4794921875 0.51953125 0.0234375 0.0234375 
0 0.552734375 0.4140625 0.021484375 0.021484375 
0 0.470703125 0.3134765625 0.021484375 0.021484375 
0 0.4375 0.498046875 0.0234375 0.0234375 
0 0.509765625 0.3330078125 0.021484375 0.021484375 
0 0.64453125 0.3408203125 0.021484375 0.021484375 
0 0.4921875 0.8740234375 0.025390625 0.025390625 
0 0.408203125 0.2275390625 0.021484375 0.021484375 
0 0.51171875 0.7998046875 0.021484375 0.021484375 
0 0.5576171875 0.6630859375 0.0234375 0.0234375 
1 0.48828125 0.8271484375 0.0234375 0.0234375 
0 0.443359375 0.7958984375 0.021484375 0.021484375 
0 0.3876953125 0.5244140625 0.021484375 0.021484375 
0 0.408203125 0.5986328125 0.021484375 0.021484375 
0 0.505859375 0.8330078125 0.025390625 0.025390625 
0 0.6328125 0.3251953125 0.0234375 0.0234375 
0 0.3876953125 0.455078125 0.0234375 0.0234375 
0 0.3232421875 0.2294921875 0.021484375 0.021484375 
0 0.59765625 0.4951171875 0.021484375 0.021484375 
1 0.6171875 0.23828125 0.0224609375 0.0224609375 
1 0.5068359375 0.0859375 0.021484375 0.021484375 
0 0.53125 0.646484375 0.021484375 0.021484375 
0 0.4912109375 0.455078125 0.0234375 0.0234375 
1 0.546875 0.078125 0.021484375 0.021484375 
1 0.3955078125 0.4755859375 0.0224609375 0.0224609375 
1 0.4384765625 0.7275390625 0.0224609375 0.0224609375 
0 0.4296875 0.033203125 0.021484375 0.021484375 
0 0.5400390625 0.7177734375 0.0234375 0.0234375 
0 0.607421875 0.212890625 0.021484375 0.021484375 
0 0.630859375 0.056640625 0.0234375 0.0234375 
0 0.5048828125 0.6142578125 0.021484375 0.021484375 
0 0.4775390625 0.0576171875 0.0234375 0.0234375 
1 0.5654296875 0.05859375 0.021484375 0.021484375 
1 0.4140625 0.5556640625 0.0224609375 0.0224609375 
1 0.55859375 0.6337890625 0.021484375 0.021484375 
0 0.357421875 0.3154296875 0.021484375 0.021484375 
0 0.5 0.89453125 0.021484375 0.021484375 
0 0.3779296875 0.1171875 0.0234375 0.0234375 
1 0.423828125 0.3037109375 0.021484375 0.021484375 
0 0.3427734375 0.2138671875 0.021484375 0.021484375 
0 0.47265625 0.041015625 0.0234375 0.0234375 
1 0.4453125 0.6552734375 0.021484375 0.021484375 
0 0.296875 0.0498046875 0.0234375 0.0234375 
1 0.4990234375 0.3505859375 0.0224609375 0.0224609375 
0 0.5966796875 0.4345703125 0.021484375 0.021484375 
1 0.5966796875 0.349609375 0.021484375 0.021484375 
1 0.5966796875 0.2021484375 0.021484375 0.021484375 
0 0.4765625 0.4609375 0.0234375 0.0234375 
0 0.47265625 0.337890625 0.021484375 0.021484375 
0 0.5068359375 0.5830078125 0.021484375 0.021484375 
0 0.4912109375 0.41015625 0.021484375 0.021484375 
0 0.431640625 0.17578125 0.021484375 0.021484375 
0 0.4345703125 0.21875 0.021484375 0.021484375 
0 0.5029296875 0.2099609375 0.021484375 0.021484375 
0 0.3115234375 0.1435546875 0.021484375 0.021484375 
1 0.5498046875 0.2880859375 0.021484375 0.021484375 
1 0.4404296875 0.126953125 0.0224609375 0.0224609375 
0 0.5263671875 0.2412109375 0.0234375 0.0234375 
0 0.5546875 0.61328125 0.021484375 0.021484375 
1 0.552734375 0.1337890625 0.021484375 0.021484375 
1 0.380859375 0.392578125 0.021484375 0.021484375 
0 0.34765625 0.0615234375 0.021484375 0.021484375 
0 0.6416015625 0.3046875 0.021484375 0.021484375 
0 0.326171875 0.115234375 0.0224609375 0.0224609375 
0 0.451171875 0.5546875 0.0234375 0.0234375 
0 0.61328125 0.36328125 0.021484375 0.021484375 
1 0.5947265625 0.1533203125 0.021484375 0.021484375 
1 0.470703125 0.646484375 0.0224609375 0.0224609375 
0 0.53125 0.77734375 0.025390625 0.025390625 
1 0.4482421875 0.822265625 0.021484375 0.021484375 
1 0.462890625 0.6103515625 0.0224609375 0.0224609375 
0 0.5576171875 0.2041015625 0.021484375 0.021484375 
0 0.404296875 0.4931640625 0.021484375 0.021484375 
0 0.6728515625 0.1416015625 0.021484375 0.021484375 
1 0.5859375 0.3681640625 0.021484375 0.021484375 
0 0.462890625 0.40625 0.021484375 0.021484375 
0 0.568359375 0.57421875 0.021484375 0.021484375 
1 0.35546875 0.40234375 0.0224609375 0.0224609375 
0 0.609375 0.423828125 0.0224609375 0.0224609375 
0 0.6318359375 0.44921875 0.021484375 0.021484375 
0 0.5146484375 0.4287109375 0.0234375 0.0234375 
0 0.3505859375 0.3857421875 0.0224609375 0.0224609375 
1 0.5615234375 0.4892578125 0.021484375 0.021484375 
0 0.4990234375 0.5517578125 0.0224609375 0.0224609375 
0 0.4970703125 0.1337890625 0.021484375 0.021484375 
1 0.6962890625 0.0712890625 0.0224609375 0.0224609375 
1 0.5703125 0.40625 0.0224609375 0.0224609375 
0 0.4638671875 0.5693359375 0.021484375 0.021484375 
0 0.5048828125 0.046875 0.021484375 0.021484375 
0 0.6240234375 0.3056640625 0.021484375 0.021484375 
0 0.3984375 0.09765625 0.0234375 0.0234375 
1 0.4912109375 0.53515625 0.021484375 0.021484375 
0 0.58984375 0.482421875 0.0224609375 0.0224609375 
0 0.625 0.1533203125 0.0234375 0.0234375 
0 0.3623046875 0.19140625 0.021484375 0.021484375 
0 0.623046875 0.4013671875 0.0234375 0.0234375 
0 0.4462890625 0.0888671875 0.021484375 0.021484375 
1 0.369140625 0.1435546875 0.0224609375 0.0224609375 
0 0.32421875 0.068359375 0.0224609375 0.0224609375 
0 0.474609375 0.66796875 0.021484375 0.021484375 
1 0.548828125 0.5966796875 0.021484375 0.021484375 
0 0.373046875 0.4580078125 0.021484375 0.021484375 
1 0.5888671875 0.25390625 0.021484375 0.021484375 
0 0.44921875 0.744140625 0.0234375 0.0234375 
1 0.6630859375 0.083984375 0.021484375 0.021484375 
0 0.5244140625 0.3037109375 0.0234375 0.0234375 
0 0.5595703125 0.2216796875 0.0224609375 0.0224609375 
0 0.55859375 0.359375 0.0234375 0.0234375 
1 0.6728515625 0.216796875 0.0224609375 0.0224609375 
0 0.353515625 0.29296875 0.021484375 0.021484375 
1 0.46484375 0.2978515625 0.021484375 0.021484375 
1 0.5185546875 0.6865234375 0.0224609375 0.0224609375 
0 0.513671875 0.2275390625 0.0224609375 0.0224609375 
0 0.3701171875 0.3720703125 0.0224609375 0.0224609375 
0 0.5224609375 0.53125 0.0234375 0.0234375 
0 0.556640625 0.7392578125 0.0234375 0.0234375 
0 0.5576171875 0.431640625 0.021484375 0.021484375 
0 0.4404296875 0.62109375 0.0234375 0.0234375 
1 0.650390625 0.0947265625 0.021484375 0.021484375 
