1 0.537109375 0.46875 0.021484375 0.021484375 
0 0.4716796875 0.515625 0.021484375 0.021484375 
0 0.623046875 0.1787109375 0.021484375 0.021484375 
0 0.564453125 0.5341796875 0.021484375 0.021484375 
0 0.337890625 0.09765625 0.0234375 0.0234375 
0 0.6513671875 0.09765625 0.0224609375 0.0224609375 
1 0.6015625 0.162109375 0.021484375 0.021484375 
0 0.462890625 0.2431640625 0.021484375 0.021484375 
1 0.619140625 0.078125 0.021484375 0.021484375 
1 0.62890625 0.234375 0.0224609375 0.0224609375 
0 0.43359375 0.3369140625 0.021484375 0.021484375 
0 0.505859375 0.296875 0.021484375 0.021484375 
0 0.3779296875 0.416015625 0.021484375 0.021484375 
1 0.5380859375 0.6162109375 0.0224609375 0.0224609375 
1 0.4091796875 0.287109375 0.0224609375 0.0224609375 
0 0.4892578125 0.3935546875 0.021484375 0.021484375 
0 0.474609375 0.4716796875 0.021484375 0.021484375 
0 0.4716796875 0.8388671875 0.0234375 0.0234375 
0 0.361328125 0.2900390625 0.0234375 0.0234375 
0 0.544921875 0.37890625 0.021484375 0.021484375 
0 0.5849609375 0.23046875 0.021484375 0.021484375 
0 0.4716796875 0.6640625 0.021484375 0.021484375 
1 0.578125 0.4365234375 0.021484375 0.021484375 
1 0.4697265625 0.548828125 0.021484375 0.021484375 
0 0.5 0.8740234375 0.025390625 0.025390625 
0 0.521484375 0.0888671875 0.0234375 0.0234375 
1 0.513671875 0.1201171875 0.021484375 0.021484375 
0 0.4306640625 0.1474609375 0.0234375 0.0234375 
0 0.408203125 0.525390625 0.021484375 0.021484375 
0 0.419921875 0.267578125 0.021484375 0.021484375 
0 0.51171875 0.6796875 0.021484375 0.021484375 
1 0.35546875 0.2587890625 0.0224609375 0.0224609375 
0 0.3994140625 0.4775390625 0.021484375 0.021484375 
0 0.5087890625 0.072265625 0.0234375 0.0234375 
0 0.6328125 0.2197265625 0.0234375 0.0234375 
0 0.5791015625 0.38671875 0.0234375 0.0234375 
1 0.5849609375 0.0380859375 0.0224609375 0.0224609375 
0 0.48046875 0.2568359375 0.021484375 0.021484375 
1 0.4677734375 0.6904296875 0.021484375 0.021484375 
0 0.572265625 0.4765625 0.021484375 0.021484375 
0 0.6474609375 0.2109375 0.021484375 0.021484375 
0 0.69140625 0.0693359375 0.021484375 0.021484375 
1 0.3701171875 0.13671875 0.021484375 0.021484375 
0 0.384765625 0.47265625 0.021484375 0.021484375 
0 0.5703125 0.6796875 0.0234375 0.0234375 
0 0.3408203125 0.1455078125 0.0234375 0.0234375 
0 0.5859375 0.0986328125 0.021484375 0.021484375 
1 0.40625 0.0341796875 0.021484375 0.021484375 
0 0.580078125 0.5107421875 0.021484375 0.021484375 
0 0.4326171875 0.5439453125 0.021484375 0.021484375 
1 0.3935546875 0.3212890625 0.021484375 0.021484375 
1 0.427734375 0.3818359375 0.0224609375 0.0224609375 
0 0.44921875 0.1083984375 0.0234375 0.0234375 
0 0.419921875 0.1240234375 0.0234375 0.0234375 
0 0.498046875 0.1640625 0.021484375 0.021484375 
0 0.55859375 0.6357421875 0.021484375 0.021484375 
0 0.3369140625 0.2197265625 0.0234375 0.0234375 
0 0.529296875 0.4228515625 0.021484375 0.021484375 
0 0.7080078125 0.0712890625 0.021484375 0.021484375 
0 0.4072265625 0.5810546875 0.0234375 0.0234375 
0 0.4228515625 0.1083984375 0.0234375 0.0234375 
0 0.42578125 0.0380859375 0.0234375 0.0234375 
0 0.599609375 0.3251953125 0.0234375 0.0234375 
0 0.3955078125 0.25 0.021484375 0.021484375 
1 0.33203125 0.0341796875 0.021484375 0.021484375 
0 0.544921875 0.4560546875 0.021484375 0.021484375 
0 0.470703125 0.330078125 0.021484375 0.021484375 
1 0.375 0.1962890625 0.021484375 0.021484375 
1 0.4208984375 0.5126953125 0.0224609375 0.0224609375 
0 0.6728515625 0.232421875 0.021484375 0.021484375 
0 0.4482421875 0.443359375 0.021484375 0.021484375 
0 0.654296875 0.052734375 0.0234375 0.0234375 
0 0.392578125 0.4482421875 0.0234375 0.0234375 
0 0.4130859375 0.34375 0.0234375 0.0234375 
1 0.625 0.1416015625 0.021484375 0.021484375 
0 0.3984375 0.08984375 0.0224609375 0.0224609375 
0 0.4794921875 0.7236328125 0.021484375 0.021484375 
0 0.638671875 0.2919921875 0.0234375 0.0234375 
0 0.484375 0.3388671875 0.0224609375 0.0224609375 
1 0.58203125 0.072265625 0.0224609375 0.0224609375 
0 0.6396484375 0.3115234375 0.021484375 0.021484375 
0 0.525390625 0.7802734375 0.01953125 0.01953125 
0 0.5478515625 0.20703125 0.0234375 0.0234375 
0 0.3359375 0.296875 0.0234375 0.0234375 
0 0.3818359375 0.0302734375 0.0234375 0.0234375 
0 0.568359375 0.69921875 0.0234375 0.0234375 
1 0.4814453125 0.7900390625 0.021484375 0.021484375 
0 0.2919921875 0.08203125 0.0224609375 0.0224609375 
0 0.5341796875 0.0791015625 0.021484375 0.021484375 
0 0.38671875 0.0576171875 0.021484375 0.021484375 
0 0.5458984375 0.6572265625 0.021484375 0.021484375 
1 0.478515625 0.615234375 0.021484375 0.021484375 
0 0.6396484375 0.0576171875 0.0234375 0.0234375 
0 0.5380859375 0.259765625 0.0234375 0.0234375 
0 0.5302734375 0.330078125 0.021484375 0.021484375 
1 0.5654296875 0.62109375 0.021484375 0.021484375 
0 0.5625 0.3349609375 0.0234375 0.0234375 
0 0.4755859375 0.1748046875 0.021484375 0.021484375 
0 0.6640625 0.2783203125 0.021484375 0.021484375 
0 0.490234375 0.0849609375 0.021484375 0.021484375 
0 0.5771484375 0.298828125 0.021484375 0.021484375 
1 0.615234375 0.30078125 0.021484375 0.021484375 
0 0.35546875 0.1748046875 0.0234375 0.0234375 
0 0.544921875 0.8056640625 0.025390625 0.025390625 
0 0.5615234375 0.4306640625 0.0224609375 0.0224609375 
0 0.49609375 0.1435546875 0.0224609375 0.0224609375 
0 0.3701171875 0.3662109375 0.0234375 0.0234375 
0 0.533203125 0.3984375 0.0234375 0.0234375 
0 0.5185546875 0.69921875 0.021484375 0.021484375 
1 0.59375 0.4951171875 0.021484375 0.021484375 
0 0.54296875 0.27734375 0.021484375 0.021484375 
0 0.2822265625 0.09375 0.0234375 0.0234375 
1 0.3046875 0.1025390625 0.021484375 0.021484375 
0 0.5673828125 0.728515625 0.021484375 0.021484375 
0 0.5234375 0.16796875 0.021484375 0.021484375 
1 0.5224609375 0.193359375 0.021484375 0.021484375 
0 0.4921875 0.12109375 0.021484375 0.021484375 
0 0.3544921875 0.138671875 0.021484375 0.021484375 
0 0.3857421875 0.0791015625 0.021484375 0.021484375 
1 0.5556640625 0.349609375 0.021484375 0.021484375 
0 0.5947265625 0.4453125 0.021484375 0.021484375 
1 0.666015625 0.0859375 0.0224609375 0.0224609375 
