0 0.5390625 0.5478515625 0.0234375 0.0234375 
0 0.5478515625 0.4638671875 0.0234375 0.0234375 
1 0.4423828125 0.775390625 0.0234375 0.0234375 
0 0.435546875 0.708984375 0.0234375 0.0234375 
1 0.595703125 0.5712890625 0.021484375 0.021484375 
0 0.462890625 0.8134765625 0.0224609375 0.0224609375 
0 0.5537109375 0.58203125 0.0234375 0.0234375 
0 0.328125 0.154296875 0.0224609375 0.0224609375 
0 0.544921875 0.8466796875 0.01953125 0.01953125 
0 0.548828125 0.4814453125 0.0234375 0.0234375 
0 0.470703125 0.3955078125 0.021484375 0.021484375 
0 0.359375 0.099609375 0.0234375 0.0234375 
0 0.5 0.1640625 0.021484375 0.021484375 
0 0.4326171875 0.076171875 0.0234375 0.0234375 
1 0.5126953125 0.6259765625 0.0224609375 0.0224609375 
0 0.54296875 0.3564453125 0.021484375 0.021484375 
0 0.271484375 0.0517578125 0.0234375 0.0234375 
0 0.3818359375 0.3232421875 0.0224609375 0.0224609375 
0 0.44140625 0.619140625 0.021484375 0.021484375 
0 0.34375 0.359375 0.021484375 0.021484375 
0 0.4169921875 0.25 0.0234375 0.0234375 
0 0.603515625 0.5859375 0.021484375 0.021484375 
0 0.552734375 0.0654296875 0.0234375 0.0234375 
0 0.6708984375 0.146484375 0.0224609375 0.0224609375 
0 0.5712890625 0.546875 0.0234375 0.0234375 
0 0.412109375 0.0986328125 0.0234375 0.0234375 
0 0.5390625 0.7744140625 0.0224609375 0.0224609375 
0 0.4267578125 0.53515625 0.0234375 0.0234375 
1 0.435546875 0.1416015625 0.021484375 0.021484375 
0 0.552734375 0.427734375 0.021484375 0.021484375 
0 0.4873046875 0.392578125 0.021484375 0.021484375 
1 0.55859375 0.048828125 0.0224609375 0.0224609375 
1 0.455078125 0.3447265625 0.021484375 0.021484375 
0 0.3271484375 0.052734375 0.021484375 0.021484375 
0 0.474609375 0.1796875 0.021484375 0.021484375 
0 0.623046875 0.3642578125 0.021484375 0.021484375 
1 0.5 0.4365234375 0.0224609375 0.0224609375 
0 0.556640625 0.783203125 0.0234375 0.0234375 
1 0.4375 0.5986328125 0.0224609375 0.0224609375 
1 0.40625 0.58984375 0.021484375 0.021484375 
1 0.5859375 0.04296875 0.021484375 0.021484375 
1 0.451171875 0.0859375 0.021484375 0.021484375 
0 0.578125 0.5625 0.021484375 0.021484375 
0 0.4169921875 0.3525390625 0.0234375 0.0234375 
0 0.3349609375 0.0908203125 0.0224609375 0.0224609375 
0 0.5478515625 0.74609375 0.0234375 0.0234375 
1 0.5146484375 0.0869140625 0.0224609375 0.0224609375 
0 0.447265625 0.4248046875 0.021484375 0.021484375 
0 0.5263671875 0.783203125 0.0224609375 0.0224609375 
0 0.44921875 0.5576171875 0.021484375 0.021484375 
1 0.58203125 0.173828125 0.0224609375 0.0224609375 
0 0.5966796875 0.2724609375 0.021484375 0.021484375 
1 0.345703125 0.1943359375 0.021484375 0.021484375 
1 0.5732421875 0.6650390625 0.021484375 0.021484375 
1 0.515625 0.2255859375 0.021484375 0.021484375 
0 0.4326171875 0.4775390625 0.021484375 0.021484375 
0 0.4765625 0.1591796875 0.021484375 0.021484375 
0 0.48828125 0.095703125 0.0224609375 0.0224609375 
0 0.32421875 0.1708984375 0.021484375 0.021484375 
0 0.421875 0.330078125 0.0224609375 0.0224609375 
1 0.4130859375 0.28515625 0.021484375 0.021484375 
0 0.53515625 0.0576171875 0.0234375 0.0234375 
0 0.34765625 0.173828125 0.0234375 0.0234375 
0 0.4228515625 0.45703125 0.021484375 0.021484375 
0 0.5927734375 0.1337890625 0.021484375 0.021484375 
0 0.5009765625 0.4560546875 0.0224609375 0.0224609375 
0 0.6220703125 0.2880859375 0.021484375 0.021484375 
0 0.6513671875 0.251953125 0.0234375 0.0234375 
0 0.509765625 0.2626953125 0.021484375 0.021484375 
0 0.53125 0.1162109375 0.0234375 0.0234375 
0 0.412109375 0.49609375 0.021484375 0.021484375 
0 0.6064453125 0.4052734375 0.0234375 0.0234375 
1 0.3642578125 0.0810546875 0.021484375 0.021484375 
0 0.5947265625 0.6083984375 0.021484375 0.021484375 
1 0.4912109375 0.0634765625 0.021484375 0.021484375 
0 0.609375 0.455078125 0.0224609375 0.0224609375 
1 0.568359375 0.384765625 0.021484375 0.021484375 
0 0.4541015625 0.5302734375 0.021484375 0.021484375 
0 0.439453125 0.2314453125 0.021484375 0.021484375 
0 0.5673828125 0.7548828125 0.0224609375 0.0224609375 
0 0.5107421875 0.8662109375 0.025390625 0.025390625 
0 0.5244140625 0.8876953125 0.0224609375 0.0224609375 
0 0.6083984375 0.333984375 0.0224609375 0.0224609375 
0 0.5771484375 0.359375 0.021484375 0.021484375 
0 0.4814453125 0.5654296875 0.021484375 0.021484375 
0 0.5498046875 0.2744140625 0.021484375 0.021484375 
0 0.5263671875 0.4228515625 0.0234375 0.0234375 
1 0.4228515625 0.71875 0.0224609375 0.0224609375 
0 0.5322265625 0.82421875 0.01953125 0.01953125 
0 0.453125 0.384765625 0.021484375 0.021484375 
0 0.5 0.6806640625 0.0234375 0.0234375 
0 0.4013671875 0.388671875 0.021484375 0.021484375 
0 0.388671875 0.4951171875 0.021484375 0.021484375 
0 0.5751953125 0.2998046875 0.0234375 0.0234375 
0 0.654296875 0.1904296875 0.0234375 0.0234375 
0 0.6259765625 0.14453125 0.021484375 0.021484375 
0 0.6396484375 0.3525390625 0.021484375 0.021484375 
0 0.6220703125 0.267578125 0.021484375 0.021484375 
0 0.4814453125 0.21484375 0.0234375 0.0234375 
0 0.3955078125 0.416015625 0.0224609375 0.0224609375 
0 0.4765625 0.451171875 0.021484375 0.021484375 
1 0.4375 0.66015625 0.021484375 0.021484375 
0 0.65625 0.224609375 0.0234375 0.0234375 
