0 0.4501953125 0.376953125 0.0224609375 0.0224609375 
0 0.5205078125 0.7822265625 0.01953125 0.01953125 
0 0.654296875 0.091796875 0.021484375 0.021484375 
0 0.4794921875 0.466796875 0.021484375 0.021484375 
0 0.275390625 0.044921875 0.0234375 0.0234375 
0 0.462890625 0.1416015625 0.021484375 0.021484375 
1 0.3564453125 0.0546875 0.021484375 0.021484375 
0 0.578125 0.6826171875 0.0234375 0.0234375 
1 0.4541015625 0.0849609375 0.021484375 0.021484375 
0 0.5419921875 0.15625 0.021484375 0.021484375 
0 0.4189453125 0.578125 0.021484375 0.021484375 
0 0.4697265625 0.1875 0.021484375 0.021484375 
1 0.4111328125 0.37109375 0.021484375 0.021484375 
0 0.2900390625 0.07421875 0.021484375 0.021484375 
0 0.544921875 0.6748046875 0.021484375 0.021484375 
0 0.501953125 0.7333984375 0.0234375 0.0234375 
0 0.6015625 0.5302734375 0.021484375 0.021484375 
0 0.59765625 0.40234375 0.0234375 0.0234375 
0 0.4443359375 0.6328125 0.021484375 0.021484375 
1 0.4560546875 0.3330078125 0.0224609375 0.0224609375 
0 0.5263671875 0.099609375 0.021484375 0.021484375 
0 0.50390625 0.62109375 0.021484375 0.021484375 
0 0.427734375 0.21875 0.021484375 0.021484375 
0 0.5634765625 0.1484375 0.0234375 0.0234375 
0 0.578125 0.09765625 0.0234375 0.0234375 
1 0.6923828125 0.072265625 0.0224609375 0.0224609375 
0 0.419921875 0.3544921875 0.0234375 0.0234375 
0 0.6123046875 0.2392578125 0.021484375 0.021484375 
1 0.3896484375 0.0576171875 0.021484375 0.021484375 
1 0.4658203125 0.8857421875 0.0234375 0.0234375 
0 0.34765625 0.380859375 0.021484375 0.021484375 
0 0.5703125 0.080078125 0.021484375 0.021484375 
0 0.5546875 0.5966796875 0.021484375 0.021484375 
1 0.4970703125 0.2373046875 0.021484375 0.021484375 
0 0.3447265625 0.212890625 0.0234375 0.0234375 
1 0.373046875 0.1376953125 0.021484375 0.021484375 
0 0.5068359375 0.537109375 0.021484375 0.021484375 
0 0.453125 0.125 0.021484375 0.021484375 
0 0.603515625 0.5546875 0.0234375 0.0234375 
0 0.6435546875 0.17578125 0.0224609375 0.0224609375 
0 0.6171875 0.205078125 0.021484375 0.021484375 
0 0.6494140625 0.330078125 0.0234375 0.0234375 
0 0.515625 0.6591796875 0.0224609375 0.0224609375 
0 0.5205078125 0.7080078125 0.021484375 0.021484375 
1 0.515625 0.265625 0.021484375 0.021484375 
0 0.5888671875 0.560546875 0.0234375 0.0234375 
0 0.6083984375 0.49609375 0.0234375 0.0234375 
0 0.4853515625 0.5703125 0.0234375 0.0234375 
1 0.4873046875 0.111328125 0.021484375 0.021484375 
0 0.439453125 0.482421875 0.021484375 0.021484375 
1 0.3720703125 0.369140625 0.0224609375 0.0224609375 
0 0.546875 0.3994140625 0.0224609375 0.0224609375 
1 0.318359375 0.1005859375 0.021484375 0.021484375 
0 0.4599609375 0.716796875 0.021484375 0.021484375 
1 0.4716796875 0.296875 0.021484375 0.021484375 
0 0.607421875 0.35546875 0.021484375 0.021484375 
0 0.578125 0.587890625 0.0234375 0.0234375 
0 0.4736328125 0.8212890625 0.01953125 0.01953125 
0 0.4169921875 0.15234375 0.021484375 0.021484375 
1 0.3310546875 0.20703125 0.0224609375 0.0224609375 
0 0.3359375 0.0869140625 0.021484375 0.021484375 
0 0.529296875 0.4482421875 0.021484375 0.021484375 
0 0.552734375 0.724609375 0.0234375 0.0234375 
0 0.521484375 0.6904296875 0.0234375 0.0234375 
1 0.640625 0.2412109375 0.021484375 0.021484375 
0 0.3681640625 0.1708984375 0.0224609375 0.0224609375 
0 0.51953125 0.28515625 0.021484375 0.021484375 
0 0.412109375 0.25 0.0234375 0.0234375 
0 0.57421875 0.546875 0.0234375 0.0234375 
0 0.6044921875 0.4189453125 0.0234375 0.0234375 
0 0.482421875 0.5966796875 0.0224609375 0.0224609375 
0 0.44140625 0.3017578125 0.0234375 0.0234375 
0 0.623046875 0.291015625 0.021484375 0.021484375 
0 0.3408203125 0.2822265625 0.021484375 0.021484375 
0 0.4072265625 0.4599609375 0.0234375 0.0234375 
0 0.568359375 0.41796875 0.0234375 0.0234375 
0 0.626953125 0.2265625 0.021484375 0.021484375 
1 0.505859375 0.4521484375 0.021484375 0.021484375 
0 0.6748046875 0.166015625 0.0234375 0.0234375 
0 0.302734375 0.189453125 0.021484375 0.021484375 
0 0.5419921875 0.33203125 0.021484375 0.021484375 
0 0.46484375 0.427734375 0.0224609375 0.0224609375 
1 0.427734375 0.279296875 0.021484375 0.021484375 
0 0.359375 0.158203125 0.0234375 0.0234375 
0 0.6171875 0.1025390625 0.021484375 0.021484375 
0 0.33984375 0.3154296875 0.0234375 0.0234375 
0 0.4462890625 0.3173828125 0.0234375 0.0234375 
1 0.4853515625 0.7041015625 0.021484375 0.021484375 
0 0.5517578125 0.494140625 0.021484375 0.021484375 
0 0.45703125 0.1669921875 0.021484375 0.021484375 
1 0.6083984375 0.2744140625 0.021484375 0.021484375 
0 0.62109375 0.462890625 0.0234375 0.0234375 
0 0.5244140625 0.7255859375 0.021484375 0.021484375 
0 0.3388671875 0.126953125 0.021484375 0.021484375 
0 0.599609375 0.296875 0.0234375 0.0234375 
1 0.337890625 0.0537109375 0.0224609375 0.0224609375 
0 0.53515625 0.224609375 0.0234375 0.0234375 
0 0.564453125 0.2900390625 0.0234375 0.0234375 
0 0.4072265625 0.3095703125 0.021484375 0.021484375 
0 0.376953125 0.3193359375 0.021484375 0.021484375 
0 0.5908203125 0.146484375 0.021484375 0.021484375 
1 0.466796875 0.75 0.021484375 0.021484375 
1 0.5283203125 0.8349609375 0.0234375 0.0234375 
1 0.2890625 0.033203125 0.0224609375 0.0224609375 
1 0.6318359375 0.36328125 0.021484375 0.021484375 
1 0.541015625 0.869140625 0.021484375 0.021484375 
1 0.36328125 0.08984375 0.021484375 0.021484375 
0 0.412109375 0.5361328125 0.021484375 0.021484375 
0 0.298828125 0.12890625 0.021484375 0.021484375 
0 0.6923828125 0.0439453125 0.021484375 0.021484375 
0 0.658203125 0.119140625 0.0234375 0.0234375 
0 0.474609375 0.3642578125 0.021484375 0.021484375 
0 0.48828125 0.1337890625 0.021484375 0.021484375 
0 0.537109375 0.048828125 0.021484375 0.021484375 
0 0.5078125 0.5048828125 0.0234375 0.0234375 
0 0.6259765625 0.185546875 0.021484375 0.021484375 
0 0.533203125 0.2080078125 0.0234375 0.0234375 
1 0.388671875 0.3291015625 0.021484375 0.021484375 
0 0.4794921875 0.0419921875 0.0234375 0.0234375 
0 0.3740234375 0.4638671875 0.021484375 0.021484375 
0 0.697265625 0.0927734375 0.0234375 0.0234375 
0 0.55078125 0.2666015625 0.021484375 0.021484375 
0 0.509765625 0.0693359375 0.0224609375 0.0224609375 
1 0.37109375 0.123046875 0.021484375 0.021484375 
1 0.6845703125 0.1962890625 0.021484375 0.021484375 
0 0.375 0.25390625 0.021484375 0.021484375 
0 0.349609375 0.3369140625 0.0224609375 0.0224609375 
0 0.5537109375 0.03125 0.021484375 0.021484375 
0 0.349609375 0.232421875 0.0224609375 0.0224609375 
1 0.384765625 0.509765625 0.021484375 0.021484375 
0 0.578125 0.2587890625 0.0224609375 0.0224609375 
0 0.5302734375 0.388671875 0.0224609375 0.0224609375 
0 0.3525390625 0.1005859375 0.0234375 0.0234375 
0 0.50390625 0.2783203125 0.0234375 0.0234375 
0 0.439453125 0.7216796875 0.0234375 0.0234375 
0 0.3193359375 0.12890625 0.021484375 0.021484375 
0 0.5322265625 0.474609375 0.021484375 0.021484375 
0 0.611328125 0.0498046875 0.0234375 0.0234375 
0 0.38671875 0.3525390625 0.021484375 0.021484375 
0 0.5771484375 0.2158203125 0.0234375 0.0234375 
0 0.458984375 0.5126953125 0.021484375 0.021484375 
1 0.6845703125 0.126953125 0.0224609375 0.0224609375 
0 0.482421875 0.2509765625 0.0234375 0.0234375 
0 0.5263671875 0.4912109375 0.021484375 0.021484375 
0 0.4912109375 0.4248046875 0.0234375 0.0234375 
0 0.4697265625 0.5888671875 0.0224609375 0.0224609375 
0 0.3935546875 0.4375 0.0224609375 0.0224609375 
0 0.4140625 0.5048828125 0.0234375 0.0234375 
1 0.5615234375 0.0927734375 0.0224609375 0.0224609375 
0 0.64453125 0.150390625 0.021484375 0.021484375 
0 0.4072265625 0.0751953125 0.021484375 0.021484375 
0 0.4619140625 0.537109375 0.021484375 0.021484375 
1 0.623046875 0.431640625 0.021484375 0.021484375 
0 0.3740234375 0.1025390625 0.021484375 0.021484375 
0 0.4990234375 0.1630859375 0.021484375 0.021484375 
0 0.4033203125 0.2744140625 0.0234375 0.0234375 
0 0.40625 0.484375 0.021484375 0.021484375 
0 0.447265625 0.2822265625 0.0234375 0.0234375 
0 0.4072265625 0.3251953125 0.0234375 0.0234375 
1 0.4912109375 0.810546875 0.0234375 0.0234375 
0 0.310546875 0.15625 0.021484375 0.021484375 
1 0.4912109375 0.8740234375 0.021484375 0.021484375 
0 0.4345703125 0.1611328125 0.021484375 0.021484375 
0 0.609375 0.392578125 0.021484375 0.021484375 
0 0.361328125 0.2939453125 0.0234375 0.0234375 
1 0.4482421875 0.5693359375 0.0224609375 0.0224609375 
0 0.3935546875 0.2529296875 0.021484375 0.021484375 
0 0.4892578125 0.8369140625 0.01953125 0.01953125 
0 0.3916015625 0.4560546875 0.021484375 0.021484375 
