0 0.640625 0.0703125 0.021484375 0.021484375 
0 0.478515625 0.720703125 0.021484375 0.021484375 
0 0.5380859375 0.4130859375 0.021484375 0.021484375 
0 0.328125 0.0703125 0.021484375 0.021484375 
0 0.5771484375 0.55078125 0.021484375 0.021484375 
1 0.4833984375 0.7587890625 0.0234375 0.0234375 
0 0.599609375 0.484375 0.021484375 0.021484375 
0 0.462890625 0.62109375 0.0224609375 0.0224609375 
1 0.5439453125 0.154296875 0.0224609375 0.0224609375 
0 0.625 0.2119140625 0.0234375 0.0234375 
0 0.5126953125 0.8486328125 0.021484375 0.021484375 
0 0.5234375 0.5390625 0.021484375 0.021484375 
1 0.6728515625 0.0390625 0.021484375 0.021484375 
0 0.486328125 0.7744140625 0.025390625 0.025390625 
1 0.2958984375 0.1455078125 0.021484375 0.021484375 
0 0.4609375 0.0986328125 0.0234375 0.0234375 
1 0.4345703125 0.5712890625 0.021484375 0.021484375 
0 0.404296875 0.6181640625 0.021484375 0.021484375 
1 0.5634765625 0.142578125 0.021484375 0.021484375 
0 0.4599609375 0.3955078125 0.0234375 0.0234375 
0 0.5869140625 0.2333984375 0.021484375 0.021484375 
0 0.3564453125 0.2041015625 0.021484375 0.021484375 
1 0.5009765625 0.404296875 0.021484375 0.021484375 
0 0.6142578125 0.1279296875 0.0234375 0.0234375 
0 0.5419921875 0.12109375 0.021484375 0.021484375 
0 0.3486328125 0.2177734375 0.021484375 0.021484375 
0 0.61328125 0.5283203125 0.021484375 0.021484375 
1 0.6708984375 0.205078125 0.021484375 0.021484375 
0 0.5107421875 0.333984375 0.0234375 0.0234375 
1 0.6005859375 0.5576171875 0.021484375 0.021484375 
0 0.4287109375 0.1015625 0.021484375 0.021484375 
1 0.5224609375 0.478515625 0.0224609375 0.0224609375 
1 0.37109375 0.05078125 0.0224609375 0.0224609375 
0 0.4189453125 0.4716796875 0.021484375 0.021484375 
0 0.529296875 0.6611328125 0.0234375 0.0234375 
0 0.40234375 0.4755859375 0.0234375 0.0234375 
0 0.392578125 0.2685546875 0.021484375 0.021484375 
1 0.5712890625 0.197265625 0.0224609375 0.0224609375 
0 0.4345703125 0.2978515625 0.021484375 0.021484375 
0 0.357421875 0.041015625 0.021484375 0.021484375 
1 0.580078125 0.169921875 0.021484375 0.021484375 
1 0.541015625 0.23828125 0.021484375 0.021484375 
0 0.369140625 0.2998046875 0.021484375 0.021484375 
0 0.3837890625 0.3828125 0.0234375 0.0234375 
0 0.3271484375 0.087890625 0.0234375 0.0234375 
1 0.5146484375 0.6572265625 0.021484375 0.021484375 
1 0.583984375 0.05078125 0.0224609375 0.0224609375 
0 0.48046875 0.693359375 0.021484375 0.021484375 
0 0.548828125 0.8369140625 0.025390625 0.025390625 
0 0.4619140625 0.046875 0.0234375 0.0234375 
0 0.5537109375 0.5927734375 0.021484375 0.021484375 
0 0.3896484375 0.044921875 0.0234375 0.0234375 
0 0.5654296875 0.4765625 0.021484375 0.021484375 
1 0.486328125 0.046875 0.0224609375 0.0224609375 
1 0.4560546875 0.0615234375 0.021484375 0.021484375 
0 0.435546875 0.54296875 0.021484375 0.021484375 
0 0.66015625 0.1259765625 0.021484375 0.021484375 
1 0.595703125 0.50390625 0.021484375 0.021484375 
0 0.46875 0.6650390625 0.0224609375 0.0224609375 
0 0.541015625 0.6884765625 0.021484375 0.021484375 
0 0.5244140625 0.287109375 0.021484375 0.021484375 
0 0.3984375 0.1435546875 0.0234375 0.0234375 
0 0.41015625 0.2509765625 0.021484375 0.021484375 
0 0.4921875 0.4267578125 0.0224609375 0.0224609375 
0 0.47265625 0.2578125 0.0234375 0.0234375 
0 0.4892578125 0.205078125 0.0234375 0.0234375 
0 0.5546875 0.076171875 0.021484375 0.021484375 
0 0.353515625 0.2373046875 0.0234375 0.0234375 
0 0.390625 0.23828125 0.021484375 0.021484375 
0 0.48046875 0.3857421875 0.0224609375 0.0224609375 
0 0.5400390625 0.3486328125 0.0224609375 0.0224609375 
0 0.5322265625 0.7666015625 0.021484375 0.021484375 
0 0.53515625 0.2724609375 0.021484375 0.021484375 
0 0.38671875 0.4150390625 0.021484375 0.021484375 
0 0.51171875 0.46484375 0.0234375 0.0234375 
0 0.529296875 0.0810546875 0.021484375 0.021484375 
0 0.275390625 0.0400390625 0.021484375 0.021484375 
0 0.5322265625 0.03125 0.0234375 0.0234375 
0 0.326171875 0.1591796875 0.0234375 0.0234375 
0 0.3623046875 0.267578125 0.0234375 0.0234375 
1 0.4501953125 0.73828125 0.021484375 0.021484375 
0 0.58203125 0.2900390625 0.021484375 0.021484375 
1 0.4755859375 0.8115234375 0.021484375 0.021484375 
1 0.4033203125 0.51953125 0.0224609375 0.0224609375 
0 0.5810546875 0.384765625 0.0234375 0.0234375 
0 0.6328125 0.1083984375 0.0234375 0.0234375 
0 0.4013671875 0.078125 0.0234375 0.0234375 
0 0.4619140625 0.76953125 0.01953125 0.01953125 
0 0.4169921875 0.658203125 0.0234375 0.0234375 
0 0.380859375 0.2060546875 0.0234375 0.0234375 
0 0.54296875 0.369140625 0.0234375 0.0234375 
0 0.44140625 0.5576171875 0.0234375 0.0234375 
0 0.51171875 0.3681640625 0.021484375 0.021484375 
0 0.54296875 0.302734375 0.021484375 0.021484375 
1 0.623046875 0.0751953125 0.021484375 0.021484375 
0 0.50390625 0.1923828125 0.0234375 0.0234375 
1 0.5791015625 0.3115234375 0.021484375 0.021484375 
0 0.5849609375 0.2646484375 0.021484375 0.021484375 
1 0.572265625 0.7080078125 0.0224609375 0.0224609375 
1 0.3505859375 0.099609375 0.0224609375 0.0224609375 
0 0.521484375 0.873046875 0.01953125 0.01953125 
0 0.6328125 0.142578125 0.0234375 0.0234375 
0 0.5673828125 0.6259765625 0.021484375 0.021484375 
0 0.5390625 0.525390625 0.0234375 0.0234375 
0 0.5166015625 0.3154296875 0.0234375 0.0234375 
0 0.5439453125 0.6103515625 0.021484375 0.021484375 
0 0.5810546875 0.6669921875 0.021484375 0.021484375 
0 0.55078125 0.80859375 0.021484375 0.021484375 
0 0.4521484375 0.6328125 0.021484375 0.021484375 
0 0.4052734375 0.3818359375 0.021484375 0.021484375 
0 0.4970703125 0.7978515625 0.01953125 0.01953125 
0 0.384765625 0.1083984375 0.021484375 0.021484375 
1 0.3662109375 0.1455078125 0.0224609375 0.0224609375 
1 0.3232421875 0.248046875 0.021484375 0.021484375 
0 0.462890625 0.1611328125 0.021484375 0.021484375 
1 0.6123046875 0.091796875 0.0224609375 0.0224609375 
0 0.4287109375 0.5888671875 0.0234375 0.0234375 
0 0.484375 0.8740234375 0.025390625 0.025390625 
1 0.5234375 0.1123046875 0.021484375 0.021484375 
0 0.5712890625 0.099609375 0.021484375 0.021484375 
0 0.6689453125 0.1416015625 0.021484375 0.021484375 
0 0.5947265625 0.51953125 0.0224609375 0.0224609375 
0 0.2861328125 0.087890625 0.021484375 0.021484375 
1 0.576171875 0.498046875 0.021484375 0.021484375 
0 0.466796875 0.794921875 0.025390625 0.025390625 
1 0.5478515625 0.775390625 0.0234375 0.0234375 
0 0.3642578125 0.1298828125 0.021484375 0.021484375 
0 0.4970703125 0.1240234375 0.021484375 0.021484375 
0 0.390625 0.5087890625 0.0234375 0.0234375 
1 0.4443359375 0.373046875 0.0224609375 0.0224609375 
0 0.4775390625 0.421875 0.021484375 0.021484375 
1 0.3740234375 0.0771484375 0.021484375 0.021484375 
1 0.4443359375 0.2861328125 0.0224609375 0.0224609375 
0 0.6103515625 0.0341796875 0.0224609375 0.0224609375 
0 0.5009765625 0.6962890625 0.0234375 0.0234375 
1 0.4560546875 0.189453125 0.0224609375 0.0224609375 
1 0.5537109375 0.330078125 0.021484375 0.021484375 
1 0.6416015625 0.15625 0.021484375 0.021484375 
0 0.6982421875 0.048828125 0.021484375 0.021484375 
0 0.7060546875 0.0751953125 0.021484375 0.021484375 
0 0.4541015625 0.8369140625 0.0224609375 0.0224609375 
0 0.625 0.4482421875 0.021484375 0.021484375 
0 0.443359375 0.3896484375 0.0234375 0.0234375 
0 0.4150390625 0.1455078125 0.021484375 0.021484375 
0 0.56640625 0.3935546875 0.0234375 0.0234375 
0 0.4970703125 0.4775390625 0.0234375 0.0234375 
0 0.4365234375 0.08203125 0.0234375 0.0234375 
0 0.5244140625 0.703125 0.0234375 0.0234375 
1 0.3876953125 0.337890625 0.0224609375 0.0224609375 
0 0.4638671875 0.482421875 0.0224609375 0.0224609375 
0 0.330078125 0.2646484375 0.0234375 0.0234375 
0 0.50390625 0.068359375 0.0234375 0.0234375 
0 0.453125 0.3310546875 0.021484375 0.021484375 
0 0.4306640625 0.7138671875 0.0234375 0.0234375 
0 0.6591796875 0.29296875 0.021484375 0.021484375 
0 0.423828125 0.3544921875 0.0234375 0.0234375 
0 0.4716796875 0.1171875 0.0234375 0.0234375 
0 0.6015625 0.07421875 0.0234375 0.0234375 
0 0.501953125 0.611328125 0.021484375 0.021484375 
0 0.388671875 0.5361328125 0.021484375 0.021484375 
0 0.6201171875 0.166015625 0.021484375 0.021484375 
