0 0.5869140625 0.0380859375 0.021484375 0.021484375 
0 0.58984375 0.525390625 0.021484375 0.021484375 
0 0.3349609375 0.0791015625 0.021484375 0.021484375 
1 0.4150390625 0.4697265625 0.0224609375 0.0224609375 
0 0.4912109375 0.427734375 0.021484375 0.021484375 
1 0.4541015625 0.0693359375 0.021484375 0.021484375 
1 0.435546875 0.220703125 0.021484375 0.021484375 
0 0.5517578125 0.1708984375 0.0234375 0.0234375 
0 0.357421875 0.2587890625 0.0224609375 0.0224609375 
0 0.3603515625 0.3916015625 0.021484375 0.021484375 
1 0.5634765625 0.4765625 0.021484375 0.021484375 
1 0.6279296875 0.3818359375 0.0224609375 0.0224609375 
0 0.640625 0.3525390625 0.0234375 0.0234375 
0 0.5478515625 0.40625 0.0234375 0.0234375 
0 0.5283203125 0.064453125 0.0234375 0.0234375 
0 0.47265625 0.865234375 0.01953125 0.01953125 
0 0.5703125 0.353515625 0.021484375 0.021484375 
1 0.5703125 0.4619140625 0.021484375 0.021484375 
0 0.5068359375 0.2744140625 0.021484375 0.021484375 
1 0.55078125 0.318359375 0.021484375 0.021484375 
0 0.4931640625 0.576171875 0.021484375 0.021484375 
0 0.33984375 0.208984375 0.0234375 0.0234375 
0 0.4541015625 0.3330078125 0.0234375 0.0234375 
0 0.5947265625 0.2998046875 0.0234375 0.0234375 
0 0.47265625 0.58203125 0.0234375 0.0234375 
0 0.4033203125 0.3701171875 0.021484375 0.021484375 
0 0.3330078125 0.09765625 0.021484375 0.021484375 
0 0.6728515625 0.259765625 0.021484375 0.021484375 
1 0.4921875 0.1171875 0.0224609375 0.0224609375 
0 0.6123046875 0.435546875 0.0234375 0.0234375 
0 0.591796875 0.212890625 0.0234375 0.0234375 
0 0.5224609375 0.73828125 0.021484375 0.021484375 
0 0.6376953125 0.111328125 0.0234375 0.0234375 
0 0.4619140625 0.3486328125 0.0234375 0.0234375 
1 0.55859375 0.5615234375 0.0224609375 0.0224609375 
0 0.576171875 0.337890625 0.021484375 0.021484375 
0 0.533203125 0.2158203125 0.021484375 0.021484375 
1 0.478515625 0.365234375 0.021484375 0.021484375 
0 0.3779296875 0.4150390625 0.0234375 0.0234375 
0 0.353515625 0.30078125 0.0234375 0.0234375 
0 0.42578125 0.037109375 0.021484375 0.021484375 
0 0.3701171875 0.142578125 0.021484375 0.021484375 
1 0.537109375 0.1396484375 0.021484375 0.021484375 
0 0.6083984375 0.236328125 0.0234375 0.0234375 
0 0.5 0.4462890625 0.021484375 0.021484375 
0 0.6591796875 0.123046875 0.021484375 0.021484375 
1 0.4677734375 0.0927734375 0.021484375 0.021484375 
0 0.45703125 0.2265625 0.021484375 0.021484375 
0 0.4462890625 0.4091796875 0.021484375 0.021484375 
1 0.37109375 0.28125 0.021484375 0.021484375 
0 0.5380859375 0.5009765625 0.021484375 0.021484375 
0 0.6494140625 0.0810546875 0.021484375 0.021484375 
0 0.50390625 0.6767578125 0.021484375 0.021484375 
0 0.4521484375 0.30078125 0.0234375 0.0234375 
1 0.515625 0.658203125 0.021484375 0.021484375 
0 0.5048828125 0.2197265625 0.021484375 0.021484375 
0 0.5751953125 0.0556640625 0.021484375 0.021484375 
1 0.5048828125 0.533203125 0.0224609375 0.0224609375 
0 0.5126953125 0.3076171875 0.0234375 0.0234375 
0 0.62890625 0.4443359375 0.021484375 0.021484375 
0 0.607421875 0.20703125 0.021484375 0.021484375 
0 0.7099609375 0.06640625 0.0234375 0.0234375 
0 0.48046875 0.693359375 0.0234375 0.0234375 
0 0.552734375 0.7392578125 0.021484375 0.021484375 
0 0.4228515625 0.5517578125 0.021484375 0.021484375 
0 0.337890625 0.265625 0.021484375 0.021484375 
0 0.576171875 0.119140625 0.0224609375 0.0224609375 
1 0.6044921875 0.09375 0.021484375 0.021484375 
0 0.4375 0.0888671875 0.021484375 0.021484375 
0 0.4306640625 0.578125 0.0224609375 0.0224609375 
0 0.2978515625 0.1748046875 0.0234375 0.0234375 
1 0.34765625 0.1494140625 0.021484375 0.021484375 
0 0.6015625 0.171875 0.021484375 0.021484375 
1 0.4638671875 0.8818359375 0.021484375 0.021484375 
0 0.4755859375 0.439453125 0.021484375 0.021484375 
0 0.6103515625 0.3115234375 0.021484375 0.021484375 
0 0.703125 0.033203125 0.0234375 0.0234375 
1 0.560546875 0.705078125 0.021484375 0.021484375 
0 0.2880859375 0.0419921875 0.021484375 0.021484375 
1 0.703125 0.103515625 0.021484375 0.021484375 
0 0.3203125 0.18359375 0.021484375 0.021484375 
0 0.3720703125 0.07421875 0.021484375 0.021484375 
0 0.369140625 0.3662109375 0.0234375 0.0234375 
0 0.5078125 0.3515625 0.021484375 0.021484375 
0 0.38671875 0.5263671875 0.0234375 0.0234375 
0 0.3779296875 0.1708984375 0.021484375 0.021484375 
0 0.548828125 0.3798828125 0.021484375 0.021484375 
0 0.34765625 0.041015625 0.0224609375 0.0224609375 
0 0.6044921875 0.4658203125 0.021484375 0.021484375 
0 0.505859375 0.3720703125 0.021484375 0.021484375 
0 0.4375 0.1435546875 0.021484375 0.021484375 
0 0.4580078125 0.123046875 0.021484375 0.021484375 
0 0.490234375 0.5029296875 0.021484375 0.021484375 
0 0.521484375 0.376953125 0.0234375 0.0234375 
0 0.5869140625 0.5966796875 0.021484375 0.021484375 
0 0.4755859375 0.708984375 0.021484375 0.021484375 
0 0.5283203125 0.5556640625 0.021484375 0.021484375 
0 0.4287109375 0.462890625 0.021484375 0.021484375 
1 0.3173828125 0.203125 0.0224609375 0.0224609375 
0 0.4248046875 0.6708984375 0.021484375 0.021484375 
0 0.333984375 0.32421875 0.0234375 0.0234375 
0 0.6083984375 0.5439453125 0.021484375 0.021484375 
0 0.466796875 0.4560546875 0.021484375 0.021484375 
0 0.53125 0.6513671875 0.0234375 0.0234375 
