0 0.55078125 0.3271484375 0.021484375 0.021484375 
0 0.53125 0.1796875 0.0234375 0.0234375 
0 0.625 0.3876953125 0.0234375 0.0234375 
1 0.513671875 0.1796875 0.0224609375 0.0224609375 
0 0.4052734375 0.1767578125 0.021484375 0.021484375 
1 0.62109375 0.287109375 0.021484375 0.021484375 
0 0.3330078125 0.3115234375 0.021484375 0.021484375 
0 0.3427734375 0.23828125 0.0234375 0.0234375 
1 0.291015625 0.1123046875 0.021484375 0.021484375 
0 0.4951171875 0.0625 0.021484375 0.021484375 
0 0.431640625 0.5791015625 0.021484375 0.021484375 
0 0.47265625 0.740234375 0.0234375 0.0234375 
0 0.4287109375 0.3076171875 0.021484375 0.021484375 
1 0.51171875 0.234375 0.021484375 0.021484375 
1 0.572265625 0.6142578125 0.0224609375 0.0224609375 
0 0.5029296875 0.583984375 0.0234375 0.0234375 
0 0.3505859375 0.1171875 0.021484375 0.021484375 
0 0.4658203125 0.67578125 0.021484375 0.021484375 
0 0.607421875 0.095703125 0.021484375 0.021484375 
1 0.4013671875 0.2529296875 0.0224609375 0.0224609375 
0 0.6962890625 0.0361328125 0.0234375 0.0234375 
0 0.5966796875 0.17578125 0.0224609375 0.0224609375 
0 0.6044921875 0.5126953125 0.021484375 0.021484375 
0 0.595703125 0.2490234375 0.0234375 0.0234375 
1 0.6748046875 0.1884765625 0.021484375 0.021484375 
0 0.4443359375 0.1513671875 0.021484375 0.021484375 
0 0.54296875 0.5380859375 0.0234375 0.0234375 
0 0.4951171875 0.7060546875 0.0224609375 0.0224609375 
0 0.5439453125 0.259765625 0.0234375 0.0234375 
0 0.62109375 0.1611328125 0.0234375 0.0234375 
0 0.685546875 0.0927734375 0.0234375 0.0234375 
0 0.45703125 0.2265625 0.021484375 0.021484375 
0 0.5244140625 0.439453125 0.0234375 0.0234375 
0 0.587890625 0.044921875 0.0224609375 0.0224609375 
0 0.6474609375 0.212890625 0.0234375 0.0234375 
0 0.5234375 0.130859375 0.021484375 0.021484375 
0 0.4521484375 0.033203125 0.0234375 0.0234375 
0 0.5234375 0.7353515625 0.021484375 0.021484375 
1 0.44921875 0.81640625 0.021484375 0.021484375 
0 0.4501953125 0.09765625 0.021484375 0.021484375 
0 0.37890625 0.1083984375 0.0234375 0.0234375 
0 0.5546875 0.5654296875 0.021484375 0.021484375 
0 0.623046875 0.1083984375 0.021484375 0.021484375 
1 0.427734375 0.4384765625 0.0224609375 0.0224609375 
0 0.638671875 0.40625 0.021484375 0.021484375 
0 0.3759765625 0.4921875 0.0234375 0.0234375 
0 0.5029296875 0.1162109375 0.021484375 0.021484375 
0 0.541015625 0.3984375 0.0224609375 0.0224609375 
1 0.6044921875 0.4033203125 0.021484375 0.021484375 
0 0.5400390625 0.6708984375 0.021484375 0.021484375 
1 0.357421875 0.205078125 0.0224609375 0.0224609375 
1 0.58203125 0.333984375 0.021484375 0.021484375 
0 0.4931640625 0.3125 0.021484375 0.021484375 
0 0.642578125 0.1494140625 0.021484375 0.021484375 
0 0.6171875 0.2314453125 0.021484375 0.021484375 
0 0.416015625 0.49609375 0.0234375 0.0234375 
1 0.541015625 0.3447265625 0.0224609375 0.0224609375 
0 0.5595703125 0.1953125 0.021484375 0.021484375 
1 0.5947265625 0.125 0.021484375 0.021484375 
1 0.48828125 0.2783203125 0.0224609375 0.0224609375 
0 0.505859375 0.60546875 0.021484375 0.021484375 
1 0.6123046875 0.1943359375 0.0224609375 0.0224609375 
0 0.4169921875 0.2607421875 0.021484375 0.021484375 
0 0.4423828125 0.6318359375 0.0224609375 0.0224609375 
0 0.54296875 0.291015625 0.021484375 0.021484375 
0 0.4765625 0.318359375 0.021484375 0.021484375 
1 0.5751953125 0.2109375 0.0224609375 0.0224609375 
0 0.5302734375 0.2783203125 0.021484375 0.021484375 
0 0.5791015625 0.263671875 0.021484375 0.021484375 
0 0.40234375 0.6005859375 0.021484375 0.021484375 
0 0.3681640625 0.4287109375 0.021484375 0.021484375 
0 0.337890625 0.1767578125 0.0234375 0.0234375 
0 0.607421875 0.154296875 0.021484375 0.021484375 
0 0.4189453125 0.47265625 0.0234375 0.0234375 
0 0.376953125 0.455078125 0.021484375 0.021484375 
1 0.478515625 0.05859375 0.021484375 0.021484375 
0 0.4912109375 0.1484375 0.0224609375 0.0224609375 
0 0.580078125 0.46484375 0.021484375 0.021484375 
0 0.4873046875 0.220703125 0.021484375 0.021484375 
1 0.669921875 0.1435546875 0.021484375 0.021484375 
0 0.572265625 0.142578125 0.021484375 0.021484375 
1 0.515625 0.6728515625 0.021484375 0.021484375 
1 0.4658203125 0.71484375 0.021484375 0.021484375 
0 0.5615234375 0.34375 0.0234375 0.0234375 
1 0.521484375 0.6865234375 0.021484375 0.021484375 
0 0.361328125 0.0302734375 0.021484375 0.021484375 
1 0.53515625 0.58984375 0.021484375 0.021484375 
0 0.5576171875 0.775390625 0.0234375 0.0234375 
0 0.62109375 0.0498046875 0.021484375 0.021484375 
0 0.5390625 0.19921875 0.0224609375 0.0224609375 
1 0.328125 0.271484375 0.021484375 0.021484375 
0 0.466796875 0.78515625 0.0224609375 0.0224609375 
1 0.45703125 0.5869140625 0.021484375 0.021484375 
0 0.599609375 0.0751953125 0.021484375 0.021484375 
0 0.5546875 0.66015625 0.021484375 0.021484375 
0 0.5087890625 0.2177734375 0.0224609375 0.0224609375 
1 0.5537109375 0.5927734375 0.0224609375 0.0224609375 
0 0.3876953125 0.3076171875 0.021484375 0.021484375 
0 0.5 0.4404296875 0.021484375 0.021484375 
0 0.6474609375 0.2490234375 0.021484375 0.021484375 
1 0.5615234375 0.642578125 0.021484375 0.021484375 
0 0.4150390625 0.20703125 0.0234375 0.0234375 
0 0.4609375 0.7294921875 0.0234375 0.0234375 
0 0.3994140625 0.4462890625 0.021484375 0.021484375 
0 0.30859375 0.11328125 0.0224609375 0.0224609375 
0 0.328125 0.11328125 0.021484375 0.021484375 
0 0.486328125 0.5439453125 0.0234375 0.0234375 
1 0.6201171875 0.08203125 0.021484375 0.021484375 
1 0.58984375 0.275390625 0.0224609375 0.0224609375 
0 0.4892578125 0.3330078125 0.0234375 0.0234375 
0 0.6650390625 0.2021484375 0.021484375 0.021484375 
1 0.515625 0.28125 0.0224609375 0.0224609375 
0 0.4482421875 0.3291015625 0.021484375 0.021484375 
0 0.5068359375 0.5439453125 0.021484375 0.021484375 
0 0.5244140625 0.791015625 0.01953125 0.01953125 
0 0.44140625 0.7255859375 0.0224609375 0.0224609375 
0 0.48046875 0.8515625 0.0224609375 0.0224609375 
0 0.556640625 0.408203125 0.0224609375 0.0224609375 
1 0.5341796875 0.8798828125 0.0234375 0.0234375 
0 0.5419921875 0.6298828125 0.0224609375 0.0224609375 
1 0.4853515625 0.72265625 0.021484375 0.021484375 
1 0.5302734375 0.765625 0.0234375 0.0234375 
0 0.6435546875 0.376953125 0.0234375 0.0234375 
1 0.66796875 0.2724609375 0.0224609375 0.0224609375 
1 0.4970703125 0.3779296875 0.021484375 0.021484375 
0 0.451171875 0.07421875 0.021484375 0.021484375 
1 0.6357421875 0.2841796875 0.021484375 0.021484375 
0 0.462890625 0.7548828125 0.021484375 0.021484375 
1 0.404296875 0.2216796875 0.0224609375 0.0224609375 
0 0.3828125 0.2421875 0.0234375 0.0234375 
1 0.603515625 0.3212890625 0.021484375 0.021484375 
0 0.3828125 0.0546875 0.0224609375 0.0224609375 
0 0.537109375 0.2197265625 0.021484375 0.021484375 
1 0.4453125 0.7998046875 0.021484375 0.021484375 
0 0.5263671875 0.75 0.0234375 0.0234375 
1 0.6572265625 0.03125 0.021484375 0.021484375 
0 0.38671875 0.083984375 0.021484375 0.021484375 
0 0.541015625 0.380859375 0.021484375 0.021484375 
0 0.423828125 0.6982421875 0.021484375 0.021484375 
0 0.6005859375 0.2109375 0.0234375 0.0234375 
0 0.6162109375 0.416015625 0.021484375 0.021484375 
0 0.646484375 0.359375 0.0234375 0.0234375 
0 0.5556640625 0.7158203125 0.021484375 0.021484375 
0 0.55078125 0.083984375 0.021484375 0.021484375 
0 0.3828125 0.3583984375 0.0234375 0.0234375 
0 0.5263671875 0.47265625 0.021484375 0.021484375 
