1 0.4775390625 0.77734375 0.0234375 0.0234375 
1 0.4853515625 0.0654296875 0.0224609375 0.0224609375 
1 0.451171875 0.767578125 0.0234375 0.0234375 
0 0.5205078125 0.66015625 0.021484375 0.021484375 
0 0.3349609375 0.181640625 0.0234375 0.0234375 
0 0.5078125 0.4912109375 0.021484375 0.021484375 
0 0.484375 0.744140625 0.0234375 0.0234375 
0 0.3818359375 0.15234375 0.021484375 0.021484375 
1 0.455078125 0.4697265625 0.021484375 0.021484375 
0 0.5830078125 0.3203125 0.0224609375 0.0224609375 
0 0.6591796875 0.1533203125 0.0224609375 0.0224609375 
0 0.6015625 0.578125 0.021484375 0.021484375 
0 0.3662109375 0.2841796875 0.021484375 0.021484375 
0 0.4375 0.6796875 0.021484375 0.021484375 
0 0.6044921875 0.1796875 0.0234375 0.0234375 
0 0.4345703125 0.587890625 0.0234375 0.0234375 
0 0.5576171875 0.3310546875 0.021484375 0.021484375 
1 0.453125 0.15234375 0.021484375 0.021484375 
1 0.6123046875 0.470703125 0.0224609375 0.0224609375 
0 0.3701171875 0.1220703125 0.0234375 0.0234375 
0 0.517578125 0.2744140625 0.021484375 0.021484375 
0 0.6875 0.107421875 0.0224609375 0.0224609375 
0 0.541015625 0.611328125 0.0234375 0.0234375 
0 0.4130859375 0.412109375 0.0234375 0.0234375 
0 0.57421875 0.6513671875 0.021484375 0.021484375 
1 0.41015625 0.658203125 0.0224609375 0.0224609375 
1 0.5205078125 0.8603515625 0.021484375 0.021484375 
0 0.4052734375 0.3125 0.021484375 0.021484375 
0 0.4150390625 0.3896484375 0.021484375 0.021484375 
0 0.5419921875 0.515625 0.0234375 0.0234375 
0 0.3564453125 0.3740234375 0.0224609375 0.0224609375 
0 0.52734375 0.388671875 0.021484375 0.021484375 
0 0.6064453125 0.521484375 0.0234375 0.0234375 
0 0.384765625 0.4541015625 0.021484375 0.021484375 
1 0.431640625 0.4736328125 0.0224609375 0.0224609375 
1 0.5087890625 0.6025390625 0.021484375 0.021484375 
0 0.4677734375 0.41796875 0.0234375 0.0234375 
0 0.4267578125 0.2578125 0.021484375 0.021484375 
0 0.4853515625 0.681640625 0.021484375 0.021484375 
0 0.6025390625 0.3408203125 0.0224609375 0.0224609375 
0 0.5302734375 0.7353515625 0.0224609375 0.0224609375 
0 0.69921875 0.0791015625 0.021484375 0.021484375 
0 0.59765625 0.443359375 0.021484375 0.021484375 
0 0.482421875 0.6005859375 0.0234375 0.0234375 
0 0.36328125 0.064453125 0.0234375 0.0234375 
0 0.4189453125 0.16015625 0.0234375 0.0234375 
1 0.6748046875 0.2451171875 0.021484375 0.021484375 
0 0.478515625 0.1376953125 0.021484375 0.021484375 
0 0.4365234375 0.34375 0.021484375 0.021484375 
0 0.5009765625 0.28125 0.0224609375 0.0224609375 
0 0.5634765625 0.2998046875 0.0224609375 0.0224609375 
0 0.6298828125 0.1416015625 0.021484375 0.021484375 
1 0.5771484375 0.4482421875 0.021484375 0.021484375 
1 0.619140625 0.4306640625 0.021484375 0.021484375 
0 0.4775390625 0.2333984375 0.021484375 0.021484375 
0 0.5048828125 0.421875 0.0234375 0.0234375 
0 0.6953125 0.123046875 0.0234375 0.0234375 
0 0.54296875 0.15625 0.0234375 0.0234375 
0 0.529296875 0.63671875 0.0234375 0.0234375 
0 0.6552734375 0.060546875 0.0234375 0.0234375 
0 0.49609375 0.45703125 0.021484375 0.021484375 
1 0.3681640625 0.33203125 0.0224609375 0.0224609375 
1 0.591796875 0.1708984375 0.021484375 0.021484375 
1 0.5361328125 0.11328125 0.021484375 0.021484375 
0 0.4931640625 0.16015625 0.0224609375 0.0224609375 
0 0.52734375 0.169921875 0.021484375 0.021484375 
0 0.607421875 0.296875 0.0234375 0.0234375 
0 0.6376953125 0.333984375 0.021484375 0.021484375 
0 0.3076171875 0.0791015625 0.021484375 0.021484375 
0 0.38671875 0.0947265625 0.021484375 0.021484375 
1 0.4609375 0.2001953125 0.021484375 0.021484375 
1 0.6806640625 0.0859375 0.021484375 0.021484375 
0 0.5380859375 0.2431640625 0.021484375 0.021484375 
0 0.5166015625 0.234375 0.021484375 0.021484375 
0 0.6162109375 0.3330078125 0.0234375 0.0234375 
0 0.689453125 0.1474609375 0.021484375 0.021484375 
0 0.3876953125 0.1376953125 0.021484375 0.021484375 
1 0.6591796875 0.193359375 0.021484375 0.021484375 
0 0.5849609375 0.0380859375 0.021484375 0.021484375 
1 0.69140625 0.1650390625 0.0224609375 0.0224609375 
1 0.4404296875 0.630859375 0.021484375 0.021484375 
0 0.408203125 0.0302734375 0.021484375 0.021484375 
0 0.544921875 0.1728515625 0.0234375 0.0234375 
0 0.7001953125 0.064453125 0.0234375 0.0234375 
0 0.4853515625 0.5078125 0.0234375 0.0234375 
1 0.3251953125 0.1005859375 0.021484375 0.021484375 
0 0.39453125 0.369140625 0.021484375 0.021484375 
1 0.634765625 0.4404296875 0.021484375 0.021484375 
0 0.521484375 0.431640625 0.0234375 0.0234375 
0 0.4921875 0.263671875 0.0234375 0.0234375 
0 0.3662109375 0.41015625 0.0234375 0.0234375 
0 0.537109375 0.8076171875 0.021484375 0.021484375 
0 0.3984375 0.208984375 0.021484375 0.021484375 
0 0.3515625 0.333984375 0.021484375 0.021484375 
1 0.3359375 0.1318359375 0.021484375 0.021484375 
0 0.6474609375 0.3681640625 0.0234375 0.0234375 
0 0.357421875 0.2705078125 0.021484375 0.021484375 
0 0.359375 0.2119140625 0.021484375 0.021484375 
1 0.5703125 0.1728515625 0.0224609375 0.0224609375 
1 0.552734375 0.2158203125 0.0224609375 0.0224609375 
0 0.525390625 0.587890625 0.0234375 0.0234375 
0 0.470703125 0.8271484375 0.021484375 0.021484375 
0 0.41796875 0.5732421875 0.021484375 0.021484375 
0 0.427734375 0.6552734375 0.021484375 0.021484375 
1 0.396484375 0.4677734375 0.0224609375 0.0224609375 
0 0.3193359375 0.052734375 0.021484375 0.021484375 
0 0.51953125 0.7080078125 0.021484375 0.021484375 
1 0.3662109375 0.1552734375 0.0224609375 0.0224609375 
0 0.482421875 0.0810546875 0.021484375 0.021484375 
0 0.4287109375 0.318359375 0.0234375 0.0234375 
0 0.6171875 0.2177734375 0.021484375 0.021484375 
0 0.4404296875 0.7314453125 0.021484375 0.021484375 
0 0.654296875 0.310546875 0.0234375 0.0234375 
0 0.4375 0.4267578125 0.0234375 0.0234375 
0 0.52734375 0.451171875 0.021484375 0.021484375 
0 0.6044921875 0.373046875 0.021484375 0.021484375 
1 0.5 0.625 0.0224609375 0.0224609375 
1 0.2744140625 0.0751953125 0.021484375 0.021484375 
1 0.39453125 0.265625 0.0224609375 0.0224609375 
0 0.4990234375 0.8349609375 0.0224609375 0.0224609375 
0 0.30859375 0.107421875 0.021484375 0.021484375 
0 0.396484375 0.5908203125 0.021484375 0.021484375 
0 0.48828125 0.203125 0.021484375 0.021484375 
0 0.42578125 0.712890625 0.021484375 0.021484375 
1 0.591796875 0.515625 0.021484375 0.021484375 
0 0.44140625 0.2685546875 0.021484375 0.021484375 
1 0.4609375 0.5751953125 0.0224609375 0.0224609375 
1 0.2841796875 0.107421875 0.021484375 0.021484375 
1 0.39453125 0.41796875 0.021484375 0.021484375 
0 0.55078125 0.0517578125 0.021484375 0.021484375 
1 0.4990234375 0.1328125 0.0224609375 0.0224609375 
1 0.537109375 0.71484375 0.021484375 0.021484375 
0 0.546875 0.8359375 0.0234375 0.0234375 
0 0.583984375 0.2431640625 0.0234375 0.0234375 
0 0.50390625 0.1494140625 0.0234375 0.0234375 
0 0.673828125 0.1376953125 0.021484375 0.021484375 
0 0.6376953125 0.2548828125 0.0224609375 0.0224609375 
0 0.669921875 0.2744140625 0.021484375 0.021484375 
0 0.5693359375 0.3623046875 0.021484375 0.021484375 
0 0.455078125 0.044921875 0.021484375 0.021484375 
0 0.5791015625 0.2041015625 0.021484375 0.021484375 
1 0.46484375 0.525390625 0.021484375 0.021484375 
0 0.5556640625 0.111328125 0.021484375 0.021484375 
1 0.6298828125 0.171875 0.021484375 0.021484375 
0 0.4619140625 0.7353515625 0.021484375 0.021484375 
1 0.6455078125 0.28125 0.021484375 0.021484375 
0 0.4404296875 0.7109375 0.021484375 0.021484375 
0 0.4833984375 0.4453125 0.021484375 0.021484375 
0 0.6015625 0.419921875 0.0234375 0.0234375 
0 0.53515625 0.1884765625 0.021484375 0.021484375 
0 0.4765625 0.041015625 0.021484375 0.021484375 
0 0.5087890625 0.20703125 0.0234375 0.0234375 
0 0.6044921875 0.068359375 0.021484375 0.021484375 
0 0.505859375 0.1064453125 0.021484375 0.021484375 
0 0.40625 0.109375 0.0234375 0.0234375 
