0 0.427734375 0.03515625 0.021484375 0.021484375 
0 0.5478515625 0.3896484375 0.0224609375 0.0224609375 
0 0.521484375 0.736328125 0.021484375 0.021484375 
0 0.400390625 0.3408203125 0.021484375 0.021484375 
0 0.4130859375 0.494140625 0.021484375 0.021484375 
0 0.564453125 0.6513671875 0.021484375 0.021484375 
0 0.404296875 0.24609375 0.021484375 0.021484375 
0 0.4033203125 0.1640625 0.021484375 0.021484375 
1 0.326171875 0.2861328125 0.021484375 0.021484375 
0 0.501953125 0.244140625 0.021484375 0.021484375 
0 0.32421875 0.095703125 0.0234375 0.0234375 
0 0.580078125 0.146484375 0.0234375 0.0234375 
0 0.515625 0.2890625 0.021484375 0.021484375 
0 0.509765625 0.8828125 0.025390625 0.025390625 
0 0.595703125 0.537109375 0.0234375 0.0234375 
0 0.650390625 0.2099609375 0.021484375 0.021484375 
0 0.4228515625 0.435546875 0.021484375 0.021484375 
0 0.5966796875 0.1220703125 0.021484375 0.021484375 
0 0.501953125 0.76953125 0.021484375 0.021484375 
0 0.462890625 0.376953125 0.0224609375 0.0224609375 
0 0.62109375 0.4677734375 0.021484375 0.021484375 
0 0.3984375 0.54296875 0.021484375 0.021484375 
0 0.6376953125 0.2958984375 0.021484375 0.021484375 
0 0.6181640625 0.0791015625 0.0234375 0.0234375 
1 0.4970703125 0.1943359375 0.021484375 0.021484375 
1 0.3662109375 0.064453125 0.021484375 0.021484375 
0 0.6083984375 0.55078125 0.021484375 0.021484375 
1 0.5654296875 0.2431640625 0.021484375 0.021484375 
0 0.4267578125 0.728515625 0.021484375 0.021484375 
0 0.291015625 0.08984375 0.021484375 0.021484375 
0 0.5380859375 0.14453125 0.0234375 0.0234375 
0 0.34375 0.0810546875 0.0234375 0.0234375 
1 0.5869140625 0.6435546875 0.021484375 0.021484375 
0 0.466796875 0.3037109375 0.021484375 0.021484375 
1 0.4560546875 0.09375 0.021484375 0.021484375 
0 0.69140625 0.1220703125 0.021484375 0.021484375 
0 0.333984375 0.181640625 0.021484375 0.021484375 
1 0.5185546875 0.3408203125 0.021484375 0.021484375 
0 0.6630859375 0.0947265625 0.0224609375 0.0224609375 
0 0.53515625 0.2802734375 0.0224609375 0.0224609375 
0 0.6220703125 0.38671875 0.0234375 0.0234375 
1 0.5576171875 0.7490234375 0.0224609375 0.0224609375 
0 0.5341796875 0.248046875 0.021484375 0.021484375 
0 0.5927734375 0.296875 0.0234375 0.0234375 
0 0.4638671875 0.2451171875 0.021484375 0.021484375 
0 0.470703125 0.5830078125 0.021484375 0.021484375 
0 0.359375 0.2939453125 0.021484375 0.021484375 
0 0.5400390625 0.8544921875 0.0224609375 0.0224609375 
0 0.5712890625 0.46875 0.021484375 0.021484375 
1 0.4931640625 0.498046875 0.0224609375 0.0224609375 
0 0.5869140625 0.27734375 0.021484375 0.021484375 
0 0.5322265625 0.5185546875 0.021484375 0.021484375 
0 0.365234375 0.3369140625 0.021484375 0.021484375 
0 0.4208984375 0.693359375 0.021484375 0.021484375 
0 0.423828125 0.3994140625 0.021484375 0.021484375 
1 0.6650390625 0.2568359375 0.021484375 0.021484375 
0 0.607421875 0.505859375 0.021484375 0.021484375 
1 0.5947265625 0.0927734375 0.021484375 0.021484375 
0 0.380859375 0.349609375 0.021484375 0.021484375 
0 0.400390625 0.6220703125 0.021484375 0.021484375 
1 0.4912109375 0.2734375 0.021484375 0.021484375 
1 0.51171875 0.2099609375 0.0224609375 0.0224609375 
0 0.505859375 0.3154296875 0.021484375 0.021484375 
0 0.515625 0.4462890625 0.0234375 0.0234375 
1 0.400390625 0.4404296875 0.021484375 0.021484375 
0 0.595703125 0.3798828125 0.021484375 0.021484375 
0 0.4248046875 0.0830078125 0.0234375 0.0234375 
0 0.54296875 0.36328125 0.0224609375 0.0224609375 
1 0.541015625 0.533203125 0.021484375 0.021484375 
0 0.568359375 0.076171875 0.021484375 0.021484375 
0 0.3056640625 0.1650390625 0.021484375 0.021484375 
0 0.6298828125 0.2451171875 0.0234375 0.0234375 
1 0.4033203125 0.083984375 0.021484375 0.021484375 
0 0.4140625 0.673828125 0.0234375 0.0234375 
0 0.48046875 0.5361328125 0.021484375 0.021484375 
0 0.544921875 0.5966796875 0.0224609375 0.0224609375 
1 0.494140625 0.11328125 0.0224609375 0.0224609375 
1 0.560546875 0.1689453125 0.021484375 0.021484375 
1 0.6083984375 0.1083984375 0.0224609375 0.0224609375 
1 0.587890625 0.1083984375 0.021484375 0.021484375 
0 0.435546875 0.4267578125 0.021484375 0.021484375 
0 0.5107421875 0.509765625 0.021484375 0.021484375 
0 0.5 0.361328125 0.0234375 0.0234375 
1 0.384765625 0.06640625 0.021484375 0.021484375 
0 0.587890625 0.61328125 0.021484375 0.021484375 
0 0.615234375 0.1650390625 0.0224609375 0.0224609375 
0 0.6484375 0.1943359375 0.0234375 0.0234375 
0 0.4521484375 0.580078125 0.021484375 0.021484375 
1 0.4814453125 0.8310546875 0.0234375 0.0234375 
0 0.333984375 0.23828125 0.021484375 0.021484375 
0 0.703125 0.1025390625 0.021484375 0.021484375 
0 0.517578125 0.5986328125 0.021484375 0.021484375 
1 0.3984375 0.3232421875 0.021484375 0.021484375 
0 0.521484375 0.068359375 0.0234375 0.0234375 
0 0.4091796875 0.181640625 0.0224609375 0.0224609375 
1 0.61328125 0.4013671875 0.0224609375 0.0224609375 
1 0.6064453125 0.205078125 0.021484375 0.021484375 
0 0.380859375 0.3291015625 0.0234375 0.0234375 
0 0.509765625 0.2646484375 0.0234375 0.0234375 
0 0.5966796875 0.3515625 0.021484375 0.021484375 
0 0.5830078125 0.2294921875 0.0224609375 0.0224609375 
1 0.38671875 0.1083984375 0.021484375 0.021484375 
1 0.6748046875 0.220703125 0.0224609375 0.0224609375 
1 0.6416015625 0.3466796875 0.0224609375 0.0224609375 
0 0.55078125 0.4658203125 0.021484375 0.021484375 
0 0.5302734375 0.23046875 0.021484375 0.021484375 
0 0.486328125 0.6015625 0.0234375 0.0234375 
0 0.34375 0.1591796875 0.021484375 0.021484375 
0 0.654296875 0.169921875 0.021484375 0.021484375 
1 0.46484375 0.5654296875 0.0224609375 0.0224609375 
0 0.4453125 0.775390625 0.0224609375 0.0224609375 
0 0.5400390625 0.681640625 0.0234375 0.0234375 
0 0.5673828125 0.1962890625 0.021484375 0.021484375 
1 0.462890625 0.1337890625 0.021484375 0.021484375 
0 0.3564453125 0.3095703125 0.0224609375 0.0224609375 
0 0.4765625 0.8759765625 0.0224609375 0.0224609375 
0 0.4130859375 0.119140625 0.021484375 0.021484375 
1 0.619140625 0.1884765625 0.021484375 0.021484375 
0 0.5380859375 0.0810546875 0.021484375 0.021484375 
0 0.388671875 0.5693359375 0.021484375 0.021484375 
0 0.4462890625 0.0771484375 0.0234375 0.0234375 
0 0.4892578125 0.3759765625 0.0234375 0.0234375 
0 0.5419921875 0.1708984375 0.0234375 0.0234375 
0 0.5908203125 0.560546875 0.0234375 0.0234375 
0 0.6865234375 0.1640625 0.021484375 0.021484375 
1 0.44140625 0.5 0.021484375 0.021484375 
0 0.5625 0.3056640625 0.021484375 0.021484375 
0 0.5888671875 0.5859375 0.0234375 0.0234375 
0 0.40234375 0.5166015625 0.021484375 0.021484375 
1 0.3564453125 0.3935546875 0.021484375 0.021484375 
0 0.673828125 0.13671875 0.0234375 0.0234375 
0 0.4619140625 0.6513671875 0.0224609375 0.0224609375 
1 0.4736328125 0.81640625 0.021484375 0.021484375 
0 0.4423828125 0.345703125 0.021484375 0.021484375 
0 0.4296875 0.6572265625 0.0234375 0.0234375 
1 0.6201171875 0.1259765625 0.021484375 0.021484375 
1 0.6494140625 0.2353515625 0.021484375 0.021484375 
0 0.4755859375 0.0791015625 0.021484375 0.021484375 
0 0.4013671875 0.28125 0.0224609375 0.0224609375 
0 0.46484375 0.26171875 0.0234375 0.0234375 
0 0.5625 0.486328125 0.021484375 0.021484375 
0 0.490234375 0.74609375 0.021484375 0.021484375 
0 0.3154296875 0.0302734375 0.0224609375 0.0224609375 
1 0.5576171875 0.40234375 0.0224609375 0.0224609375 
0 0.470703125 0.1865234375 0.021484375 0.021484375 
0 0.501953125 0.5439453125 0.0234375 0.0234375 
0 0.5791015625 0.0888671875 0.021484375 0.021484375 
0 0.5771484375 0.3818359375 0.0234375 0.0234375 
1 0.61328125 0.4521484375 0.0224609375 0.0224609375 
0 0.3662109375 0.275390625 0.0234375 0.0234375 
0 0.515625 0.693359375 0.021484375 0.021484375 
0 0.3173828125 0.1748046875 0.0234375 0.0234375 
1 0.6611328125 0.07421875 0.021484375 0.021484375 
1 0.5576171875 0.123046875 0.021484375 0.021484375 
1 0.505859375 0.0732421875 0.021484375 0.021484375 
0 0.541015625 0.4140625 0.021484375 0.021484375 
1 0.466796875 0.8408203125 0.0234375 0.0234375 
0 0.4052734375 0.0341796875 0.0234375 0.0234375 
1 0.3779296875 0.1513671875 0.0224609375 0.0224609375 
0 0.48828125 0.1806640625 0.0234375 0.0234375 
0 0.70703125 0.0390625 0.0234375 0.0234375 
0 0.6484375 0.0390625 0.021484375 0.021484375 
0 0.50390625 0.837890625 0.021484375 0.021484375 
0 0.5595703125 0.43359375 0.021484375 0.021484375 
1 0.5908203125 0.4794921875 0.021484375 0.021484375 
0 0.447265625 0.7021484375 0.0234375 0.0234375 
0 0.53125 0.8408203125 0.01953125 0.01953125 
0 0.33203125 0.3115234375 0.021484375 0.021484375 
0 0.5283203125 0.20703125 0.0224609375 0.0224609375 
0 0.3837890625 0.3828125 0.021484375 0.021484375 
0 0.6455078125 0.0732421875 0.021484375 0.021484375 
0 0.3916015625 0.4619140625 0.0234375 0.0234375 
0 0.4287109375 0.67578125 0.0234375 0.0234375 
0 0.5126953125 0.619140625 0.021484375 0.021484375 
1 0.4658203125 0.2890625 0.0224609375 0.0224609375 
0 0.5859375 0.36328125 0.021484375 0.021484375 
0 0.5654296875 0.623046875 0.0224609375 0.0224609375 
0 0.4716796875 0.5146484375 0.0224609375 0.0224609375 
1 0.642578125 0.115234375 0.021484375 0.021484375 
0 0.6015625 0.4912109375 0.0234375 0.0234375 
0 0.5048828125 0.71484375 0.021484375 0.021484375 
0 0.5458984375 0.8173828125 0.0234375 0.0234375 
0 0.3720703125 0.3974609375 0.021484375 0.021484375 
0 0.4189453125 0.4755859375 0.021484375 0.021484375 
1 0.5 0.38671875 0.021484375 0.021484375 
0 0.4912109375 0.6572265625 0.021484375 0.021484375 
0 0.6396484375 0.3173828125 0.021484375 0.021484375 
1 0.36328125 0.126953125 0.021484375 0.021484375 
0 0.4599609375 0.044921875 0.021484375 0.021484375 
0 0.3056640625 0.14453125 0.021484375 0.021484375 
1 0.6396484375 0.2568359375 0.0224609375 0.0224609375 
0 0.388671875 0.3095703125 0.021484375 0.021484375 
0 0.52734375 0.564453125 0.0234375 0.0234375 
0 0.466796875 0.72265625 0.0234375 0.0234375 
1 0.4599609375 0.484375 0.021484375 0.021484375 
