0 0.5458984375 0.06640625 0.021484375 0.021484375 
0 0.4853515625 0.1103515625 0.0234375 0.0234375 
0 0.6064453125 0.060546875 0.0234375 0.0234375 
0 0.451171875 0.6728515625 0.0234375 0.0234375 
0 0.6357421875 0.087890625 0.0234375 0.0234375 
0 0.5849609375 0.1435546875 0.0234375 0.0234375 
0 0.5078125 0.0830078125 0.0234375 0.0234375 
0 0.5908203125 0.44140625 0.021484375 0.021484375 
0 0.5009765625 0.1787109375 0.0234375 0.0234375 
1 0.390625 0.345703125 0.0224609375 0.0224609375 
1 0.609375 0.1591796875 0.021484375 0.021484375 
1 0.30078125 0.16015625 0.0224609375 0.0224609375 
0 0.51171875 0.7412109375 0.021484375 0.021484375 
0 0.568359375 0.32421875 0.0234375 0.0234375 
0 0.3798828125 0.1826171875 0.021484375 0.021484375 
0 0.5078125 0.8955078125 0.025390625 0.025390625 
0 0.533203125 0.7412109375 0.021484375 0.021484375 
0 0.6669921875 0.2060546875 0.021484375 0.021484375 
0 0.634765625 0.0703125 0.0234375 0.0234375 
0 0.62109375 0.455078125 0.0234375 0.0234375 
1 0.552734375 0.5458984375 0.021484375 0.021484375 
0 0.3818359375 0.37890625 0.021484375 0.021484375 
0 0.4404296875 0.416015625 0.0234375 0.0234375 
0 0.4111328125 0.4736328125 0.0234375 0.0234375 
0 0.4814453125 0.484375 0.021484375 0.021484375 
0 0.4267578125 0.23046875 0.0234375 0.0234375 
0 0.4365234375 0.0322265625 0.021484375 0.021484375 
1 0.3330078125 0.0400390625 0.021484375 0.021484375 
0 0.5673828125 0.552734375 0.021484375 0.021484375 
1 0.69921875 0.12109375 0.021484375 0.021484375 
0 0.4384765625 0.5615234375 0.021484375 0.021484375 
0 0.4599609375 0.13671875 0.021484375 0.021484375 
0 0.54296875 0.806640625 0.021484375 0.021484375 
0 0.400390625 0.2080078125 0.021484375 0.021484375 
1 0.4482421875 0.3203125 0.021484375 0.021484375 
0 0.4814453125 0.5810546875 0.021484375 0.021484375 
1 0.427734375 0.3916015625 0.0224609375 0.0224609375 
1 0.3212890625 0.091796875 0.0224609375 0.0224609375 
0 0.5517578125 0.703125 0.021484375 0.021484375 
1 0.3515625 0.2392578125 0.021484375 0.021484375 
0 0.5654296875 0.4013671875 0.021484375 0.021484375 
0 0.2705078125 0.041015625 0.0234375 0.0234375 
0 0.53515625 0.33984375 0.0234375 0.0234375 
0 0.4716796875 0.8779296875 0.0224609375 0.0224609375 
0 0.4013671875 0.0634765625 0.0224609375 0.0224609375 
1 0.669921875 0.2431640625 0.021484375 0.021484375 
1 0.4619140625 0.333984375 0.0224609375 0.0224609375 
1 0.478515625 0.796875 0.021484375 0.021484375 
1 0.3095703125 0.12109375 0.021484375 0.021484375 
0 0.5185546875 0.849609375 0.0224609375 0.0224609375 
0 0.587890625 0.5576171875 0.021484375 0.021484375 
0 0.41015625 0.5068359375 0.021484375 0.021484375 
0 0.4833984375 0.748046875 0.0234375 0.0234375 
0 0.572265625 0.494140625 0.0234375 0.0234375 
0 0.541015625 0.296875 0.021484375 0.021484375 
0 0.42578125 0.6826171875 0.021484375 0.021484375 
0 0.294921875 0.142578125 0.021484375 0.021484375 
0 0.51953125 0.1240234375 0.021484375 0.021484375 
0 0.3447265625 0.3046875 0.0234375 0.0234375 
0 0.337890625 0.26171875 0.0234375 0.0234375 
1 0.4521484375 0.8203125 0.021484375 0.021484375 
0 0.3515625 0.4013671875 0.021484375 0.021484375 
1 0.40625 0.1806640625 0.0224609375 0.0224609375 
1 0.34375 0.150390625 0.021484375 0.021484375 
0 0.5205078125 0.4794921875 0.0234375 0.0234375 
0 0.6474609375 0.26953125 0.0224609375 0.0224609375 
0 0.3642578125 0.20703125 0.021484375 0.021484375 
0 0.6484375 0.3115234375 0.021484375 0.021484375 
0 0.5 0.19921875 0.021484375 0.021484375 
0 0.4755859375 0.44140625 0.021484375 0.021484375 
0 0.5048828125 0.685546875 0.021484375 0.021484375 
0 0.6826171875 0.1318359375 0.021484375 0.021484375 
0 0.5625 0.125 0.0234375 0.0234375 
0 0.48046875 0.1328125 0.021484375 0.021484375 
1 0.4267578125 0.4755859375 0.021484375 0.021484375 
0 0.4541015625 0.501953125 0.021484375 0.021484375 
0 0.4619140625 0.232421875 0.0224609375 0.0224609375 
0 0.5966796875 0.076171875 0.021484375 0.021484375 
0 0.4736328125 0.1572265625 0.021484375 0.021484375 
1 0.5009765625 0.2734375 0.021484375 0.021484375 
0 0.396484375 0.236328125 0.0234375 0.0234375 
0 0.4482421875 0.607421875 0.021484375 0.021484375 
0 0.39453125 0.4638671875 0.0224609375 0.0224609375 
0 0.58203125 0.091796875 0.021484375 0.021484375 
0 0.5556640625 0.1728515625 0.021484375 0.021484375 
0 0.5537109375 0.673828125 0.021484375 0.021484375 
0 0.5732421875 0.509765625 0.021484375 0.021484375 
0 0.4677734375 0.8369140625 0.025390625 0.025390625 
0 0.5263671875 0.412109375 0.0234375 0.0234375 
0 0.3505859375 0.169921875 0.0234375 0.0234375 
0 0.33203125 0.287109375 0.0234375 0.0234375 
0 0.4814453125 0.45703125 0.0234375 0.0234375 
1 0.41796875 0.169921875 0.0224609375 0.0224609375 
0 0.3408203125 0.2255859375 0.021484375 0.021484375 
0 0.5341796875 0.78515625 0.01953125 0.01953125 
1 0.443359375 0.6220703125 0.0224609375 0.0224609375 
0 0.5380859375 0.6416015625 0.021484375 0.021484375 
0 0.513671875 0.537109375 0.0234375 0.0234375 
0 0.5166015625 0.203125 0.021484375 0.021484375 
0 0.6064453125 0.041015625 0.0224609375 0.0224609375 
1 0.4443359375 0.4677734375 0.0224609375 0.0224609375 
0 0.60546875 0.1279296875 0.021484375 0.021484375 
0 0.46875 0.0830078125 0.0234375 0.0234375 
0 0.5185546875 0.220703125 0.021484375 0.021484375 
0 0.60546875 0.38671875 0.021484375 0.021484375 
0 0.5244140625 0.806640625 0.025390625 0.025390625 
0 0.435546875 0.095703125 0.021484375 0.021484375 
1 0.4599609375 0.857421875 0.021484375 0.021484375 
0 0.4794921875 0.689453125 0.0224609375 0.0224609375 
1 0.546875 0.09375 0.0224609375 0.0224609375 
0 0.5341796875 0.2685546875 0.021484375 0.021484375 
1 0.51171875 0.3505859375 0.021484375 0.021484375 
0 0.572265625 0.423828125 0.021484375 0.021484375 
0 0.3837890625 0.5 0.021484375 0.021484375 
0 0.34375 0.126953125 0.0234375 0.0234375 
0 0.646484375 0.037109375 0.021484375 0.021484375 
1 0.447265625 0.2529296875 0.0224609375 0.0224609375 
0 0.482421875 0.2998046875 0.021484375 0.021484375 
0 0.3466796875 0.2783203125 0.0234375 0.0234375 
0 0.439453125 0.74609375 0.0224609375 0.0224609375 
0 0.4013671875 0.083984375 0.021484375 0.021484375 
0 0.5068359375 0.5908203125 0.021484375 0.021484375 
0 0.4912109375 0.6513671875 0.021484375 0.021484375 
1 0.552734375 0.4462890625 0.021484375 0.021484375 
1 0.2900390625 0.0927734375 0.021484375 0.021484375 
1 0.3974609375 0.3134765625 0.021484375 0.021484375 
0 0.5546875 0.25390625 0.0234375 0.0234375 
0 0.4609375 0.408203125 0.021484375 0.021484375 
0 0.5576171875 0.28515625 0.021484375 0.021484375 
0 0.583984375 0.1806640625 0.021484375 0.021484375 
0 0.4169921875 0.263671875 0.021484375 0.021484375 
0 0.5234375 0.0576171875 0.021484375 0.021484375 
1 0.3642578125 0.45703125 0.021484375 0.021484375 
0 0.501953125 0.4111328125 0.0234375 0.0234375 
0 0.3251953125 0.20703125 0.0234375 0.0234375 
0 0.38671875 0.1025390625 0.021484375 0.021484375 
0 0.5341796875 0.517578125 0.021484375 0.021484375 
0 0.494140625 0.3232421875 0.021484375 0.021484375 
0 0.513671875 0.7900390625 0.0224609375 0.0224609375 
0 0.3505859375 0.103515625 0.021484375 0.021484375 
0 0.5146484375 0.1845703125 0.021484375 0.021484375 
0 0.365234375 0.0703125 0.0224609375 0.0224609375 
0 0.466796875 0.6787109375 0.021484375 0.021484375 
0 0.5771484375 0.25 0.021484375 0.021484375 
0 0.5 0.14453125 0.0234375 0.0234375 
0 0.3681640625 0.3896484375 0.021484375 0.021484375 
1 0.4658203125 0.11328125 0.021484375 0.021484375 
0 0.599609375 0.5078125 0.021484375 0.021484375 
0 0.5341796875 0.46875 0.021484375 0.021484375 
1 0.4404296875 0.076171875 0.0224609375 0.0224609375 
0 0.5849609375 0.2705078125 0.0234375 0.0234375 
0 0.58984375 0.291015625 0.021484375 0.021484375 
0 0.6416015625 0.1630859375 0.021484375 0.021484375 
1 0.4736328125 0.759765625 0.0234375 0.0234375 
0 0.5595703125 0.7197265625 0.021484375 0.021484375 
0 0.34765625 0.34375 0.0234375 0.0234375 
1 0.5908203125 0.5361328125 0.021484375 0.021484375 
0 0.51953125 0.64453125 0.0224609375 0.0224609375 
0 0.513671875 0.5693359375 0.021484375 0.021484375 
0 0.556640625 0.423828125 0.021484375 0.021484375 
0 0.5771484375 0.61328125 0.021484375 0.021484375 
1 0.47265625 0.1806640625 0.021484375 0.021484375 
0 0.3447265625 0.0771484375 0.0234375 0.0234375 
0 0.521484375 0.689453125 0.0234375 0.0234375 
1 0.40625 0.376953125 0.021484375 0.021484375 
0 0.599609375 0.236328125 0.021484375 0.021484375 
1 0.5625 0.5986328125 0.021484375 0.021484375 
0 0.7109375 0.0517578125 0.021484375 0.021484375 
0 0.4794921875 0.380859375 0.0234375 0.0234375 
0 0.5927734375 0.3115234375 0.021484375 0.021484375 
1 0.541015625 0.8466796875 0.0234375 0.0234375 
0 0.4287109375 0.4365234375 0.021484375 0.021484375 
0 0.48046875 0.3583984375 0.0234375 0.0234375 
1 0.53515625 0.5390625 0.0224609375 0.0224609375 
1 0.4736328125 0.6640625 0.0224609375 0.0224609375 
0 0.5361328125 0.205078125 0.021484375 0.021484375 
0 0.4248046875 0.6650390625 0.021484375 0.021484375 
1 0.6630859375 0.26171875 0.021484375 0.021484375 
0 0.4912109375 0.3935546875 0.021484375 0.021484375 
1 0.3828125 0.197265625 0.0224609375 0.0224609375 
0 0.359375 0.12890625 0.021484375 0.021484375 
0 0.4560546875 0.0654296875 0.0234375 0.0234375 
1 0.2958984375 0.05859375 0.0224609375 0.0224609375 
0 0.3642578125 0.3359375 0.021484375 0.021484375 
0 0.3818359375 0.4287109375 0.0234375 0.0234375 
1 0.603515625 0.3427734375 0.0224609375 0.0224609375 
0 0.412109375 0.5458984375 0.021484375 0.021484375 
0 0.4326171875 0.1826171875 0.021484375 0.021484375 
0 0.498046875 0.8603515625 0.021484375 0.021484375 
1 0.4111328125 0.4453125 0.021484375 0.021484375 
0 0.4306640625 0.205078125 0.021484375 0.021484375 
0 0.5537109375 0.4853515625 0.0234375 0.0234375 
0 0.470703125 0.556640625 0.0234375 0.0234375 
