0 0.400390625 0.3271484375 0.021484375 0.021484375 
0 0.5654296875 0.318359375 0.021484375 0.021484375 
1 0.6708984375 0.064453125 0.0224609375 0.0224609375 
0 0.583984375 0.23046875 0.021484375 0.021484375 
0 0.5439453125 0.8525390625 0.025390625 0.025390625 
0 0.5048828125 0.7841796875 0.025390625 0.025390625 
0 0.423828125 0.5302734375 0.0234375 0.0234375 
0 0.4541015625 0.287109375 0.0234375 0.0234375 
0 0.50390625 0.1728515625 0.0234375 0.0234375 
1 0.5400390625 0.38671875 0.021484375 0.021484375 
0 0.5400390625 0.5595703125 0.0234375 0.0234375 
0 0.36328125 0.259765625 0.021484375 0.021484375 
0 0.6318359375 0.4150390625 0.0234375 0.0234375 
1 0.5673828125 0.2841796875 0.021484375 0.021484375 
0 0.4599609375 0.03515625 0.0224609375 0.0224609375 
1 0.486328125 0.03515625 0.021484375 0.021484375 
0 0.4833984375 0.3173828125 0.021484375 0.021484375 
0 0.3076171875 0.083984375 0.021484375 0.021484375 
1 0.6904296875 0.0712890625 0.021484375 0.021484375 
0 0.576171875 0.21484375 0.021484375 0.021484375 
1 0.48828125 0.712890625 0.021484375 0.021484375 
0 0.33203125 0.0654296875 0.0234375 0.0234375 
0 0.46484375 0.6552734375 0.0224609375 0.0224609375 
0 0.689453125 0.1826171875 0.021484375 0.021484375 
0 0.4111328125 0.2451171875 0.0234375 0.0234375 
0 0.4912109375 0.462890625 0.021484375 0.021484375 
1 0.4638671875 0.8095703125 0.021484375 0.021484375 
0 0.568359375 0.69140625 0.0234375 0.0234375 
0 0.556640625 0.6591796875 0.021484375 0.021484375 
0 0.55859375 0.1025390625 0.021484375 0.021484375 
0 0.6142578125 0.5029296875 0.021484375 0.021484375 
0 0.5341796875 0.8115234375 0.0224609375 0.0224609375 
0 0.5 0.5546875 0.0234375 0.0234375 
0 0.5458984375 0.2275390625 0.0224609375 0.0224609375 
1 0.708984375 0.0625 0.0224609375 0.0224609375 
1 0.3466796875 0.083984375 0.021484375 0.021484375 
1 0.4052734375 0.1181640625 0.0224609375 0.0224609375 
0 0.505859375 0.3486328125 0.0234375 0.0234375 
0 0.6337890625 0.1123046875 0.021484375 0.021484375 
0 0.6416015625 0.060546875 0.0234375 0.0234375 
0 0.486328125 0.0576171875 0.021484375 0.021484375 
0 0.498046875 0.595703125 0.021484375 0.021484375 
0 0.572265625 0.1357421875 0.021484375 0.021484375 
0 0.4970703125 0.43359375 0.021484375 0.021484375 
0 0.6240234375 0.0908203125 0.021484375 0.021484375 
0 0.501953125 0.6103515625 0.021484375 0.021484375 
0 0.474609375 0.1630859375 0.0234375 0.0234375 
0 0.58203125 0.5712890625 0.0234375 0.0234375 
0 0.6259765625 0.3837890625 0.0224609375 0.0224609375 
0 0.53515625 0.6220703125 0.021484375 0.021484375 
0 0.3544921875 0.056640625 0.0234375 0.0234375 
0 0.4052734375 0.357421875 0.021484375 0.021484375 
0 0.3984375 0.177734375 0.021484375 0.021484375 
0 0.5556640625 0.5009765625 0.0234375 0.0234375 
0 0.49609375 0.888671875 0.0224609375 0.0224609375 
1 0.4462890625 0.34765625 0.021484375 0.021484375 
1 0.4296875 0.4150390625 0.021484375 0.021484375 
0 0.5546875 0.068359375 0.0234375 0.0234375 
1 0.490234375 0.291015625 0.021484375 0.021484375 
0 0.4248046875 0.0458984375 0.021484375 0.021484375 
0 0.5625 0.7353515625 0.021484375 0.021484375 
0 0.4208984375 0.345703125 0.021484375 0.021484375 
0 0.703125 0.0869140625 0.0224609375 0.0224609375 
1 0.521484375 0.3720703125 0.0224609375 0.0224609375 
0 0.53515625 0.646484375 0.021484375 0.021484375 
0 0.6201171875 0.2158203125 0.0234375 0.0234375 
0 0.265625 0.0302734375 0.0234375 0.0234375 
0 0.51953125 0.4033203125 0.0234375 0.0234375 
1 0.55859375 0.564453125 0.021484375 0.021484375 
0 0.578125 0.4453125 0.021484375 0.021484375 
0 0.4580078125 0.7080078125 0.021484375 0.021484375 
0 0.5849609375 0.24609375 0.021484375 0.021484375 
0 0.3671875 0.2041015625 0.021484375 0.021484375 
0 0.521484375 0.5068359375 0.021484375 0.021484375 
1 0.5185546875 0.560546875 0.0224609375 0.0224609375 
0 0.568359375 0.0517578125 0.021484375 0.021484375 
0 0.607421875 0.30859375 0.021484375 0.021484375 
1 0.5283203125 0.734375 0.021484375 0.021484375 
0 0.322265625 0.1865234375 0.021484375 0.021484375 
0 0.5224609375 0.5771484375 0.021484375 0.021484375 
1 0.51171875 0.6220703125 0.0224609375 0.0224609375 
0 0.6005859375 0.18359375 0.0224609375 0.0224609375 
0 0.544921875 0.314453125 0.021484375 0.021484375 
0 0.576171875 0.1533203125 0.0224609375 0.0224609375 
0 0.3955078125 0.2021484375 0.021484375 0.021484375 
0 0.607421875 0.482421875 0.0224609375 0.0224609375 
1 0.4443359375 0.6103515625 0.021484375 0.021484375 
0 0.4296875 0.5458984375 0.0224609375 0.0224609375 
1 0.462890625 0.18359375 0.021484375 0.021484375 
0 0.3046875 0.1171875 0.0234375 0.0234375 
0 0.361328125 0.376953125 0.021484375 0.021484375 
0 0.396484375 0.5107421875 0.021484375 0.021484375 
0 0.69140625 0.1640625 0.021484375 0.021484375 
0 0.5009765625 0.703125 0.0234375 0.0234375 
1 0.4326171875 0.2509765625 0.021484375 0.021484375 
0 0.4384765625 0.6923828125 0.0234375 0.0234375 
0 0.5302734375 0.529296875 0.0234375 0.0234375 
0 0.466796875 0.521484375 0.021484375 0.021484375 
0 0.5419921875 0.4365234375 0.0234375 0.0234375 
0 0.513671875 0.7578125 0.021484375 0.021484375 
1 0.3779296875 0.248046875 0.021484375 0.021484375 
0 0.3291015625 0.087890625 0.021484375 0.021484375 
1 0.416015625 0.638671875 0.021484375 0.021484375 
0 0.6640625 0.134765625 0.0234375 0.0234375 
0 0.4892578125 0.67578125 0.021484375 0.021484375 
1 0.2998046875 0.0478515625 0.021484375 0.021484375 
1 0.458984375 0.4765625 0.021484375 0.021484375 
0 0.408203125 0.0751953125 0.021484375 0.021484375 
0 0.447265625 0.056640625 0.021484375 0.021484375 
0 0.4052734375 0.0400390625 0.021484375 0.021484375 
0 0.4814453125 0.8505859375 0.025390625 0.025390625 
0 0.5869140625 0.08984375 0.0234375 0.0234375 
0 0.5751953125 0.3740234375 0.021484375 0.021484375 
0 0.580078125 0.2958984375 0.0234375 0.0234375 
1 0.3525390625 0.1103515625 0.021484375 0.021484375 
0 0.6708984375 0.1044921875 0.021484375 0.021484375 
0 0.4462890625 0.439453125 0.0224609375 0.0224609375 
0 0.5 0.271484375 0.0234375 0.0234375 
0 0.46484375 0.876953125 0.01953125 0.01953125 
1 0.3515625 0.302734375 0.021484375 0.021484375 
0 0.51171875 0.1025390625 0.021484375 0.021484375 
0 0.5966796875 0.4248046875 0.021484375 0.021484375 
0 0.3154296875 0.03125 0.0224609375 0.0224609375 
0 0.3935546875 0.287109375 0.021484375 0.021484375 
0 0.5185546875 0.6943359375 0.0234375 0.0234375 
0 0.421875 0.5849609375 0.0234375 0.0234375 
0 0.3759765625 0.181640625 0.0224609375 0.0224609375 
0 0.3505859375 0.1318359375 0.021484375 0.021484375 
0 0.51171875 0.806640625 0.0224609375 0.0224609375 
1 0.4609375 0.091796875 0.0224609375 0.0224609375 
0 0.5791015625 0.18359375 0.021484375 0.021484375 
1 0.583984375 0.28125 0.021484375 0.021484375 
0 0.41015625 0.21484375 0.021484375 0.021484375 
0 0.416015625 0.4638671875 0.021484375 0.021484375 
0 0.6533203125 0.033203125 0.021484375 0.021484375 
0 0.572265625 0.4990234375 0.021484375 0.021484375 
1 0.3642578125 0.2236328125 0.0224609375 0.0224609375 
1 0.474609375 0.60546875 0.021484375 0.021484375 
0 0.65625 0.189453125 0.0234375 0.0234375 
0 0.51171875 0.4638671875 0.021484375 0.021484375 
1 0.6533203125 0.263671875 0.021484375 0.021484375 
0 0.46484375 0.2177734375 0.021484375 0.021484375 
1 0.54296875 0.330078125 0.0224609375 0.0224609375 
0 0.3828125 0.1630859375 0.0224609375 0.0224609375 
0 0.4267578125 0.20703125 0.021484375 0.021484375 
0 0.4169921875 0.6640625 0.021484375 0.021484375 
1 0.275390625 0.0419921875 0.0224609375 0.0224609375 
0 0.4228515625 0.36328125 0.021484375 0.021484375 
0 0.5048828125 0.322265625 0.0224609375 0.0224609375 
0 0.5 0.869140625 0.0224609375 0.0224609375 
1 0.5625 0.0810546875 0.021484375 0.021484375 
1 0.6923828125 0.109375 0.0224609375 0.0224609375 
0 0.4501953125 0.3046875 0.0234375 0.0234375 
0 0.4736328125 0.421875 0.021484375 0.021484375 
0 0.3916015625 0.4091796875 0.021484375 0.021484375 
0 0.41015625 0.55859375 0.021484375 0.021484375 
1 0.41015625 0.197265625 0.021484375 0.021484375 
0 0.568359375 0.599609375 0.0234375 0.0234375 
0 0.38671875 0.38671875 0.021484375 0.021484375 
0 0.6552734375 0.2470703125 0.0234375 0.0234375 
0 0.583984375 0.6767578125 0.021484375 0.021484375 
0 0.4619140625 0.5634765625 0.021484375 0.021484375 
0 0.509765625 0.4873046875 0.021484375 0.021484375 
1 0.458984375 0.39453125 0.0224609375 0.0224609375 
0 0.373046875 0.0595703125 0.021484375 0.021484375 
0 0.4853515625 0.62890625 0.021484375 0.021484375 
0 0.4267578125 0.607421875 0.0234375 0.0234375 
