0 0.5458984375 0.4677734375 0.021484375 0.021484375 
1 0.61328125 0.0595703125 0.021484375 0.021484375 
0 0.4736328125 0.2890625 0.021484375 0.021484375 
0 0.4775390625 0.375 0.021484375 0.021484375 
0 0.4384765625 0.4189453125 0.021484375 0.021484375 
1 0.470703125 0.24609375 0.0224609375 0.0224609375 
0 0.3974609375 0.3056640625 0.0234375 0.0234375 
0 0.568359375 0.1943359375 0.021484375 0.021484375 
0 0.484375 0.0927734375 0.021484375 0.021484375 
0 0.28515625 0.076171875 0.021484375 0.021484375 
1 0.4892578125 0.4267578125 0.021484375 0.021484375 
1 0.5361328125 0.7998046875 0.021484375 0.021484375 
1 0.4541015625 0.35546875 0.0224609375 0.0224609375 
0 0.4736328125 0.5869140625 0.0234375 0.0234375 
1 0.623046875 0.0849609375 0.021484375 0.021484375 
1 0.5419921875 0.40625 0.021484375 0.021484375 
0 0.5361328125 0.1240234375 0.0234375 0.0234375 
1 0.595703125 0.4287109375 0.0224609375 0.0224609375 
0 0.6123046875 0.322265625 0.0234375 0.0234375 
1 0.5244140625 0.1533203125 0.0224609375 0.0224609375 
0 0.5771484375 0.6455078125 0.021484375 0.021484375 
0 0.3310546875 0.125 0.021484375 0.021484375 
0 0.4775390625 0.1357421875 0.021484375 0.021484375 
0 0.3544921875 0.375 0.021484375 0.021484375 
1 0.41796875 0.580078125 0.021484375 0.021484375 
0 0.4287109375 0.4736328125 0.0234375 0.0234375 
0 0.4384765625 0.736328125 0.0234375 0.0234375 
0 0.42578125 0.525390625 0.0234375 0.0234375 
0 0.3359375 0.060546875 0.0234375 0.0234375 
0 0.4580078125 0.0595703125 0.021484375 0.021484375 
0 0.6328125 0.3056640625 0.021484375 0.021484375 
1 0.37109375 0.4619140625 0.021484375 0.021484375 
1 0.44921875 0.212890625 0.0224609375 0.0224609375 
0 0.3916015625 0.2587890625 0.021484375 0.021484375 
1 0.615234375 0.5244140625 0.021484375 0.021484375 
0 0.3125 0.103515625 0.0234375 0.0234375 
0 0.5693359375 0.29296875 0.0234375 0.0234375 
0 0.4541015625 0.18359375 0.021484375 0.021484375 
0 0.421875 0.2060546875 0.021484375 0.021484375 
1 0.4208984375 0.3759765625 0.0224609375 0.0224609375 
0 0.4638671875 0.7724609375 0.025390625 0.025390625 
0 0.451171875 0.30078125 0.0234375 0.0234375 
0 0.578125 0.681640625 0.021484375 0.021484375 
0 0.5341796875 0.55078125 0.0234375 0.0234375 
0 0.5322265625 0.7412109375 0.021484375 0.021484375 
0 0.4130859375 0.171875 0.021484375 0.021484375 
0 0.4365234375 0.2275390625 0.0234375 0.0234375 
0 0.4970703125 0.248046875 0.021484375 0.021484375 
0 0.5185546875 0.1748046875 0.021484375 0.021484375 
1 0.3955078125 0.46875 0.021484375 0.021484375 
1 0.6103515625 0.3837890625 0.0224609375 0.0224609375 
0 0.63671875 0.181640625 0.0224609375 0.0224609375 
0 0.5205078125 0.3173828125 0.021484375 0.021484375 
1 0.37109375 0.375 0.021484375 0.021484375 
0 0.3759765625 0.3115234375 0.0224609375 0.0224609375 
0 0.654296875 0.1220703125 0.0234375 0.0234375 
0 0.40234375 0.58203125 0.0234375 0.0234375 
0 0.513671875 0.63671875 0.021484375 0.021484375 
0 0.5732421875 0.34765625 0.021484375 0.021484375 
0 0.3583984375 0.431640625 0.021484375 0.021484375 
0 0.3447265625 0.0849609375 0.0234375 0.0234375 
0 0.6162109375 0.1591796875 0.021484375 0.021484375 
1 0.59765625 0.169921875 0.021484375 0.021484375 
0 0.5048828125 0.7197265625 0.021484375 0.021484375 
0 0.2802734375 0.0908203125 0.021484375 0.021484375 
0 0.310546875 0.0537109375 0.0234375 0.0234375 
0 0.513671875 0.5322265625 0.021484375 0.021484375 
1 0.4541015625 0.7265625 0.021484375 0.021484375 
1 0.4482421875 0.2451171875 0.021484375 0.021484375 
0 0.40625 0.0537109375 0.0234375 0.0234375 
0 0.6298828125 0.3974609375 0.021484375 0.021484375 
0 0.4775390625 0.5283203125 0.0224609375 0.0224609375 
0 0.6162109375 0.1396484375 0.0234375 0.0234375 
1 0.3408203125 0.2021484375 0.021484375 0.021484375 
0 0.4296875 0.4326171875 0.0234375 0.0234375 
0 0.6181640625 0.19921875 0.021484375 0.021484375 
0 0.451171875 0.126953125 0.021484375 0.021484375 
1 0.4794921875 0.748046875 0.021484375 0.021484375 
0 0.6396484375 0.166015625 0.0224609375 0.0224609375 
1 0.5654296875 0.5615234375 0.021484375 0.021484375 
1 0.3759765625 0.1591796875 0.021484375 0.021484375 
0 0.525390625 0.052734375 0.0224609375 0.0224609375 
1 0.4345703125 0.27734375 0.021484375 0.021484375 
0 0.443359375 0.08984375 0.0234375 0.0234375 
0 0.4404296875 0.767578125 0.0224609375 0.0224609375 
0 0.6474609375 0.2529296875 0.0234375 0.0234375 
0 0.693359375 0.064453125 0.0224609375 0.0224609375 
0 0.5048828125 0.353515625 0.0224609375 0.0224609375 
1 0.515625 0.6640625 0.021484375 0.021484375 
1 0.5576171875 0.4052734375 0.021484375 0.021484375 
0 0.560546875 0.6884765625 0.0234375 0.0234375 
0 0.578125 0.62890625 0.0234375 0.0234375 
0 0.396484375 0.373046875 0.021484375 0.021484375 
0 0.685546875 0.037109375 0.0234375 0.0234375 
0 0.619140625 0.509765625 0.021484375 0.021484375 
0 0.572265625 0.3642578125 0.0224609375 0.0224609375 
0 0.640625 0.3642578125 0.021484375 0.021484375 
0 0.3447265625 0.234375 0.0234375 0.0234375 
0 0.3095703125 0.2080078125 0.0224609375 0.0224609375 
0 0.392578125 0.103515625 0.0224609375 0.0224609375 
1 0.6494140625 0.2724609375 0.021484375 0.021484375 
0 0.525390625 0.3720703125 0.0234375 0.0234375 
0 0.44921875 0.4853515625 0.021484375 0.021484375 
0 0.5400390625 0.3271484375 0.0234375 0.0234375 
0 0.4580078125 0.7529296875 0.0224609375 0.0224609375 
0 0.6181640625 0.275390625 0.021484375 0.021484375 
0 0.49609375 0.1962890625 0.021484375 0.021484375 
0 0.4208984375 0.1259765625 0.021484375 0.021484375 
1 0.5048828125 0.763671875 0.021484375 0.021484375 
1 0.455078125 0.4013671875 0.0224609375 0.0224609375 
0 0.61328125 0.22265625 0.021484375 0.021484375 
0 0.4267578125 0.2626953125 0.0224609375 0.0224609375 
1 0.455078125 0.5634765625 0.021484375 0.021484375 
1 0.302734375 0.1513671875 0.0224609375 0.0224609375 
0 0.513671875 0.2421875 0.0234375 0.0234375 
1 0.48046875 0.451171875 0.021484375 0.021484375 
0 0.4609375 0.4150390625 0.0224609375 0.0224609375 
0 0.388671875 0.509765625 0.0234375 0.0234375 
1 0.458984375 0.3193359375 0.021484375 0.021484375 
1 0.486328125 0.677734375 0.021484375 0.021484375 
0 0.5029296875 0.478515625 0.021484375 0.021484375 
0 0.3251953125 0.0859375 0.0234375 0.0234375 
