1 0.5703125 0.103515625 0.021484375 0.021484375 
1 0.44140625 0.1669921875 0.0224609375 0.0224609375 
0 0.5341796875 0.1962890625 0.0234375 0.0234375 
0 0.4716796875 0.734375 0.0234375 0.0234375 
0 0.4208984375 0.1494140625 0.0234375 0.0234375 
0 0.48828125 0.6328125 0.0234375 0.0234375 
0 0.505859375 0.1484375 0.0224609375 0.0224609375 
0 0.6220703125 0.3154296875 0.021484375 0.021484375 
1 0.412109375 0.060546875 0.0224609375 0.0224609375 
0 0.6591796875 0.2568359375 0.0234375 0.0234375 
0 0.4306640625 0.693359375 0.0234375 0.0234375 
1 0.5673828125 0.5126953125 0.021484375 0.021484375 
0 0.5078125 0.7900390625 0.021484375 0.021484375 
1 0.599609375 0.5283203125 0.0224609375 0.0224609375 
0 0.4375 0.5498046875 0.0224609375 0.0224609375 
0 0.4052734375 0.44140625 0.0234375 0.0234375 
0 0.3681640625 0.310546875 0.021484375 0.021484375 
0 0.64453125 0.140625 0.021484375 0.021484375 
1 0.494140625 0.7568359375 0.021484375 0.021484375 
0 0.6240234375 0.4248046875 0.0234375 0.0234375 
0 0.61328125 0.24609375 0.0224609375 0.0224609375 
0 0.626953125 0.0458984375 0.021484375 0.021484375 
0 0.50390625 0.48046875 0.0234375 0.0234375 
0 0.5205078125 0.8115234375 0.021484375 0.021484375 
0 0.6708984375 0.228515625 0.0234375 0.0234375 
0 0.4580078125 0.283203125 0.021484375 0.021484375 
0 0.3466796875 0.3095703125 0.0234375 0.0234375 
0 0.4130859375 0.0380859375 0.0224609375 0.0224609375 
1 0.412109375 0.0888671875 0.0224609375 0.0224609375 
0 0.453125 0.2568359375 0.021484375 0.021484375 
0 0.59375 0.4501953125 0.021484375 0.021484375 
0 0.4345703125 0.75390625 0.0224609375 0.0224609375 
0 0.52734375 0.3330078125 0.021484375 0.021484375 
1 0.314453125 0.1123046875 0.021484375 0.021484375 
1 0.50390625 0.5048828125 0.021484375 0.021484375 
0 0.533203125 0.2939453125 0.0234375 0.0234375 
0 0.298828125 0.1025390625 0.021484375 0.021484375 
1 0.37109375 0.228515625 0.0224609375 0.0224609375 
1 0.3935546875 0.5029296875 0.021484375 0.021484375 
0 0.60546875 0.1796875 0.0224609375 0.0224609375 
0 0.505859375 0.1240234375 0.0234375 0.0234375 
0 0.5556640625 0.1875 0.0224609375 0.0224609375 
0 0.5791015625 0.1171875 0.021484375 0.021484375 
0 0.572265625 0.4658203125 0.0234375 0.0234375 
0 0.435546875 0.3876953125 0.021484375 0.021484375 
1 0.3935546875 0.4541015625 0.0224609375 0.0224609375 
0 0.61328125 0.5185546875 0.0224609375 0.0224609375 
0 0.3349609375 0.0751953125 0.021484375 0.021484375 
0 0.6142578125 0.498046875 0.0234375 0.0234375 
0 0.32421875 0.1328125 0.021484375 0.021484375 
0 0.4482421875 0.2255859375 0.021484375 0.021484375 
1 0.4130859375 0.3037109375 0.021484375 0.021484375 
0 0.5400390625 0.5859375 0.021484375 0.021484375 
1 0.5751953125 0.28125 0.0224609375 0.0224609375 
0 0.6513671875 0.171875 0.0234375 0.0234375 
0 0.376953125 0.0595703125 0.021484375 0.021484375 
0 0.30078125 0.1455078125 0.0234375 0.0234375 
0 0.671875 0.10546875 0.021484375 0.021484375 
0 0.490234375 0.673828125 0.0224609375 0.0224609375 
0 0.6572265625 0.2158203125 0.021484375 0.021484375 
1 0.60546875 0.2626953125 0.021484375 0.021484375 
1 0.5400390625 0.2138671875 0.021484375 0.021484375 
0 0.5869140625 0.240234375 0.021484375 0.021484375 
0 0.48828125 0.716796875 0.0234375 0.0234375 
0 0.6767578125 0.0771484375 0.021484375 0.021484375 
0 0.439453125 0.529296875 0.0234375 0.0234375 
0 0.62890625 0.2626953125 0.0234375 0.0234375 
0 0.63671875 0.125 0.0234375 0.0234375 
0 0.455078125 0.099609375 0.021484375 0.021484375 
0 0.3486328125 0.0322265625 0.021484375 0.021484375 
0 0.421875 0.669921875 0.021484375 0.021484375 
1 0.2783203125 0.0908203125 0.021484375 0.021484375 
1 0.46484375 0.3642578125 0.021484375 0.021484375 
0 0.4228515625 0.4267578125 0.021484375 0.021484375 
0 0.55078125 0.2607421875 0.0234375 0.0234375 
0 0.3134765625 0.2373046875 0.021484375 0.021484375 
0 0.453125 0.6044921875 0.021484375 0.021484375 
0 0.533203125 0.673828125 0.021484375 0.021484375 
1 0.4658203125 0.4375 0.0224609375 0.0224609375 
