0 0.6376953125 0.345703125 0.0234375 0.0234375 
0 0.5947265625 0.265625 0.0234375 0.0234375 
0 0.3408203125 0.14453125 0.021484375 0.021484375 
0 0.51171875 0.53515625 0.021484375 0.021484375 
0 0.4326171875 0.1396484375 0.0234375 0.0234375 
0 0.6083984375 0.30078125 0.0234375 0.0234375 
1 0.6162109375 0.091796875 0.021484375 0.021484375 
1 0.4228515625 0.3525390625 0.021484375 0.021484375 
0 0.5009765625 0.4765625 0.021484375 0.021484375 
0 0.2958984375 0.0791015625 0.021484375 0.021484375 
1 0.3984375 0.0732421875 0.021484375 0.021484375 
0 0.6123046875 0.392578125 0.021484375 0.021484375 
0 0.546875 0.732421875 0.0234375 0.0234375 
1 0.6689453125 0.166015625 0.0224609375 0.0224609375 
1 0.5078125 0.83984375 0.0234375 0.0234375 
0 0.5205078125 0.5185546875 0.021484375 0.021484375 
0 0.5419921875 0.626953125 0.021484375 0.021484375 
0 0.396484375 0.265625 0.0224609375 0.0224609375 
0 0.7041015625 0.08203125 0.021484375 0.021484375 
1 0.48828125 0.041015625 0.021484375 0.021484375 
0 0.5048828125 0.2939453125 0.021484375 0.021484375 
0 0.59375 0.328125 0.021484375 0.021484375 
0 0.3955078125 0.1318359375 0.0234375 0.0234375 
0 0.341796875 0.30859375 0.021484375 0.021484375 
0 0.6474609375 0.20703125 0.021484375 0.021484375 
0 0.439453125 0.1044921875 0.021484375 0.021484375 
0 0.533203125 0.275390625 0.021484375 0.021484375 
1 0.3955078125 0.234375 0.021484375 0.021484375 
0 0.62890625 0.2744140625 0.0234375 0.0234375 
0 0.4345703125 0.0498046875 0.0234375 0.0234375 
0 0.4208984375 0.640625 0.0234375 0.0234375 
1 0.375 0.130859375 0.021484375 0.021484375 
0 0.4892578125 0.0615234375 0.0234375 0.0234375 
1 0.5263671875 0.546875 0.0224609375 0.0224609375 
1 0.4658203125 0.8857421875 0.0234375 0.0234375 
0 0.462890625 0.6787109375 0.0234375 0.0234375 
1 0.5361328125 0.2470703125 0.0224609375 0.0224609375 
0 0.3818359375 0.486328125 0.0224609375 0.0224609375 
1 0.458984375 0.8193359375 0.0234375 0.0234375 
1 0.51953125 0.5947265625 0.021484375 0.021484375 
0 0.548828125 0.19921875 0.021484375 0.021484375 
0 0.587890625 0.05859375 0.021484375 0.021484375 
0 0.53125 0.337890625 0.021484375 0.021484375 
0 0.3115234375 0.16796875 0.021484375 0.021484375 
0 0.5283203125 0.7421875 0.021484375 0.021484375 
1 0.3662109375 0.03125 0.0224609375 0.0224609375 
0 0.54296875 0.052734375 0.0234375 0.0234375 
0 0.6416015625 0.068359375 0.021484375 0.021484375 
0 0.7080078125 0.044921875 0.021484375 0.021484375 
0 0.6806640625 0.0576171875 0.021484375 0.021484375 
0 0.5576171875 0.26171875 0.0234375 0.0234375 
0 0.50390625 0.205078125 0.021484375 0.021484375 
1 0.4462890625 0.369140625 0.021484375 0.021484375 
0 0.59375 0.5849609375 0.021484375 0.021484375 
0 0.6025390625 0.216796875 0.021484375 0.021484375 
0 0.50390625 0.642578125 0.021484375 0.021484375 
0 0.3388671875 0.2880859375 0.021484375 0.021484375 
0 0.46484375 0.798828125 0.0224609375 0.0224609375 
0 0.580078125 0.537109375 0.0234375 0.0234375 
0 0.4794921875 0.7060546875 0.0234375 0.0234375 
0 0.392578125 0.28515625 0.0234375 0.0234375 
0 0.5478515625 0.3515625 0.0234375 0.0234375 
0 0.4443359375 0.2822265625 0.0234375 0.0234375 
0 0.5556640625 0.2373046875 0.021484375 0.021484375 
0 0.4072265625 0.537109375 0.0234375 0.0234375 
0 0.4287109375 0.51953125 0.021484375 0.021484375 
0 0.390625 0.154296875 0.021484375 0.021484375 
1 0.4892578125 0.8076171875 0.021484375 0.021484375 
0 0.4111328125 0.3095703125 0.021484375 0.021484375 
0 0.4677734375 0.6259765625 0.0234375 0.0234375 
0 0.630859375 0.458984375 0.021484375 0.021484375 
0 0.669921875 0.068359375 0.021484375 0.021484375 
0 0.4873046875 0.7529296875 0.025390625 0.025390625 
1 0.2998046875 0.1171875 0.021484375 0.021484375 
0 0.546875 0.5517578125 0.0234375 0.0234375 
0 0.583984375 0.5517578125 0.0234375 0.0234375 
0 0.5009765625 0.3466796875 0.0234375 0.0234375 
0 0.572265625 0.0703125 0.021484375 0.021484375 
1 0.5986328125 0.384765625 0.0224609375 0.0224609375 
1 0.6015625 0.1767578125 0.0224609375 0.0224609375 
0 0.552734375 0.6689453125 0.0234375 0.0234375 
0 0.4052734375 0.095703125 0.0234375 0.0234375 
0 0.6884765625 0.072265625 0.021484375 0.021484375 
0 0.5048828125 0.4072265625 0.021484375 0.021484375 
1 0.62890625 0.4189453125 0.0224609375 0.0224609375 
0 0.603515625 0.564453125 0.021484375 0.021484375 
0 0.6357421875 0.189453125 0.0224609375 0.0224609375 
0 0.5126953125 0.7548828125 0.0224609375 0.0224609375 
0 0.6025390625 0.1455078125 0.021484375 0.021484375 
0 0.5546875 0.716796875 0.0224609375 0.0224609375 
1 0.375 0.2470703125 0.021484375 0.021484375 
0 0.58984375 0.4306640625 0.021484375 0.021484375 
1 0.5556640625 0.134765625 0.021484375 0.021484375 
0 0.4443359375 0.6982421875 0.0234375 0.0234375 
1 0.3125 0.1962890625 0.021484375 0.021484375 
1 0.525390625 0.1455078125 0.021484375 0.021484375 
0 0.4423828125 0.51171875 0.0234375 0.0234375 
0 0.494140625 0.248046875 0.021484375 0.021484375 
0 0.5224609375 0.7939453125 0.0224609375 0.0224609375 
0 0.3564453125 0.4189453125 0.0234375 0.0234375 
0 0.5517578125 0.40625 0.021484375 0.021484375 
1 0.4892578125 0.4267578125 0.021484375 0.021484375 
0 0.466796875 0.130859375 0.021484375 0.021484375 
0 0.357421875 0.16015625 0.021484375 0.021484375 
0 0.45703125 0.7783203125 0.0234375 0.0234375 
0 0.4130859375 0.2646484375 0.021484375 0.021484375 
0 0.509765625 0.046875 0.021484375 0.021484375 
0 0.52734375 0.8974609375 0.0224609375 0.0224609375 
0 0.5654296875 0.341796875 0.021484375 0.021484375 
0 0.5283203125 0.259765625 0.021484375 0.021484375 
1 0.5908203125 0.2998046875 0.021484375 0.021484375 
0 0.2861328125 0.0947265625 0.021484375 0.021484375 
0 0.53515625 0.8603515625 0.0224609375 0.0224609375 
0 0.51171875 0.69140625 0.021484375 0.021484375 
0 0.5751953125 0.478515625 0.021484375 0.021484375 
1 0.296875 0.138671875 0.021484375 0.021484375 
0 0.509765625 0.421875 0.0234375 0.0234375 
0 0.44921875 0.533203125 0.021484375 0.021484375 
0 0.42578125 0.451171875 0.021484375 0.021484375 
0 0.3427734375 0.3486328125 0.0234375 0.0234375 
0 0.525390625 0.23046875 0.021484375 0.021484375 
0 0.3984375 0.4384765625 0.0234375 0.0234375 
0 0.5390625 0.6572265625 0.0234375 0.0234375 
0 0.560546875 0.185546875 0.021484375 0.021484375 
0 0.5498046875 0.158203125 0.0234375 0.0234375 
0 0.4677734375 0.244140625 0.021484375 0.021484375 
0 0.55078125 0.58984375 0.021484375 0.021484375 
0 0.5537109375 0.451171875 0.021484375 0.021484375 
0 0.40234375 0.3447265625 0.0234375 0.0234375 
0 0.53515625 0.4541015625 0.021484375 0.021484375 
0 0.3818359375 0.4482421875 0.0234375 0.0234375 
0 0.4541015625 0.30859375 0.021484375 0.021484375 
0 0.3193359375 0.2646484375 0.0234375 0.0234375 
0 0.5859375 0.2265625 0.021484375 0.021484375 
1 0.568359375 0.3056640625 0.021484375 0.021484375 
0 0.521484375 0.640625 0.021484375 0.021484375 
0 0.47265625 0.55859375 0.0234375 0.0234375 
0 0.4794921875 0.5771484375 0.021484375 0.021484375 
0 0.5712890625 0.58203125 0.021484375 0.021484375 
0 0.505859375 0.5048828125 0.0234375 0.0234375 
0 0.494140625 0.83203125 0.0234375 0.0234375 
0 0.6083984375 0.3701171875 0.0234375 0.0234375 
1 0.474609375 0.205078125 0.021484375 0.021484375 
0 0.6806640625 0.107421875 0.021484375 0.021484375 
0 0.5205078125 0.578125 0.0234375 0.0234375 
0 0.3701171875 0.412109375 0.0224609375 0.0224609375 
0 0.50390625 0.814453125 0.025390625 0.025390625 
0 0.3984375 0.052734375 0.021484375 0.021484375 
0 0.5009765625 0.4580078125 0.0234375 0.0234375 
1 0.427734375 0.4208984375 0.021484375 0.021484375 
0 0.44140625 0.1259765625 0.0234375 0.0234375 
1 0.513671875 0.1201171875 0.0224609375 0.0224609375 
0 0.47265625 0.6103515625 0.021484375 0.021484375 
0 0.4267578125 0.685546875 0.021484375 0.021484375 
0 0.3642578125 0.2294921875 0.021484375 0.021484375 
1 0.37109375 0.3837890625 0.021484375 0.021484375 
