1 0.52734375 0.44140625 0.021484375 0.021484375 
0 0.41796875 0.6396484375 0.0234375 0.0234375 
0 0.6298828125 0.30859375 0.0234375 0.0234375 
1 0.4169921875 0.1201171875 0.021484375 0.021484375 
1 0.4609375 0.2666015625 0.021484375 0.021484375 
0 0.626953125 0.125 0.021484375 0.021484375 
0 0.6826171875 0.103515625 0.021484375 0.021484375 
0 0.3759765625 0.49609375 0.0234375 0.0234375 
0 0.521484375 0.2978515625 0.0234375 0.0234375 
1 0.580078125 0.3984375 0.021484375 0.021484375 
1 0.66015625 0.216796875 0.021484375 0.021484375 
0 0.431640625 0.443359375 0.021484375 0.021484375 
0 0.59765625 0.48828125 0.021484375 0.021484375 
0 0.380859375 0.0595703125 0.0224609375 0.0224609375 
0 0.4130859375 0.46484375 0.021484375 0.021484375 
1 0.53125 0.0615234375 0.021484375 0.021484375 
0 0.546875 0.4345703125 0.021484375 0.021484375 
0 0.4150390625 0.3603515625 0.0234375 0.0234375 
0 0.5068359375 0.7451171875 0.021484375 0.021484375 
0 0.49609375 0.693359375 0.0234375 0.0234375 
0 0.5595703125 0.208984375 0.021484375 0.021484375 
0 0.451171875 0.5869140625 0.021484375 0.021484375 
0 0.53515625 0.6005859375 0.021484375 0.021484375 
1 0.5517578125 0.1396484375 0.0224609375 0.0224609375 
1 0.3212890625 0.267578125 0.021484375 0.021484375 
1 0.5986328125 0.431640625 0.021484375 0.021484375 
0 0.3359375 0.2109375 0.021484375 0.021484375 
0 0.56640625 0.4462890625 0.021484375 0.021484375 
0 0.3857421875 0.259765625 0.021484375 0.021484375 
1 0.349609375 0.1513671875 0.021484375 0.021484375 
0 0.5478515625 0.82421875 0.0224609375 0.0224609375 
1 0.4130859375 0.154296875 0.0224609375 0.0224609375 
1 0.3779296875 0.306640625 0.021484375 0.021484375 
0 0.5869140625 0.1357421875 0.0224609375 0.0224609375 
1 0.3125 0.142578125 0.0224609375 0.0224609375 
0 0.505859375 0.765625 0.021484375 0.021484375 
0 0.6884765625 0.169921875 0.0224609375 0.0224609375 
0 0.3984375 0.404296875 0.021484375 0.021484375 
0 0.3232421875 0.0390625 0.021484375 0.021484375 
0 0.505859375 0.6083984375 0.021484375 0.021484375 
0 0.5791015625 0.3720703125 0.0234375 0.0234375 
0 0.5771484375 0.654296875 0.021484375 0.021484375 
0 0.4501953125 0.650390625 0.0234375 0.0234375 
1 0.4638671875 0.5146484375 0.021484375 0.021484375 
1 0.451171875 0.5048828125 0.021484375 0.021484375 
0 0.4306640625 0.0517578125 0.021484375 0.021484375 
0 0.421875 0.658203125 0.0234375 0.0234375 
0 0.462890625 0.087890625 0.0234375 0.0234375 
0 0.63671875 0.185546875 0.0234375 0.0234375 
0 0.4697265625 0.83203125 0.021484375 0.021484375 
0 0.59375 0.5830078125 0.0234375 0.0234375 
0 0.5439453125 0.3505859375 0.021484375 0.021484375 
0 0.453125 0.1708984375 0.0224609375 0.0224609375 
0 0.5302734375 0.25390625 0.0224609375 0.0224609375 
1 0.453125 0.55859375 0.021484375 0.021484375 
0 0.599609375 0.212890625 0.021484375 0.021484375 
0 0.392578125 0.037109375 0.0234375 0.0234375 
0 0.576171875 0.3525390625 0.0234375 0.0234375 
1 0.7021484375 0.052734375 0.021484375 0.021484375 
1 0.2841796875 0.05078125 0.021484375 0.021484375 
0 0.369140625 0.1240234375 0.021484375 0.021484375 
1 0.296875 0.1025390625 0.021484375 0.021484375 
0 0.3896484375 0.421875 0.021484375 0.021484375 
0 0.5546875 0.736328125 0.021484375 0.021484375 
0 0.4072265625 0.2919921875 0.021484375 0.021484375 
0 0.5576171875 0.3583984375 0.0234375 0.0234375 
0 0.46484375 0.8662109375 0.01953125 0.01953125 
0 0.3505859375 0.1181640625 0.021484375 0.021484375 
0 0.6689453125 0.060546875 0.021484375 0.021484375 
0 0.37890625 0.0859375 0.0234375 0.0234375 
0 0.314453125 0.0732421875 0.021484375 0.021484375 
0 0.49609375 0.1298828125 0.0234375 0.0234375 
0 0.5205078125 0.3310546875 0.0234375 0.0234375 
0 0.482421875 0.208984375 0.021484375 0.021484375 
0 0.5498046875 0.478515625 0.021484375 0.021484375 
0 0.28125 0.099609375 0.0234375 0.0234375 
0 0.5517578125 0.8046875 0.021484375 0.021484375 
0 0.34375 0.2265625 0.0234375 0.0234375 
0 0.56640625 0.5419921875 0.0224609375 0.0224609375 
1 0.5302734375 0.6748046875 0.021484375 0.021484375 
0 0.341796875 0.041015625 0.021484375 0.021484375 
1 0.40234375 0.5732421875 0.021484375 0.021484375 
1 0.51171875 0.2861328125 0.021484375 0.021484375 
0 0.501953125 0.455078125 0.0234375 0.0234375 
1 0.6220703125 0.1728515625 0.0224609375 0.0224609375 
0 0.46484375 0.70703125 0.021484375 0.021484375 
0 0.509765625 0.103515625 0.0234375 0.0234375 
0 0.62890625 0.35546875 0.021484375 0.021484375 
0 0.4443359375 0.39453125 0.021484375 0.021484375 
0 0.6171875 0.208984375 0.021484375 0.021484375 
0 0.47265625 0.1533203125 0.0234375 0.0234375 
0 0.46484375 0.6904296875 0.021484375 0.021484375 
0 0.5498046875 0.7548828125 0.01953125 0.01953125 
0 0.658203125 0.29296875 0.021484375 0.021484375 
0 0.515625 0.78125 0.021484375 0.021484375 
0 0.5107421875 0.2666015625 0.021484375 0.021484375 
1 0.5234375 0.0947265625 0.0224609375 0.0224609375 
1 0.716796875 0.0546875 0.021484375 0.021484375 
1 0.2705078125 0.0361328125 0.021484375 0.021484375 
1 0.54296875 0.0859375 0.021484375 0.021484375 
0 0.4951171875 0.859375 0.01953125 0.01953125 
0 0.5166015625 0.201171875 0.0234375 0.0234375 
1 0.4794921875 0.78125 0.021484375 0.021484375 
1 0.533203125 0.837890625 0.0234375 0.0234375 
0 0.3701171875 0.0439453125 0.0234375 0.0234375 
0 0.548828125 0.529296875 0.0234375 0.0234375 
0 0.6279296875 0.0498046875 0.0234375 0.0234375 
0 0.470703125 0.4287109375 0.021484375 0.021484375 
1 0.5458984375 0.1083984375 0.021484375 0.021484375 
1 0.5732421875 0.080078125 0.021484375 0.021484375 
1 0.35546875 0.251953125 0.0224609375 0.0224609375 
0 0.4267578125 0.6220703125 0.021484375 0.021484375 
0 0.3388671875 0.177734375 0.021484375 0.021484375 
0 0.5078125 0.8837890625 0.0234375 0.0234375 
0 0.654296875 0.271484375 0.0234375 0.0234375 
0 0.6240234375 0.380859375 0.0224609375 0.0224609375 
0 0.568359375 0.720703125 0.0234375 0.0234375 
0 0.52734375 0.2734375 0.021484375 0.021484375 
0 0.6630859375 0.078125 0.021484375 0.021484375 
0 0.4462890625 0.75 0.021484375 0.021484375 
1 0.4365234375 0.2841796875 0.021484375 0.021484375 
0 0.5859375 0.26171875 0.021484375 0.021484375 
0 0.6181640625 0.4697265625 0.0224609375 0.0224609375 
1 0.513671875 0.12890625 0.021484375 0.021484375 
1 0.3857421875 0.29296875 0.0224609375 0.0224609375 
0 0.6630859375 0.1484375 0.0224609375 0.0224609375 
0 0.5185546875 0.658203125 0.0234375 0.0234375 
0 0.4833984375 0.884765625 0.01953125 0.01953125 
0 0.4423828125 0.7802734375 0.021484375 0.021484375 
0 0.44140625 0.4560546875 0.021484375 0.021484375 
0 0.5625 0.26953125 0.021484375 0.021484375 
0 0.41015625 0.1748046875 0.021484375 0.021484375 
0 0.60546875 0.1640625 0.021484375 0.021484375 
0 0.44140625 0.5322265625 0.021484375 0.021484375 
0 0.55859375 0.162109375 0.021484375 0.021484375 
1 0.4013671875 0.3798828125 0.0224609375 0.0224609375 
0 0.6435546875 0.0576171875 0.0234375 0.0234375 
0 0.5693359375 0.1396484375 0.021484375 0.021484375 
1 0.4384765625 0.3603515625 0.0224609375 0.0224609375 
1 0.388671875 0.224609375 0.021484375 0.021484375 
0 0.5703125 0.423828125 0.021484375 0.021484375 
0 0.4765625 0.765625 0.0224609375 0.0224609375 
1 0.478515625 0.7333984375 0.0224609375 0.0224609375 
1 0.361328125 0.2216796875 0.0224609375 0.0224609375 
0 0.599609375 0.1806640625 0.021484375 0.021484375 
1 0.470703125 0.3486328125 0.021484375 0.021484375 
1 0.4228515625 0.21875 0.0224609375 0.0224609375 
0 0.404296875 0.3271484375 0.021484375 0.021484375 
0 0.6298828125 0.25390625 0.021484375 0.021484375 
0 0.298828125 0.0498046875 0.0234375 0.0234375 
1 0.5068359375 0.640625 0.021484375 0.021484375 
0 0.6826171875 0.193359375 0.021484375 0.021484375 
0 0.3935546875 0.5263671875 0.021484375 0.021484375 
0 0.486328125 0.2744140625 0.021484375 0.021484375 
0 0.5595703125 0.1806640625 0.021484375 0.021484375 
0 0.37890625 0.1591796875 0.021484375 0.021484375 
0 0.421875 0.23828125 0.0234375 0.0234375 
1 0.4072265625 0.044921875 0.021484375 0.021484375 
1 0.62890625 0.0869140625 0.021484375 0.021484375 
0 0.458984375 0.53125 0.021484375 0.021484375 
0 0.3203125 0.197265625 0.021484375 0.021484375 
0 0.328125 0.0625 0.021484375 0.021484375 
0 0.33984375 0.0751953125 0.0234375 0.0234375 
1 0.3291015625 0.2880859375 0.021484375 0.021484375 
0 0.4345703125 0.091796875 0.0224609375 0.0224609375 
0 0.625 0.2734375 0.0234375 0.0234375 
0 0.6572265625 0.099609375 0.0224609375 0.0224609375 
0 0.3916015625 0.2744140625 0.021484375 0.021484375 
0 0.544921875 0.390625 0.021484375 0.021484375 
0 0.615234375 0.072265625 0.021484375 0.021484375 
0 0.47265625 0.330078125 0.021484375 0.021484375 
0 0.5458984375 0.662109375 0.021484375 0.021484375 
0 0.5361328125 0.1376953125 0.0234375 0.0234375 
0 0.4013671875 0.443359375 0.021484375 0.021484375 
0 0.564453125 0.3173828125 0.021484375 0.021484375 
