0 0.6171875 0.412109375 0.021484375 0.021484375 
0 0.4443359375 0.509765625 0.0234375 0.0234375 
0 0.4677734375 0.7626953125 0.0234375 0.0234375 
0 0.4443359375 0.7568359375 0.0234375 0.0234375 
0 0.3310546875 0.0361328125 0.021484375 0.021484375 
0 0.435546875 0.421875 0.021484375 0.021484375 
0 0.603515625 0.2216796875 0.021484375 0.021484375 
0 0.6650390625 0.0927734375 0.0224609375 0.0224609375 
0 0.4482421875 0.6435546875 0.021484375 0.021484375 
0 0.583984375 0.2900390625 0.0234375 0.0234375 
1 0.5380859375 0.3095703125 0.0224609375 0.0224609375 
0 0.3173828125 0.1865234375 0.021484375 0.021484375 
0 0.435546875 0.125 0.0234375 0.0234375 
0 0.4794921875 0.3701171875 0.021484375 0.021484375 
0 0.544921875 0.4130859375 0.021484375 0.021484375 
0 0.6064453125 0.4970703125 0.0234375 0.0234375 
0 0.6240234375 0.4306640625 0.021484375 0.021484375 
1 0.39453125 0.3193359375 0.021484375 0.021484375 
0 0.609375 0.388671875 0.0224609375 0.0224609375 
0 0.4765625 0.2412109375 0.021484375 0.021484375 
0 0.6162109375 0.51953125 0.021484375 0.021484375 
0 0.615234375 0.4755859375 0.021484375 0.021484375 
1 0.5693359375 0.6708984375 0.0224609375 0.0224609375 
1 0.572265625 0.0634765625 0.021484375 0.021484375 
0 0.5810546875 0.6533203125 0.0234375 0.0234375 
1 0.435546875 0.615234375 0.021484375 0.021484375 
1 0.646484375 0.3740234375 0.021484375 0.021484375 
1 0.3974609375 0.2314453125 0.021484375 0.021484375 
0 0.353515625 0.349609375 0.021484375 0.021484375 
0 0.5654296875 0.3720703125 0.0234375 0.0234375 
1 0.5693359375 0.1201171875 0.0224609375 0.0224609375 
0 0.48046875 0.130859375 0.0234375 0.0234375 
0 0.3623046875 0.42578125 0.021484375 0.021484375 
1 0.5244140625 0.859375 0.0234375 0.0234375 
0 0.41796875 0.4736328125 0.021484375 0.021484375 
1 0.58203125 0.326171875 0.0224609375 0.0224609375 
0 0.5234375 0.5322265625 0.0234375 0.0234375 
0 0.41015625 0.5126953125 0.021484375 0.021484375 
0 0.4052734375 0.4609375 0.021484375 0.021484375 
1 0.52734375 0.078125 0.0224609375 0.0224609375 
0 0.4541015625 0.44921875 0.021484375 0.021484375 
0 0.47265625 0.4208984375 0.021484375 0.021484375 
0 0.478515625 0.3046875 0.0234375 0.0234375 
0 0.349609375 0.0498046875 0.0234375 0.0234375 
0 0.4443359375 0.31640625 0.021484375 0.021484375 
0 0.423828125 0.0546875 0.0224609375 0.0224609375 
0 0.498046875 0.5029296875 0.021484375 0.021484375 
1 0.54296875 0.642578125 0.0224609375 0.0224609375 
0 0.375 0.3037109375 0.021484375 0.021484375 
0 0.48046875 0.6455078125 0.0234375 0.0234375 
0 0.458984375 0.3095703125 0.0234375 0.0234375 
1 0.5625 0.619140625 0.021484375 0.021484375 
1 0.46484375 0.1123046875 0.0224609375 0.0224609375 
0 0.6220703125 0.205078125 0.021484375 0.021484375 
0 0.3955078125 0.35546875 0.0234375 0.0234375 
0 0.486328125 0.26953125 0.0234375 0.0234375 
1 0.4619140625 0.5107421875 0.0224609375 0.0224609375 
1 0.435546875 0.064453125 0.0224609375 0.0224609375 
0 0.4638671875 0.3330078125 0.0234375 0.0234375 
0 0.5869140625 0.1220703125 0.021484375 0.021484375 
0 0.5634765625 0.2578125 0.0224609375 0.0224609375 
0 0.583984375 0.201171875 0.0234375 0.0234375 
1 0.5361328125 0.1748046875 0.0224609375 0.0224609375 
0 0.4873046875 0.7255859375 0.021484375 0.021484375 
0 0.4755859375 0.7470703125 0.0224609375 0.0224609375 
1 0.50390625 0.5244140625 0.021484375 0.021484375 
0 0.4033203125 0.0791015625 0.021484375 0.021484375 
0 0.416015625 0.2978515625 0.0234375 0.0234375 
0 0.70703125 0.0380859375 0.021484375 0.021484375 
0 0.55859375 0.3212890625 0.021484375 0.021484375 
0 0.541015625 0.2421875 0.0234375 0.0234375 
0 0.3330078125 0.29296875 0.021484375 0.021484375 
1 0.48046875 0.84375 0.021484375 0.021484375 
0 0.4833984375 0.4609375 0.021484375 0.021484375 
1 0.39453125 0.1552734375 0.021484375 0.021484375 
0 0.4111328125 0.6455078125 0.0234375 0.0234375 
0 0.482421875 0.5107421875 0.021484375 0.021484375 
0 0.4091796875 0.59375 0.0234375 0.0234375 
0 0.6533203125 0.3046875 0.021484375 0.021484375 
1 0.41015625 0.6240234375 0.021484375 0.021484375 
1 0.4560546875 0.3701171875 0.021484375 0.021484375 
1 0.5576171875 0.4501953125 0.0224609375 0.0224609375 
0 0.4765625 0.478515625 0.0234375 0.0234375 
1 0.6708984375 0.23046875 0.021484375 0.021484375 
0 0.6025390625 0.0322265625 0.0234375 0.0234375 
0 0.4853515625 0.7978515625 0.025390625 0.025390625 
1 0.5498046875 0.1337890625 0.0224609375 0.0224609375 
0 0.5556640625 0.388671875 0.0224609375 0.0224609375 
1 0.58203125 0.525390625 0.021484375 0.021484375 
0 0.3994140625 0.4951171875 0.0234375 0.0234375 
0 0.3564453125 0.208984375 0.021484375 0.021484375 
0 0.5302734375 0.7890625 0.0224609375 0.0224609375 
0 0.5302734375 0.1337890625 0.0234375 0.0234375 
1 0.61328125 0.0908203125 0.021484375 0.021484375 
0 0.4189453125 0.4921875 0.021484375 0.021484375 
1 0.4853515625 0.6171875 0.021484375 0.021484375 
1 0.498046875 0.4765625 0.021484375 0.021484375 
0 0.46484375 0.08984375 0.0234375 0.0234375 
0 0.5849609375 0.13671875 0.021484375 0.021484375 
0 0.64453125 0.1240234375 0.0234375 0.0234375 
0 0.4619140625 0.7265625 0.021484375 0.021484375 
1 0.41796875 0.673828125 0.0224609375 0.0224609375 
0 0.6669921875 0.2861328125 0.021484375 0.021484375 
1 0.5087890625 0.3310546875 0.021484375 0.021484375 
