0 0.455078125 0.560546875 0.021484375 0.021484375 
1 0.5888671875 0.3427734375 0.021484375 0.021484375 
0 0.5068359375 0.33203125 0.0234375 0.0234375 
0 0.455078125 0.359375 0.0234375 0.0234375 
1 0.46484375 0.689453125 0.021484375 0.021484375 
0 0.4921875 0.0478515625 0.021484375 0.021484375 
0 0.5673828125 0.5166015625 0.021484375 0.021484375 
1 0.53125 0.6982421875 0.0224609375 0.0224609375 
0 0.65234375 0.099609375 0.0234375 0.0234375 
1 0.4951171875 0.302734375 0.021484375 0.021484375 
0 0.58984375 0.224609375 0.021484375 0.021484375 
0 0.6435546875 0.322265625 0.021484375 0.021484375 
0 0.6025390625 0.5869140625 0.021484375 0.021484375 
0 0.4365234375 0.3037109375 0.021484375 0.021484375 
0 0.6650390625 0.0673828125 0.0234375 0.0234375 
0 0.466796875 0.318359375 0.0224609375 0.0224609375 
1 0.5908203125 0.517578125 0.0224609375 0.0224609375 
0 0.4423828125 0.6357421875 0.0234375 0.0234375 
0 0.5068359375 0.62890625 0.0234375 0.0234375 
0 0.5322265625 0.271484375 0.0234375 0.0234375 
1 0.533203125 0.3359375 0.0224609375 0.0224609375 
0 0.5263671875 0.8505859375 0.01953125 0.01953125 
0 0.423828125 0.5341796875 0.0234375 0.0234375 
0 0.3115234375 0.16015625 0.0234375 0.0234375 
0 0.677734375 0.0302734375 0.0234375 0.0234375 
0 0.4326171875 0.3876953125 0.0234375 0.0234375 
1 0.55859375 0.06640625 0.021484375 0.021484375 
0 0.48828125 0.46484375 0.021484375 0.021484375 
0 0.525390625 0.1806640625 0.0234375 0.0234375 
0 0.51171875 0.4306640625 0.0234375 0.0234375 
0 0.4912109375 0.57421875 0.021484375 0.021484375 
1 0.5419921875 0.4169921875 0.0224609375 0.0224609375 
1 0.3271484375 0.2939453125 0.021484375 0.021484375 
0 0.447265625 0.125 0.021484375 0.021484375 
1 0.626953125 0.171875 0.021484375 0.021484375 
0 0.4306640625 0.3486328125 0.0234375 0.0234375 
0 0.3779296875 0.1298828125 0.021484375 0.021484375 
0 0.302734375 0.1357421875 0.021484375 0.021484375 
0 0.6884765625 0.1728515625 0.0234375 0.0234375 
0 0.4453125 0.7490234375 0.0234375 0.0234375 
0 0.2978515625 0.173828125 0.021484375 0.021484375 
0 0.6240234375 0.392578125 0.021484375 0.021484375 
0 0.5556640625 0.5546875 0.021484375 0.021484375 
0 0.578125 0.033203125 0.021484375 0.021484375 
0 0.5595703125 0.04296875 0.0234375 0.0234375 
0 0.46484375 0.884765625 0.0224609375 0.0224609375 
0 0.4833984375 0.55078125 0.021484375 0.021484375 
0 0.607421875 0.3154296875 0.0224609375 0.0224609375 
0 0.484375 0.185546875 0.021484375 0.021484375 
1 0.5966796875 0.255859375 0.0224609375 0.0224609375 
0 0.390625 0.4921875 0.021484375 0.021484375 
1 0.5419921875 0.6875 0.021484375 0.021484375 
1 0.6064453125 0.3544921875 0.0224609375 0.0224609375 
0 0.580078125 0.65234375 0.0234375 0.0234375 
0 0.5146484375 0.77734375 0.025390625 0.025390625 
1 0.6123046875 0.080078125 0.0224609375 0.0224609375 
1 0.5595703125 0.640625 0.021484375 0.021484375 
0 0.7138671875 0.0400390625 0.021484375 0.021484375 
0 0.443359375 0.0947265625 0.0234375 0.0234375 
0 0.466796875 0.291015625 0.0234375 0.0234375 
0 0.5517578125 0.80078125 0.01953125 0.01953125 
0 0.556640625 0.18359375 0.0224609375 0.0224609375 
0 0.470703125 0.2392578125 0.0224609375 0.0224609375 
0 0.431640625 0.0390625 0.021484375 0.021484375 
0 0.474609375 0.771484375 0.021484375 0.021484375 
0 0.4853515625 0.59375 0.0234375 0.0234375 
0 0.712890625 0.0595703125 0.021484375 0.021484375 
0 0.3857421875 0.4189453125 0.0234375 0.0234375 
0 0.6015625 0.1142578125 0.021484375 0.021484375 
0 0.357421875 0.3046875 0.021484375 0.021484375 
1 0.494140625 0.6455078125 0.021484375 0.021484375 
0 0.59765625 0.3759765625 0.0224609375 0.0224609375 
0 0.60546875 0.232421875 0.021484375 0.021484375 
0 0.5751953125 0.5380859375 0.0234375 0.0234375 
0 0.541015625 0.83984375 0.0224609375 0.0224609375 
0 0.5712890625 0.2978515625 0.0234375 0.0234375 
0 0.5947265625 0.189453125 0.0234375 0.0234375 
0 0.443359375 0.3310546875 0.0234375 0.0234375 
0 0.6220703125 0.4326171875 0.0234375 0.0234375 
0 0.40625 0.248046875 0.0234375 0.0234375 
0 0.38671875 0.1103515625 0.0234375 0.0234375 
0 0.345703125 0.31640625 0.0224609375 0.0224609375 
1 0.3369140625 0.1767578125 0.021484375 0.021484375 
0 0.275390625 0.064453125 0.0234375 0.0234375 
1 0.4580078125 0.07421875 0.021484375 0.021484375 
0 0.318359375 0.2021484375 0.0234375 0.0234375 
