0 0.298828125 0.142578125 0.021484375 0.021484375 
1 0.478515625 0.3349609375 0.021484375 0.021484375 
0 0.4423828125 0.59765625 0.0234375 0.0234375 
0 0.6171875 0.412109375 0.021484375 0.021484375 
0 0.546875 0.17578125 0.0224609375 0.0224609375 
0 0.642578125 0.109375 0.0234375 0.0234375 
0 0.583984375 0.5029296875 0.0234375 0.0234375 
0 0.3916015625 0.494140625 0.0234375 0.0234375 
1 0.5078125 0.6982421875 0.0224609375 0.0224609375 
1 0.58984375 0.5712890625 0.0224609375 0.0224609375 
1 0.5361328125 0.6484375 0.021484375 0.021484375 
0 0.4892578125 0.103515625 0.0234375 0.0234375 
0 0.5380859375 0.623046875 0.0224609375 0.0224609375 
0 0.5283203125 0.1884765625 0.021484375 0.021484375 
0 0.3525390625 0.09765625 0.021484375 0.021484375 
1 0.580078125 0.46484375 0.021484375 0.021484375 
1 0.4833984375 0.134765625 0.021484375 0.021484375 
1 0.595703125 0.263671875 0.021484375 0.021484375 
0 0.4150390625 0.302734375 0.021484375 0.021484375 
0 0.57421875 0.3828125 0.0234375 0.0234375 
0 0.5126953125 0.255859375 0.021484375 0.021484375 
1 0.501953125 0.7587890625 0.0234375 0.0234375 
0 0.4697265625 0.677734375 0.021484375 0.021484375 
1 0.552734375 0.615234375 0.021484375 0.021484375 
1 0.375 0.34765625 0.021484375 0.021484375 
0 0.3330078125 0.1015625 0.021484375 0.021484375 
0 0.5888671875 0.060546875 0.021484375 0.021484375 
0 0.3017578125 0.0361328125 0.0234375 0.0234375 
0 0.3701171875 0.1064453125 0.021484375 0.021484375 
0 0.595703125 0.2802734375 0.0234375 0.0234375 
0 0.2861328125 0.0341796875 0.0224609375 0.0224609375 
0 0.4892578125 0.314453125 0.0234375 0.0234375 
1 0.4326171875 0.181640625 0.021484375 0.021484375 
1 0.56640625 0.68359375 0.0224609375 0.0224609375 
0 0.509765625 0.0791015625 0.0234375 0.0234375 
0 0.3037109375 0.1083984375 0.021484375 0.021484375 
0 0.576171875 0.43359375 0.021484375 0.021484375 
0 0.4462890625 0.1357421875 0.021484375 0.021484375 
0 0.546875 0.556640625 0.021484375 0.021484375 
0 0.51171875 0.1806640625 0.021484375 0.021484375 
0 0.474609375 0.630859375 0.0234375 0.0234375 
0 0.498046875 0.4921875 0.021484375 0.021484375 
0 0.638671875 0.3125 0.021484375 0.021484375 
0 0.66796875 0.2734375 0.021484375 0.021484375 
0 0.5107421875 0.5341796875 0.021484375 0.021484375 
0 0.708984375 0.0810546875 0.0234375 0.0234375 
0 0.556640625 0.595703125 0.021484375 0.021484375 
1 0.486328125 0.6650390625 0.021484375 0.021484375 
0 0.3740234375 0.3955078125 0.0224609375 0.0224609375 
0 0.5830078125 0.53125 0.021484375 0.021484375 
0 0.65625 0.2314453125 0.021484375 0.021484375 
0 0.4794921875 0.224609375 0.021484375 0.021484375 
0 0.31640625 0.166015625 0.021484375 0.021484375 
0 0.4345703125 0.7080078125 0.0234375 0.0234375 
0 0.41796875 0.3564453125 0.021484375 0.021484375 
0 0.4677734375 0.3525390625 0.021484375 0.021484375 
0 0.5322265625 0.568359375 0.0234375 0.0234375 
0 0.498046875 0.873046875 0.025390625 0.025390625 
0 0.4501953125 0.7080078125 0.021484375 0.021484375 
1 0.4345703125 0.75390625 0.0234375 0.0234375 
0 0.52734375 0.8125 0.01953125 0.01953125 
0 0.4150390625 0.083984375 0.021484375 0.021484375 
0 0.4736328125 0.8447265625 0.0224609375 0.0224609375 
0 0.451171875 0.4111328125 0.0234375 0.0234375 
0 0.4951171875 0.34375 0.0234375 0.0234375 
0 0.3798828125 0.201171875 0.021484375 0.021484375 
0 0.5546875 0.3740234375 0.021484375 0.021484375 
0 0.501953125 0.625 0.0234375 0.0234375 
1 0.333984375 0.0732421875 0.021484375 0.021484375 
1 0.6650390625 0.19140625 0.021484375 0.021484375 
0 0.4375 0.5166015625 0.0234375 0.0234375 
0 0.5078125 0.0361328125 0.0224609375 0.0224609375 
0 0.58984375 0.376953125 0.021484375 0.021484375 
1 0.3447265625 0.3095703125 0.0224609375 0.0224609375 
1 0.64453125 0.294921875 0.0224609375 0.0224609375 
0 0.3603515625 0.291015625 0.0234375 0.0234375 
0 0.7001953125 0.0439453125 0.0234375 0.0234375 
0 0.4814453125 0.5361328125 0.0234375 0.0234375 
0 0.5478515625 0.7978515625 0.01953125 0.01953125 
1 0.681640625 0.1201171875 0.021484375 0.021484375 
1 0.4228515625 0.5302734375 0.021484375 0.021484375 
0 0.576171875 0.2548828125 0.021484375 0.021484375 
0 0.62109375 0.45703125 0.0224609375 0.0224609375 
0 0.4208984375 0.6875 0.021484375 0.021484375 
0 0.5 0.7236328125 0.021484375 0.021484375 
0 0.5009765625 0.2314453125 0.021484375 0.021484375 
0 0.482421875 0.6005859375 0.021484375 0.021484375 
1 0.3544921875 0.38671875 0.021484375 0.021484375 
0 0.5009765625 0.587890625 0.0234375 0.0234375 
0 0.404296875 0.3408203125 0.0234375 0.0234375 
0 0.53515625 0.111328125 0.0234375 0.0234375 
0 0.5830078125 0.3515625 0.0234375 0.0234375 
0 0.4736328125 0.42578125 0.021484375 0.021484375 
1 0.5458984375 0.38671875 0.0224609375 0.0224609375 
0 0.5302734375 0.6044921875 0.021484375 0.021484375 
0 0.5146484375 0.5595703125 0.0234375 0.0234375 
0 0.5537109375 0.3271484375 0.021484375 0.021484375 
1 0.49609375 0.3740234375 0.0224609375 0.0224609375 
0 0.6533203125 0.13671875 0.0234375 0.0234375 
1 0.56640625 0.5595703125 0.021484375 0.021484375 
1 0.62890625 0.2294921875 0.021484375 0.021484375 
0 0.6435546875 0.0419921875 0.021484375 0.021484375 
1 0.4619140625 0.748046875 0.021484375 0.021484375 
0 0.4638671875 0.8740234375 0.0224609375 0.0224609375 
1 0.349609375 0.1298828125 0.0224609375 0.0224609375 
0 0.6005859375 0.541015625 0.0224609375 0.0224609375 
1 0.3623046875 0.0380859375 0.021484375 0.021484375 
0 0.4619140625 0.3935546875 0.021484375 0.021484375 
0 0.4033203125 0.1962890625 0.0234375 0.0234375 
0 0.4248046875 0.4833984375 0.021484375 0.021484375 
1 0.5087890625 0.1181640625 0.021484375 0.021484375 
0 0.4111328125 0.1611328125 0.0234375 0.0234375 
0 0.56640625 0.13671875 0.021484375 0.021484375 
0 0.4677734375 0.267578125 0.0234375 0.0234375 
1 0.578125 0.1787109375 0.021484375 0.021484375 
0 0.533203125 0.3720703125 0.0224609375 0.0224609375 
0 0.53515625 0.41796875 0.0234375 0.0234375 
1 0.400390625 0.4033203125 0.021484375 0.021484375 
0 0.47265625 0.1806640625 0.0224609375 0.0224609375 
0 0.681640625 0.13671875 0.021484375 0.021484375 
0 0.4296875 0.2119140625 0.0234375 0.0234375 
0 0.2978515625 0.0927734375 0.021484375 0.021484375 
0 0.6083984375 0.1015625 0.021484375 0.021484375 
0 0.4755859375 0.7099609375 0.021484375 0.021484375 
1 0.44140625 0.0517578125 0.0224609375 0.0224609375 
0 0.4033203125 0.4267578125 0.021484375 0.021484375 
0 0.4990234375 0.740234375 0.021484375 0.021484375 
0 0.599609375 0.1259765625 0.021484375 0.021484375 
0 0.3662109375 0.1435546875 0.021484375 0.021484375 
0 0.484375 0.51953125 0.0234375 0.0234375 
0 0.5390625 0.0673828125 0.021484375 0.021484375 
0 0.583984375 0.599609375 0.021484375 0.021484375 
0 0.5205078125 0.6162109375 0.0234375 0.0234375 
1 0.57421875 0.654296875 0.021484375 0.021484375 
0 0.6376953125 0.1240234375 0.021484375 0.021484375 
0 0.458984375 0.7265625 0.021484375 0.021484375 
1 0.576171875 0.4169921875 0.0224609375 0.0224609375 
0 0.5908203125 0.4794921875 0.021484375 0.021484375 
0 0.4140625 0.56640625 0.021484375 0.021484375 
1 0.447265625 0.384765625 0.021484375 0.021484375 
0 0.4228515625 0.6103515625 0.0234375 0.0234375 
0 0.6171875 0.4921875 0.0234375 0.0234375 
1 0.5673828125 0.5009765625 0.0224609375 0.0224609375 
0 0.6630859375 0.05859375 0.021484375 0.021484375 
0 0.5283203125 0.4365234375 0.021484375 0.021484375 
0 0.4521484375 0.6513671875 0.0234375 0.0234375 
0 0.3701171875 0.4599609375 0.0234375 0.0234375 
0 0.6328125 0.095703125 0.021484375 0.021484375 
1 0.578125 0.2294921875 0.021484375 0.021484375 
1 0.6826171875 0.0654296875 0.021484375 0.021484375 
0 0.5390625 0.2822265625 0.0234375 0.0234375 
1 0.396484375 0.09375 0.021484375 0.021484375 
1 0.5791015625 0.400390625 0.021484375 0.021484375 
0 0.458984375 0.5625 0.021484375 0.021484375 
0 0.6904296875 0.1787109375 0.0224609375 0.0224609375 
0 0.462890625 0.05859375 0.021484375 0.021484375 
0 0.384765625 0.0673828125 0.021484375 0.021484375 
0 0.369140625 0.333984375 0.021484375 0.021484375 
1 0.2734375 0.052734375 0.021484375 0.021484375 
0 0.4716796875 0.8212890625 0.0224609375 0.0224609375 
0 0.572265625 0.3115234375 0.021484375 0.021484375 
1 0.53515625 0.8916015625 0.021484375 0.021484375 
1 0.4677734375 0.3056640625 0.021484375 0.021484375 
0 0.546875 0.0849609375 0.021484375 0.021484375 
0 0.33984375 0.162109375 0.021484375 0.021484375 
1 0.4873046875 0.6904296875 0.0224609375 0.0224609375 
1 0.666015625 0.080078125 0.0224609375 0.0224609375 
0 0.322265625 0.1240234375 0.0234375 0.0234375 
0 0.5185546875 0.73046875 0.0234375 0.0234375 
0 0.3896484375 0.2578125 0.0234375 0.0234375 
0 0.46484375 0.5810546875 0.021484375 0.021484375 
1 0.6171875 0.251953125 0.0224609375 0.0224609375 
0 0.5712890625 0.1083984375 0.0234375 0.0234375 
1 0.416015625 0.396484375 0.0224609375 0.0224609375 
0 0.52734375 0.4765625 0.021484375 0.021484375 
0 0.525390625 0.51953125 0.0234375 0.0234375 
1 0.5966796875 0.453125 0.021484375 0.021484375 
1 0.45703125 0.154296875 0.021484375 0.021484375 
0 0.685546875 0.0966796875 0.0234375 0.0234375 
1 0.5478515625 0.5771484375 0.021484375 0.021484375 
0 0.626953125 0.150390625 0.0234375 0.0234375 
0 0.564453125 0.052734375 0.021484375 0.021484375 
0 0.640625 0.2548828125 0.021484375 0.021484375 
