0 0.4140625 0.3134765625 0.021484375 0.021484375 
0 0.5537109375 0.5244140625 0.0234375 0.0234375 
1 0.470703125 0.568359375 0.0224609375 0.0224609375 
0 0.439453125 0.19140625 0.021484375 0.021484375 
0 0.4130859375 0.673828125 0.021484375 0.021484375 
1 0.4501953125 0.6416015625 0.021484375 0.021484375 
0 0.3896484375 0.087890625 0.0234375 0.0234375 
0 0.521484375 0.529296875 0.0234375 0.0234375 
0 0.6435546875 0.12109375 0.021484375 0.021484375 
0 0.54296875 0.13671875 0.021484375 0.021484375 
0 0.453125 0.130859375 0.0234375 0.0234375 
0 0.6611328125 0.2158203125 0.021484375 0.021484375 
0 0.5556640625 0.6123046875 0.0234375 0.0234375 
1 0.3896484375 0.3349609375 0.021484375 0.021484375 
0 0.66796875 0.046875 0.021484375 0.021484375 
0 0.4970703125 0.1513671875 0.021484375 0.021484375 
0 0.357421875 0.03515625 0.021484375 0.021484375 
0 0.59765625 0.36328125 0.0234375 0.0234375 
1 0.3701171875 0.205078125 0.0224609375 0.0224609375 
0 0.4287109375 0.0732421875 0.021484375 0.021484375 
0 0.423828125 0.2734375 0.021484375 0.021484375 
0 0.689453125 0.115234375 0.021484375 0.021484375 
1 0.5107421875 0.5517578125 0.0224609375 0.0224609375 
0 0.4482421875 0.48828125 0.021484375 0.021484375 
1 0.474609375 0.513671875 0.021484375 0.021484375 
0 0.3603515625 0.412109375 0.021484375 0.021484375 
1 0.5546875 0.2353515625 0.021484375 0.021484375 
0 0.353515625 0.3828125 0.0224609375 0.0224609375 
0 0.5771484375 0.126953125 0.021484375 0.021484375 
0 0.439453125 0.625 0.021484375 0.021484375 
0 0.40234375 0.3818359375 0.0234375 0.0234375 
1 0.3779296875 0.3603515625 0.0224609375 0.0224609375 
1 0.439453125 0.4248046875 0.0224609375 0.0224609375 
1 0.6982421875 0.046875 0.021484375 0.021484375 
1 0.5986328125 0.2060546875 0.0224609375 0.0224609375 
1 0.4931640625 0.0859375 0.021484375 0.021484375 
0 0.3955078125 0.5087890625 0.0234375 0.0234375 
0 0.443359375 0.3330078125 0.0234375 0.0234375 
0 0.47265625 0.8876953125 0.01953125 0.01953125 
1 0.45703125 0.3251953125 0.021484375 0.021484375 
0 0.3603515625 0.35546875 0.021484375 0.021484375 
0 0.5185546875 0.2060546875 0.021484375 0.021484375 
0 0.46875 0.607421875 0.0234375 0.0234375 
1 0.62109375 0.150390625 0.021484375 0.021484375 
1 0.328125 0.1201171875 0.021484375 0.021484375 
0 0.5537109375 0.1474609375 0.0224609375 0.0224609375 
0 0.5029296875 0.2705078125 0.0234375 0.0234375 
0 0.4814453125 0.552734375 0.021484375 0.021484375 
0 0.3994140625 0.4150390625 0.0234375 0.0234375 
0 0.53125 0.87890625 0.0234375 0.0234375 
0 0.6298828125 0.212890625 0.021484375 0.021484375 
0 0.5263671875 0.146484375 0.0234375 0.0234375 
0 0.541015625 0.2021484375 0.0234375 0.0234375 
0 0.564453125 0.3984375 0.0234375 0.0234375 
0 0.501953125 0.291015625 0.0234375 0.0234375 
1 0.4580078125 0.2626953125 0.0224609375 0.0224609375 
1 0.3837890625 0.046875 0.021484375 0.021484375 
0 0.6826171875 0.185546875 0.021484375 0.021484375 
0 0.4736328125 0.193359375 0.021484375 0.021484375 
0 0.353515625 0.1728515625 0.021484375 0.021484375 
0 0.4560546875 0.4638671875 0.021484375 0.021484375 
1 0.5615234375 0.119140625 0.021484375 0.021484375 
0 0.509765625 0.45703125 0.0234375 0.0234375 
0 0.580078125 0.3017578125 0.0224609375 0.0224609375 
1 0.5791015625 0.287109375 0.021484375 0.021484375 
1 0.474609375 0.2353515625 0.021484375 0.021484375 
1 0.3662109375 0.236328125 0.0224609375 0.0224609375 
1 0.5908203125 0.42578125 0.0224609375 0.0224609375 
0 0.607421875 0.0830078125 0.0224609375 0.0224609375 
1 0.509765625 0.3212890625 0.0224609375 0.0224609375 
0 0.427734375 0.5107421875 0.021484375 0.021484375 
0 0.498046875 0.7783203125 0.01953125 0.01953125 
0 0.423828125 0.4453125 0.0234375 0.0234375 
1 0.3466796875 0.068359375 0.021484375 0.021484375 
0 0.5595703125 0.2509765625 0.0224609375 0.0224609375 
0 0.4306640625 0.5751953125 0.0234375 0.0234375 
1 0.478515625 0.662109375 0.0224609375 0.0224609375 
0 0.5234375 0.37890625 0.021484375 0.021484375 
1 0.322265625 0.240234375 0.021484375 0.021484375 
0 0.455078125 0.41015625 0.021484375 0.021484375 
0 0.548828125 0.2197265625 0.021484375 0.021484375 
1 0.5673828125 0.3232421875 0.0224609375 0.0224609375 
1 0.443359375 0.15234375 0.021484375 0.021484375 
1 0.53125 0.4404296875 0.021484375 0.021484375 
1 0.5087890625 0.701171875 0.021484375 0.021484375 
1 0.443359375 0.1044921875 0.0224609375 0.0224609375 
0 0.5498046875 0.078125 0.021484375 0.021484375 
0 0.4462890625 0.7490234375 0.021484375 0.021484375 
0 0.287109375 0.0625 0.0224609375 0.0224609375 
0 0.4189453125 0.2236328125 0.021484375 0.021484375 
0 0.515625 0.49609375 0.0224609375 0.0224609375 
0 0.4990234375 0.8876953125 0.0234375 0.0234375 
1 0.3447265625 0.3505859375 0.0224609375 0.0224609375 
0 0.4814453125 0.5849609375 0.021484375 0.021484375 
0 0.5029296875 0.5732421875 0.0224609375 0.0224609375 
0 0.421875 0.3837890625 0.0224609375 0.0224609375 
0 0.505859375 0.38671875 0.0224609375 0.0224609375 
1 0.66015625 0.158203125 0.0224609375 0.0224609375 
0 0.583984375 0.048828125 0.0234375 0.0234375 
0 0.4375 0.30859375 0.021484375 0.021484375 
0 0.4482421875 0.2099609375 0.021484375 0.021484375 
1 0.412109375 0.583984375 0.021484375 0.021484375 
0 0.6025390625 0.587890625 0.0234375 0.0234375 
0 0.5400390625 0.548828125 0.021484375 0.021484375 
1 0.544921875 0.7607421875 0.0234375 0.0234375 
0 0.7109375 0.037109375 0.021484375 0.021484375 
1 0.572265625 0.2099609375 0.0224609375 0.0224609375 
0 0.5302734375 0.0693359375 0.021484375 0.021484375 
0 0.5712890625 0.375 0.021484375 0.021484375 
0 0.373046875 0.072265625 0.0224609375 0.0224609375 
0 0.5625 0.6591796875 0.0234375 0.0234375 
0 0.48046875 0.748046875 0.021484375 0.021484375 
1 0.5419921875 0.4541015625 0.021484375 0.021484375 
0 0.53125 0.6318359375 0.021484375 0.021484375 
