1 0.552734375 0.28515625 0.021484375 0.021484375 
0 0.275390625 0.0458984375 0.0234375 0.0234375 
0 0.5234375 0.724609375 0.0224609375 0.0224609375 
0 0.48828125 0.1865234375 0.0224609375 0.0224609375 
0 0.4072265625 0.4150390625 0.021484375 0.021484375 
1 0.3359375 0.251953125 0.021484375 0.021484375 
0 0.5 0.37890625 0.021484375 0.021484375 
0 0.5302734375 0.8173828125 0.0224609375 0.0224609375 
1 0.3896484375 0.23046875 0.021484375 0.021484375 
1 0.380859375 0.310546875 0.021484375 0.021484375 
0 0.5224609375 0.5107421875 0.021484375 0.021484375 
1 0.5205078125 0.4482421875 0.0224609375 0.0224609375 
0 0.435546875 0.1591796875 0.0234375 0.0234375 
0 0.583984375 0.662109375 0.0234375 0.0234375 
0 0.53125 0.2158203125 0.0234375 0.0234375 
0 0.48046875 0.7265625 0.021484375 0.021484375 
1 0.4365234375 0.607421875 0.021484375 0.021484375 
0 0.4130859375 0.48828125 0.0224609375 0.0224609375 
1 0.4208984375 0.39453125 0.021484375 0.021484375 
0 0.541015625 0.1435546875 0.021484375 0.021484375 
0 0.4716796875 0.6416015625 0.0234375 0.0234375 
0 0.4833984375 0.609375 0.021484375 0.021484375 
0 0.447265625 0.0400390625 0.021484375 0.021484375 
0 0.51953125 0.697265625 0.0234375 0.0234375 
1 0.490234375 0.638671875 0.021484375 0.021484375 
0 0.4921875 0.66796875 0.021484375 0.021484375 
0 0.3818359375 0.16796875 0.0224609375 0.0224609375 
0 0.5947265625 0.5576171875 0.021484375 0.021484375 
1 0.6396484375 0.18359375 0.021484375 0.021484375 
0 0.65234375 0.1943359375 0.0224609375 0.0224609375 
0 0.64453125 0.2431640625 0.021484375 0.021484375 
0 0.4365234375 0.0576171875 0.021484375 0.021484375 
0 0.6318359375 0.3662109375 0.021484375 0.021484375 
0 0.541015625 0.86328125 0.0224609375 0.0224609375 
1 0.43359375 0.5498046875 0.021484375 0.021484375 
0 0.560546875 0.6728515625 0.021484375 0.021484375 
0 0.61328125 0.40625 0.0234375 0.0234375 
1 0.349609375 0.3642578125 0.021484375 0.021484375 
1 0.4208984375 0.314453125 0.0224609375 0.0224609375 
0 0.5234375 0.0419921875 0.0234375 0.0234375 
0 0.5703125 0.6982421875 0.0234375 0.0234375 
1 0.5126953125 0.478515625 0.021484375 0.021484375 
1 0.5537109375 0.431640625 0.021484375 0.021484375 
0 0.48046875 0.2109375 0.021484375 0.021484375 
0 0.615234375 0.1884765625 0.021484375 0.021484375 
0 0.458984375 0.33984375 0.0234375 0.0234375 
0 0.474609375 0.1298828125 0.021484375 0.021484375 
0 0.59765625 0.1484375 0.021484375 0.021484375 
0 0.486328125 0.1083984375 0.021484375 0.021484375 
0 0.4892578125 0.435546875 0.021484375 0.021484375 
0 0.341796875 0.2841796875 0.021484375 0.021484375 
1 0.6201171875 0.1455078125 0.021484375 0.021484375 
0 0.4755859375 0.833984375 0.0224609375 0.0224609375 
0 0.6845703125 0.19140625 0.021484375 0.021484375 
1 0.5546875 0.6328125 0.021484375 0.021484375 
0 0.45703125 0.0732421875 0.0234375 0.0234375 
0 0.5869140625 0.19140625 0.021484375 0.021484375 
1 0.3623046875 0.15625 0.021484375 0.021484375 
1 0.595703125 0.6162109375 0.021484375 0.021484375 
1 0.3740234375 0.0673828125 0.021484375 0.021484375 
0 0.453125 0.421875 0.0234375 0.0234375 
0 0.607421875 0.2138671875 0.021484375 0.021484375 
0 0.5673828125 0.560546875 0.0224609375 0.0224609375 
0 0.6953125 0.08203125 0.0234375 0.0234375 
1 0.662109375 0.2890625 0.021484375 0.021484375 
1 0.55859375 0.166015625 0.021484375 0.021484375 
0 0.4345703125 0.51171875 0.0234375 0.0234375 
0 0.478515625 0.4033203125 0.021484375 0.021484375 
0 0.56640625 0.7431640625 0.0234375 0.0234375 
0 0.548828125 0.1865234375 0.0234375 0.0234375 
0 0.357421875 0.20703125 0.0224609375 0.0224609375 
0 0.388671875 0.5390625 0.021484375 0.021484375 
0 0.5419921875 0.123046875 0.021484375 0.021484375 
0 0.4365234375 0.6513671875 0.021484375 0.021484375 
0 0.4765625 0.4609375 0.021484375 0.021484375 
0 0.6494140625 0.1611328125 0.021484375 0.021484375 
0 0.3505859375 0.30078125 0.021484375 0.021484375 
