1 0.384765625 0.111328125 0.0224609375 0.0224609375 
0 0.5517578125 0.5986328125 0.021484375 0.021484375 
0 0.4150390625 0.5849609375 0.0234375 0.0234375 
0 0.46875 0.6845703125 0.021484375 0.021484375 
0 0.505859375 0.1103515625 0.0224609375 0.0224609375 
0 0.4736328125 0.6513671875 0.0234375 0.0234375 
1 0.541015625 0.67578125 0.021484375 0.021484375 
0 0.52734375 0.3408203125 0.021484375 0.021484375 
0 0.5 0.0595703125 0.0224609375 0.0224609375 
0 0.3935546875 0.4501953125 0.0234375 0.0234375 
1 0.4560546875 0.1708984375 0.021484375 0.021484375 
0 0.6015625 0.23828125 0.0234375 0.0234375 
1 0.5029296875 0.5078125 0.0224609375 0.0224609375 
1 0.587890625 0.4384765625 0.021484375 0.021484375 
1 0.3466796875 0.0908203125 0.021484375 0.021484375 
1 0.4658203125 0.3740234375 0.021484375 0.021484375 
0 0.5 0.83984375 0.021484375 0.021484375 
0 0.298828125 0.046875 0.021484375 0.021484375 
0 0.458984375 0.064453125 0.0234375 0.0234375 
0 0.4296875 0.7392578125 0.0234375 0.0234375 
0 0.5439453125 0.1064453125 0.021484375 0.021484375 
0 0.470703125 0.2138671875 0.021484375 0.021484375 
0 0.404296875 0.0625 0.0234375 0.0234375 
1 0.525390625 0.5673828125 0.0224609375 0.0224609375 
1 0.583984375 0.3427734375 0.021484375 0.021484375 
0 0.5693359375 0.1318359375 0.0224609375 0.0224609375 
0 0.515625 0.6025390625 0.0224609375 0.0224609375 
0 0.462890625 0.423828125 0.021484375 0.021484375 
0 0.66015625 0.0791015625 0.021484375 0.021484375 
0 0.48828125 0.138671875 0.0224609375 0.0224609375 
0 0.451171875 0.0830078125 0.0234375 0.0234375 
0 0.6552734375 0.326171875 0.021484375 0.021484375 
0 0.4150390625 0.4560546875 0.0234375 0.0234375 
1 0.4921875 0.3212890625 0.0224609375 0.0224609375 
0 0.474609375 0.720703125 0.021484375 0.021484375 
1 0.4716796875 0.1142578125 0.021484375 0.021484375 
1 0.42578125 0.1015625 0.0224609375 0.0224609375 
0 0.435546875 0.1455078125 0.0234375 0.0234375 
0 0.5458984375 0.154296875 0.021484375 0.021484375 
1 0.447265625 0.5927734375 0.0224609375 0.0224609375 
0 0.6806640625 0.1103515625 0.021484375 0.021484375 
1 0.5791015625 0.4931640625 0.021484375 0.021484375 
0 0.6064453125 0.3251953125 0.021484375 0.021484375 
1 0.341796875 0.21875 0.0224609375 0.0224609375 
1 0.4150390625 0.0869140625 0.0224609375 0.0224609375 
0 0.3134765625 0.072265625 0.0234375 0.0234375 
0 0.537109375 0.26953125 0.021484375 0.021484375 
1 0.5126953125 0.6787109375 0.021484375 0.021484375 
1 0.3583984375 0.115234375 0.021484375 0.021484375 
1 0.6044921875 0.529296875 0.021484375 0.021484375 
0 0.5927734375 0.056640625 0.021484375 0.021484375 
1 0.3984375 0.408203125 0.021484375 0.021484375 
0 0.6162109375 0.4072265625 0.021484375 0.021484375 
0 0.3662109375 0.0888671875 0.021484375 0.021484375 
0 0.412109375 0.6162109375 0.021484375 0.021484375 
0 0.5068359375 0.7109375 0.021484375 0.021484375 
0 0.3759765625 0.2890625 0.021484375 0.021484375 
0 0.2978515625 0.1435546875 0.0234375 0.0234375 
0 0.62109375 0.3447265625 0.0234375 0.0234375 
1 0.4765625 0.279296875 0.021484375 0.021484375 
1 0.3779296875 0.505859375 0.021484375 0.021484375 
0 0.556640625 0.0791015625 0.0234375 0.0234375 
0 0.5126953125 0.2197265625 0.0234375 0.0234375 
1 0.548828125 0.5546875 0.0224609375 0.0224609375 
0 0.654296875 0.2822265625 0.021484375 0.021484375 
0 0.4033203125 0.541015625 0.021484375 0.021484375 
0 0.46875 0.34375 0.021484375 0.021484375 
0 0.458984375 0.47265625 0.021484375 0.021484375 
1 0.431640625 0.625 0.0224609375 0.0224609375 
0 0.45703125 0.56640625 0.021484375 0.021484375 
0 0.576171875 0.701171875 0.0224609375 0.0224609375 
1 0.556640625 0.5361328125 0.021484375 0.021484375 
0 0.5537109375 0.3857421875 0.0234375 0.0234375 
0 0.5029296875 0.6669921875 0.021484375 0.021484375 
0 0.525390625 0.1552734375 0.021484375 0.021484375 
0 0.650390625 0.0419921875 0.021484375 0.021484375 
1 0.4443359375 0.5048828125 0.021484375 0.021484375 
0 0.3427734375 0.2412109375 0.021484375 0.021484375 
0 0.4287109375 0.4677734375 0.0224609375 0.0224609375 
1 0.4833984375 0.5712890625 0.021484375 0.021484375 
0 0.5185546875 0.8330078125 0.0234375 0.0234375 
0 0.4619140625 0.240234375 0.0224609375 0.0224609375 
1 0.4287109375 0.232421875 0.0224609375 0.0224609375 
0 0.564453125 0.4326171875 0.021484375 0.021484375 
0 0.5546875 0.6357421875 0.021484375 0.021484375 
0 0.3974609375 0.5146484375 0.0234375 0.0234375 
0 0.521484375 0.0791015625 0.0234375 0.0234375 
0 0.5859375 0.5576171875 0.021484375 0.021484375 
0 0.4765625 0.544921875 0.021484375 0.021484375 
0 0.3818359375 0.2353515625 0.021484375 0.021484375 
1 0.513671875 0.4482421875 0.021484375 0.021484375 
0 0.431640625 0.302734375 0.0234375 0.0234375 
0 0.4609375 0.7314453125 0.0224609375 0.0224609375 
0 0.3740234375 0.19140625 0.0234375 0.0234375 
1 0.4111328125 0.2392578125 0.0224609375 0.0224609375 
0 0.34765625 0.0517578125 0.021484375 0.021484375 
0 0.4580078125 0.765625 0.01953125 0.01953125 
0 0.4453125 0.6943359375 0.0234375 0.0234375 
1 0.6240234375 0.064453125 0.021484375 0.021484375 
0 0.513671875 0.18359375 0.021484375 0.021484375 
1 0.3486328125 0.0341796875 0.021484375 0.021484375 
1 0.337890625 0.072265625 0.021484375 0.021484375 
0 0.4169921875 0.669921875 0.021484375 0.021484375 
0 0.4541015625 0.677734375 0.021484375 0.021484375 
0 0.4912109375 0.28125 0.0234375 0.0234375 
0 0.4287109375 0.40234375 0.0224609375 0.0224609375 
0 0.5087890625 0.3427734375 0.0234375 0.0234375 
1 0.5810546875 0.609375 0.0224609375 0.0224609375 
