0 0.6259765625 0.3037109375 0.021484375 0.021484375 
0 0.6650390625 0.1298828125 0.021484375 0.021484375 
0 0.55859375 0.6904296875 0.0224609375 0.0224609375 
0 0.642578125 0.2119140625 0.0234375 0.0234375 
0 0.52734375 0.7490234375 0.0234375 0.0234375 
0 0.490234375 0.6171875 0.021484375 0.021484375 
1 0.3955078125 0.4609375 0.0224609375 0.0224609375 
0 0.3720703125 0.1328125 0.0234375 0.0234375 
0 0.4228515625 0.13671875 0.0224609375 0.0224609375 
0 0.65234375 0.26171875 0.021484375 0.021484375 
1 0.3720703125 0.3662109375 0.021484375 0.021484375 
0 0.32421875 0.1943359375 0.0224609375 0.0224609375 
1 0.5126953125 0.6591796875 0.0224609375 0.0224609375 
0 0.3310546875 0.060546875 0.0224609375 0.0224609375 
0 0.5322265625 0.7236328125 0.021484375 0.021484375 
0 0.46484375 0.4970703125 0.021484375 0.021484375 
0 0.57421875 0.7138671875 0.021484375 0.021484375 
0 0.4091796875 0.5234375 0.0224609375 0.0224609375 
1 0.544921875 0.37109375 0.021484375 0.021484375 
1 0.6728515625 0.166015625 0.021484375 0.021484375 
1 0.4609375 0.328125 0.021484375 0.021484375 
1 0.6806640625 0.0869140625 0.021484375 0.021484375 
0 0.5224609375 0.8095703125 0.0224609375 0.0224609375 
0 0.4814453125 0.234375 0.021484375 0.021484375 
0 0.47265625 0.6494140625 0.021484375 0.021484375 
0 0.3193359375 0.12890625 0.021484375 0.021484375 
0 0.603515625 0.134765625 0.0234375 0.0234375 
0 0.453125 0.2138671875 0.0224609375 0.0224609375 
1 0.486328125 0.2978515625 0.021484375 0.021484375 
0 0.5283203125 0.4296875 0.021484375 0.021484375 
0 0.4716796875 0.0869140625 0.021484375 0.021484375 
0 0.470703125 0.279296875 0.0234375 0.0234375 
1 0.6181640625 0.2890625 0.021484375 0.021484375 
0 0.5234375 0.3798828125 0.0234375 0.0234375 
0 0.5712890625 0.65625 0.0234375 0.0234375 
0 0.439453125 0.138671875 0.021484375 0.021484375 
1 0.560546875 0.224609375 0.021484375 0.021484375 
0 0.517578125 0.4970703125 0.0224609375 0.0224609375 
1 0.5927734375 0.48046875 0.0224609375 0.0224609375 
0 0.6689453125 0.107421875 0.021484375 0.021484375 
0 0.54296875 0.701171875 0.021484375 0.021484375 
0 0.5361328125 0.193359375 0.021484375 0.021484375 
1 0.552734375 0.3046875 0.021484375 0.021484375 
0 0.6259765625 0.3447265625 0.0224609375 0.0224609375 
0 0.427734375 0.17578125 0.021484375 0.021484375 
1 0.5751953125 0.52734375 0.021484375 0.021484375 
0 0.58984375 0.4189453125 0.021484375 0.021484375 
0 0.3857421875 0.2578125 0.0224609375 0.0224609375 
0 0.4638671875 0.4736328125 0.021484375 0.021484375 
0 0.6240234375 0.177734375 0.0224609375 0.0224609375 
1 0.62890625 0.2216796875 0.0224609375 0.0224609375 
0 0.4775390625 0.4326171875 0.021484375 0.021484375 
0 0.47265625 0.2177734375 0.021484375 0.021484375 
1 0.4013671875 0.3740234375 0.021484375 0.021484375 
0 0.5458984375 0.8115234375 0.021484375 0.021484375 
0 0.42578125 0.0556640625 0.0224609375 0.0224609375 
1 0.6044921875 0.556640625 0.021484375 0.021484375 
0 0.4638671875 0.8583984375 0.01953125 0.01953125 
1 0.396484375 0.50390625 0.021484375 0.021484375 
0 0.4736328125 0.5283203125 0.021484375 0.021484375 
0 0.3916015625 0.3359375 0.021484375 0.021484375 
1 0.4248046875 0.0712890625 0.021484375 0.021484375 
0 0.43359375 0.6689453125 0.021484375 0.021484375 
0 0.439453125 0.640625 0.021484375 0.021484375 
0 0.5615234375 0.1884765625 0.021484375 0.021484375 
0 0.6748046875 0.1845703125 0.0234375 0.0234375 
1 0.505859375 0.78125 0.0234375 0.0234375 
1 0.361328125 0.2880859375 0.021484375 0.021484375 
0 0.6240234375 0.119140625 0.0234375 0.0234375 
0 0.474609375 0.625 0.0234375 0.0234375 
0 0.5322265625 0.240234375 0.0234375 0.0234375 
0 0.7021484375 0.0791015625 0.0224609375 0.0224609375 
0 0.423828125 0.3466796875 0.021484375 0.021484375 
0 0.5751953125 0.6025390625 0.021484375 0.021484375 
0 0.462890625 0.87890625 0.0224609375 0.0224609375 
1 0.6376953125 0.236328125 0.021484375 0.021484375 
0 0.513671875 0.359375 0.021484375 0.021484375 
0 0.4248046875 0.4599609375 0.021484375 0.021484375 
0 0.6650390625 0.2861328125 0.0234375 0.0234375 
0 0.513671875 0.462890625 0.0224609375 0.0224609375 
0 0.361328125 0.0986328125 0.021484375 0.021484375 
0 0.677734375 0.1376953125 0.0234375 0.0234375 
1 0.58984375 0.2021484375 0.0224609375 0.0224609375 
1 0.4814453125 0.8779296875 0.0234375 0.0234375 
0 0.5966796875 0.326171875 0.021484375 0.021484375 
0 0.4873046875 0.3603515625 0.0234375 0.0234375 
1 0.505859375 0.201171875 0.0224609375 0.0224609375 
1 0.408203125 0.4775390625 0.021484375 0.021484375 
0 0.4013671875 0.2958984375 0.0234375 0.0234375 
0 0.4228515625 0.248046875 0.021484375 0.021484375 
0 0.40234375 0.5595703125 0.021484375 0.021484375 
0 0.5966796875 0.458984375 0.021484375 0.021484375 
1 0.396484375 0.109375 0.0224609375 0.0224609375 
0 0.3095703125 0.0791015625 0.021484375 0.021484375 
0 0.7001953125 0.0625 0.0234375 0.0234375 
0 0.568359375 0.5126953125 0.0234375 0.0234375 
0 0.412109375 0.58203125 0.0224609375 0.0224609375 
0 0.51171875 0.392578125 0.021484375 0.021484375 
0 0.595703125 0.576171875 0.0234375 0.0234375 
0 0.4287109375 0.310546875 0.021484375 0.021484375 
0 0.6142578125 0.166015625 0.021484375 0.021484375 
0 0.390625 0.318359375 0.021484375 0.021484375 
0 0.4765625 0.0537109375 0.0234375 0.0234375 
0 0.4951171875 0.0341796875 0.0234375 0.0234375 
1 0.4833984375 0.12890625 0.021484375 0.021484375 
0 0.7138671875 0.0498046875 0.021484375 0.021484375 
1 0.4794921875 0.146484375 0.021484375 0.021484375 
0 0.5498046875 0.28125 0.0234375 0.0234375 
1 0.427734375 0.572265625 0.021484375 0.021484375 
0 0.431640625 0.744140625 0.0234375 0.0234375 
1 0.625 0.24609375 0.021484375 0.021484375 
0 0.587890625 0.1572265625 0.021484375 0.021484375 
1 0.583984375 0.076171875 0.021484375 0.021484375 
0 0.359375 0.19140625 0.0234375 0.0234375 
0 0.294921875 0.0478515625 0.0234375 0.0234375 
0 0.5263671875 0.669921875 0.021484375 0.021484375 
0 0.5390625 0.4775390625 0.0234375 0.0234375 
0 0.31640625 0.2353515625 0.0234375 0.0234375 
0 0.443359375 0.4072265625 0.0234375 0.0234375 
0 0.458984375 0.3544921875 0.0234375 0.0234375 
1 0.49609375 0.482421875 0.021484375 0.021484375 
0 0.3388671875 0.16796875 0.0234375 0.0234375 
0 0.396484375 0.203125 0.021484375 0.021484375 
0 0.41015625 0.0537109375 0.021484375 0.021484375 
0 0.5029296875 0.5869140625 0.021484375 0.021484375 
0 0.5 0.884765625 0.0234375 0.0234375 
0 0.5244140625 0.3037109375 0.021484375 0.021484375 
1 0.6455078125 0.330078125 0.021484375 0.021484375 
0 0.34375 0.205078125 0.0234375 0.0234375 
0 0.6796875 0.2060546875 0.021484375 0.021484375 
1 0.595703125 0.1201171875 0.0224609375 0.0224609375 
0 0.4853515625 0.189453125 0.0234375 0.0234375 
0 0.5087890625 0.27734375 0.0224609375 0.0224609375 
0 0.5908203125 0.361328125 0.0234375 0.0234375 
1 0.349609375 0.36328125 0.0224609375 0.0224609375 
0 0.48828125 0.7119140625 0.0234375 0.0234375 
0 0.689453125 0.1572265625 0.0224609375 0.0224609375 
0 0.265625 0.0322265625 0.021484375 0.021484375 
0 0.3564453125 0.234375 0.021484375 0.021484375 
1 0.37890625 0.4755859375 0.0224609375 0.0224609375 
1 0.474609375 0.33984375 0.021484375 0.021484375 
0 0.3779296875 0.5087890625 0.0234375 0.0234375 
0 0.4521484375 0.7080078125 0.021484375 0.021484375 
0 0.6416015625 0.1181640625 0.021484375 0.021484375 
0 0.48046875 0.3994140625 0.0234375 0.0234375 
0 0.5986328125 0.248046875 0.0234375 0.0234375 
0 0.5986328125 0.0302734375 0.0234375 0.0234375 
0 0.6171875 0.49609375 0.021484375 0.021484375 
0 0.37109375 0.2021484375 0.021484375 0.021484375 
1 0.4365234375 0.76953125 0.0234375 0.0234375 
0 0.3837890625 0.0517578125 0.021484375 0.021484375 
