0 0.484375 0.4052734375 0.021484375 0.021484375 
0 0.5830078125 0.275390625 0.0234375 0.0234375 
0 0.537109375 0.513671875 0.021484375 0.021484375 
0 0.416015625 0.4580078125 0.0234375 0.0234375 
0 0.4423828125 0.2763671875 0.0234375 0.0234375 
1 0.44140625 0.40625 0.021484375 0.021484375 
0 0.673828125 0.0859375 0.021484375 0.021484375 
0 0.57421875 0.419921875 0.0224609375 0.0224609375 
0 0.392578125 0.216796875 0.0234375 0.0234375 
1 0.4560546875 0.3203125 0.0224609375 0.0224609375 
0 0.435546875 0.314453125 0.0224609375 0.0224609375 
0 0.48046875 0.470703125 0.0234375 0.0234375 
1 0.6142578125 0.2724609375 0.021484375 0.021484375 
0 0.5185546875 0.53125 0.021484375 0.021484375 
1 0.431640625 0.2529296875 0.0224609375 0.0224609375 
0 0.4638671875 0.751953125 0.0224609375 0.0224609375 
0 0.46875 0.8447265625 0.025390625 0.025390625 
0 0.5478515625 0.3134765625 0.021484375 0.021484375 
0 0.4287109375 0.5771484375 0.0224609375 0.0224609375 
0 0.3798828125 0.416015625 0.0234375 0.0234375 
0 0.6357421875 0.201171875 0.021484375 0.021484375 
0 0.5166015625 0.0693359375 0.021484375 0.021484375 
0 0.462890625 0.58203125 0.021484375 0.021484375 
1 0.41796875 0.033203125 0.0224609375 0.0224609375 
0 0.326171875 0.2001953125 0.0234375 0.0234375 
0 0.3388671875 0.2197265625 0.021484375 0.021484375 
0 0.478515625 0.05859375 0.0234375 0.0234375 
0 0.623046875 0.427734375 0.0234375 0.0234375 
0 0.5517578125 0.177734375 0.021484375 0.021484375 
0 0.603515625 0.181640625 0.021484375 0.021484375 
1 0.4501953125 0.78515625 0.0234375 0.0234375 
0 0.4228515625 0.08203125 0.0234375 0.0234375 
1 0.416015625 0.3125 0.021484375 0.021484375 
0 0.560546875 0.0556640625 0.021484375 0.021484375 
0 0.46875 0.4248046875 0.0224609375 0.0224609375 
0 0.5576171875 0.33203125 0.0234375 0.0234375 
0 0.3642578125 0.3232421875 0.0224609375 0.0224609375 
0 0.55859375 0.4853515625 0.0234375 0.0234375 
0 0.4072265625 0.484375 0.021484375 0.021484375 
1 0.5361328125 0.4287109375 0.021484375 0.021484375 
0 0.6005859375 0.556640625 0.021484375 0.021484375 
1 0.384765625 0.36328125 0.0224609375 0.0224609375 
0 0.4091796875 0.59765625 0.021484375 0.021484375 
0 0.5908203125 0.0810546875 0.021484375 0.021484375 
0 0.4248046875 0.16015625 0.021484375 0.021484375 
0 0.3359375 0.306640625 0.021484375 0.021484375 
1 0.4970703125 0.7451171875 0.0224609375 0.0224609375 
0 0.5380859375 0.6943359375 0.021484375 0.021484375 
1 0.470703125 0.0712890625 0.021484375 0.021484375 
0 0.53515625 0.55078125 0.021484375 0.021484375 
1 0.4443359375 0.04296875 0.021484375 0.021484375 
0 0.4736328125 0.2607421875 0.0224609375 0.0224609375 
1 0.4296875 0.3515625 0.0224609375 0.0224609375 
0 0.45703125 0.732421875 0.021484375 0.021484375 
0 0.451171875 0.1904296875 0.0224609375 0.0224609375 
0 0.4609375 0.52734375 0.021484375 0.021484375 
0 0.4609375 0.5673828125 0.021484375 0.021484375 
0 0.5615234375 0.5263671875 0.0234375 0.0234375 
0 0.642578125 0.150390625 0.021484375 0.021484375 
0 0.5419921875 0.263671875 0.0234375 0.0234375 
1 0.4228515625 0.099609375 0.021484375 0.021484375 
0 0.328125 0.1787109375 0.021484375 0.021484375 
1 0.4189453125 0.3662109375 0.021484375 0.021484375 
0 0.697265625 0.134765625 0.0234375 0.0234375 
1 0.6416015625 0.3740234375 0.021484375 0.021484375 
0 0.45703125 0.095703125 0.0234375 0.0234375 
0 0.6015625 0.15625 0.021484375 0.021484375 
0 0.443359375 0.3017578125 0.0234375 0.0234375 
0 0.474609375 0.6650390625 0.0234375 0.0234375 
1 0.5419921875 0.798828125 0.021484375 0.021484375 
0 0.3505859375 0.0693359375 0.0234375 0.0234375 
0 0.408203125 0.1875 0.021484375 0.021484375 
0 0.4912109375 0.6279296875 0.021484375 0.021484375 
0 0.458984375 0.271484375 0.0234375 0.0234375 
0 0.55078125 0.078125 0.021484375 0.021484375 
1 0.365234375 0.376953125 0.021484375 0.021484375 
0 0.5634765625 0.603515625 0.021484375 0.021484375 
1 0.48046875 0.2314453125 0.021484375 0.021484375 
0 0.4345703125 0.4794921875 0.0234375 0.0234375 
0 0.3525390625 0.1591796875 0.021484375 0.021484375 
0 0.521484375 0.8408203125 0.0224609375 0.0224609375 
0 0.673828125 0.15625 0.0224609375 0.0224609375 
1 0.373046875 0.34375 0.021484375 0.021484375 
0 0.5859375 0.1708984375 0.0224609375 0.0224609375 
0 0.611328125 0.05078125 0.0234375 0.0234375 
0 0.4404296875 0.146484375 0.021484375 0.021484375 
0 0.4033203125 0.4267578125 0.0234375 0.0234375 
1 0.3857421875 0.470703125 0.021484375 0.021484375 
0 0.556640625 0.376953125 0.0224609375 0.0224609375 
0 0.607421875 0.4990234375 0.021484375 0.021484375 
0 0.5 0.564453125 0.0224609375 0.0224609375 
1 0.4189453125 0.53515625 0.021484375 0.021484375 
0 0.474609375 0.8212890625 0.025390625 0.025390625 
0 0.4248046875 0.6982421875 0.0234375 0.0234375 
0 0.3271484375 0.236328125 0.0224609375 0.0224609375 
0 0.3662109375 0.119140625 0.021484375 0.021484375 
0 0.501953125 0.13671875 0.0234375 0.0234375 
1 0.4267578125 0.2099609375 0.021484375 0.021484375 
0 0.4443359375 0.6982421875 0.021484375 0.021484375 
0 0.4560546875 0.5439453125 0.021484375 0.021484375 
0 0.55078125 0.76953125 0.025390625 0.025390625 
0 0.310546875 0.23046875 0.0234375 0.0234375 
0 0.455078125 0.80078125 0.01953125 0.01953125 
0 0.546875 0.6552734375 0.021484375 0.021484375 
0 0.3828125 0.2373046875 0.021484375 0.021484375 
0 0.390625 0.130859375 0.0234375 0.0234375 
0 0.375 0.3017578125 0.0234375 0.0234375 
0 0.6005859375 0.3056640625 0.021484375 0.021484375 
1 0.634765625 0.3056640625 0.0224609375 0.0224609375 
0 0.3876953125 0.0732421875 0.0234375 0.0234375 
0 0.5166015625 0.685546875 0.0234375 0.0234375 
0 0.5654296875 0.4013671875 0.0234375 0.0234375 
0 0.478515625 0.3203125 0.021484375 0.021484375 
0 0.591796875 0.2587890625 0.021484375 0.021484375 
1 0.564453125 0.552734375 0.021484375 0.021484375 
0 0.6376953125 0.2841796875 0.021484375 0.021484375 
0 0.5263671875 0.2021484375 0.0234375 0.0234375 
0 0.650390625 0.046875 0.0234375 0.0234375 
0 0.56640625 0.7109375 0.021484375 0.021484375 
1 0.5244140625 0.4423828125 0.021484375 0.021484375 
0 0.4990234375 0.232421875 0.0234375 0.0234375 
0 0.61328125 0.36328125 0.021484375 0.021484375 
0 0.3740234375 0.0341796875 0.0234375 0.0234375 
0 0.5322265625 0.35546875 0.0234375 0.0234375 
1 0.408203125 0.4072265625 0.021484375 0.021484375 
0 0.509765625 0.64453125 0.021484375 0.021484375 
0 0.4091796875 0.162109375 0.0224609375 0.0224609375 
0 0.4208984375 0.328125 0.021484375 0.021484375 
1 0.6875 0.041015625 0.0224609375 0.0224609375 
0 0.4033203125 0.0576171875 0.021484375 0.021484375 
0 0.3466796875 0.3828125 0.0234375 0.0234375 
1 0.63671875 0.2646484375 0.021484375 0.021484375 
0 0.470703125 0.1630859375 0.021484375 0.021484375 
0 0.5107421875 0.357421875 0.0234375 0.0234375 
1 0.4423828125 0.6142578125 0.021484375 0.021484375 
0 0.517578125 0.3369140625 0.0234375 0.0234375 
0 0.5634765625 0.640625 0.0234375 0.0234375 
0 0.515625 0.4072265625 0.021484375 0.021484375 
0 0.3427734375 0.2744140625 0.021484375 0.021484375 
0 0.599609375 0.24609375 0.021484375 0.021484375 
1 0.4609375 0.146484375 0.021484375 0.021484375 
0 0.607421875 0.2265625 0.0224609375 0.0224609375 
0 0.66796875 0.2548828125 0.021484375 0.021484375 
0 0.58984375 0.62109375 0.021484375 0.021484375 
0 0.697265625 0.109375 0.021484375 0.021484375 
0 0.521484375 0.4990234375 0.021484375 0.021484375 
0 0.5087890625 0.8525390625 0.021484375 0.021484375 
1 0.5263671875 0.8564453125 0.021484375 0.021484375 
0 0.439453125 0.6298828125 0.0234375 0.0234375 
1 0.4599609375 0.482421875 0.021484375 0.021484375 
0 0.5361328125 0.3388671875 0.0234375 0.0234375 
0 0.5859375 0.376953125 0.021484375 0.021484375 
0 0.53125 0.6201171875 0.0224609375 0.0224609375 
0 0.6474609375 0.107421875 0.0224609375 0.0224609375 
0 0.44140625 0.5341796875 0.0234375 0.0234375 
0 0.37109375 0.4326171875 0.0224609375 0.0224609375 
0 0.494140625 0.20703125 0.0234375 0.0234375 
0 0.6962890625 0.0859375 0.0234375 0.0234375 
0 0.44140625 0.224609375 0.0224609375 0.0224609375 
0 0.3935546875 0.548828125 0.021484375 0.021484375 
0 0.5146484375 0.765625 0.0234375 0.0234375 
1 0.5732421875 0.2041015625 0.021484375 0.021484375 
0 0.4970703125 0.052734375 0.021484375 0.021484375 
0 0.6201171875 0.162109375 0.021484375 0.021484375 
1 0.4384765625 0.1279296875 0.021484375 0.021484375 
0 0.361328125 0.2763671875 0.021484375 0.021484375 
0 0.3828125 0.0986328125 0.021484375 0.021484375 
1 0.486328125 0.8701171875 0.021484375 0.021484375 
0 0.5322265625 0.3994140625 0.0224609375 0.0224609375 
0 0.666015625 0.1376953125 0.021484375 0.021484375 
1 0.4658203125 0.6474609375 0.021484375 0.021484375 
0 0.6455078125 0.07421875 0.0234375 0.0234375 
1 0.521484375 0.6640625 0.0224609375 0.0224609375 
0 0.3994140625 0.515625 0.021484375 0.021484375 
0 0.6513671875 0.0322265625 0.0224609375 0.0224609375 
0 0.462890625 0.5068359375 0.021484375 0.021484375 
1 0.5087890625 0.3798828125 0.021484375 0.021484375 
0 0.4365234375 0.068359375 0.0224609375 0.0224609375 
1 0.4296875 0.6533203125 0.021484375 0.021484375 
1 0.5849609375 0.5732421875 0.0224609375 0.0224609375 
0 0.3125 0.03125 0.021484375 0.021484375 
0 0.4521484375 0.34375 0.0234375 0.0234375 
0 0.3525390625 0.1982421875 0.0234375 0.0234375 
0 0.66015625 0.2236328125 0.0234375 0.0234375 
0 0.3671875 0.2626953125 0.0234375 0.0234375 
