1 0.548828125 0.5830078125 0.0224609375 0.0224609375 
0 0.439453125 0.5322265625 0.021484375 0.021484375 
0 0.41015625 0.220703125 0.0234375 0.0234375 
0 0.5068359375 0.416015625 0.021484375 0.021484375 
0 0.5302734375 0.2138671875 0.0234375 0.0234375 
0 0.5283203125 0.283203125 0.021484375 0.021484375 
0 0.2958984375 0.06640625 0.021484375 0.021484375 
1 0.5458984375 0.1474609375 0.0224609375 0.0224609375 
0 0.666015625 0.1240234375 0.0224609375 0.0224609375 
0 0.6474609375 0.2470703125 0.0234375 0.0234375 
0 0.5029296875 0.470703125 0.021484375 0.021484375 
0 0.5966796875 0.537109375 0.021484375 0.021484375 
0 0.57421875 0.4892578125 0.0234375 0.0234375 
0 0.552734375 0.482421875 0.021484375 0.021484375 
0 0.4599609375 0.0673828125 0.021484375 0.021484375 
0 0.462890625 0.326171875 0.0234375 0.0234375 
0 0.5908203125 0.4111328125 0.021484375 0.021484375 
1 0.671875 0.1767578125 0.021484375 0.021484375 
0 0.5302734375 0.416015625 0.021484375 0.021484375 
0 0.65625 0.0947265625 0.021484375 0.021484375 
0 0.45703125 0.755859375 0.0224609375 0.0224609375 
1 0.4033203125 0.546875 0.0224609375 0.0224609375 
1 0.4892578125 0.1474609375 0.021484375 0.021484375 
0 0.3408203125 0.306640625 0.021484375 0.021484375 
1 0.498046875 0.20703125 0.0224609375 0.0224609375 
0 0.662109375 0.0751953125 0.0234375 0.0234375 
0 0.2763671875 0.033203125 0.021484375 0.021484375 
1 0.546875 0.416015625 0.0224609375 0.0224609375 
0 0.32421875 0.2607421875 0.021484375 0.021484375 
0 0.6083984375 0.04296875 0.021484375 0.021484375 
0 0.5859375 0.3671875 0.021484375 0.021484375 
0 0.654296875 0.263671875 0.0234375 0.0234375 
0 0.4912109375 0.08203125 0.021484375 0.021484375 
0 0.5712890625 0.078125 0.021484375 0.021484375 
0 0.5625 0.5625 0.021484375 0.021484375 
0 0.4482421875 0.36328125 0.021484375 0.021484375 
0 0.68359375 0.197265625 0.021484375 0.021484375 
0 0.412109375 0.6455078125 0.0234375 0.0234375 
0 0.4716796875 0.814453125 0.0224609375 0.0224609375 
0 0.5888671875 0.48046875 0.021484375 0.021484375 
0 0.3447265625 0.11328125 0.021484375 0.021484375 
0 0.568359375 0.28515625 0.0234375 0.0234375 
0 0.4013671875 0.068359375 0.0234375 0.0234375 
0 0.3671875 0.17578125 0.021484375 0.021484375 
1 0.3232421875 0.103515625 0.021484375 0.021484375 
0 0.4130859375 0.279296875 0.0234375 0.0234375 
0 0.443359375 0.125 0.021484375 0.021484375 
1 0.5234375 0.7373046875 0.021484375 0.021484375 
0 0.4765625 0.2509765625 0.0234375 0.0234375 
0 0.5244140625 0.875 0.0224609375 0.0224609375 
1 0.560546875 0.2021484375 0.021484375 0.021484375 
0 0.6337890625 0.3076171875 0.021484375 0.021484375 
0 0.552734375 0.74609375 0.021484375 0.021484375 
0 0.3251953125 0.201171875 0.021484375 0.021484375 
0 0.6845703125 0.072265625 0.021484375 0.021484375 
0 0.482421875 0.6533203125 0.0234375 0.0234375 
0 0.5703125 0.408203125 0.021484375 0.021484375 
0 0.5166015625 0.478515625 0.0234375 0.0234375 
0 0.619140625 0.107421875 0.021484375 0.021484375 
0 0.484375 0.7353515625 0.0234375 0.0234375 
0 0.37890625 0.2197265625 0.021484375 0.021484375 
0 0.3544921875 0.3251953125 0.0234375 0.0234375 
0 0.3876953125 0.0498046875 0.0224609375 0.0224609375 
0 0.375 0.38671875 0.0234375 0.0234375 
0 0.3955078125 0.1865234375 0.021484375 0.021484375 
0 0.40234375 0.2451171875 0.0234375 0.0234375 
0 0.4716796875 0.3017578125 0.021484375 0.021484375 
0 0.3818359375 0.1962890625 0.021484375 0.021484375 
0 0.416015625 0.4794921875 0.0234375 0.0234375 
0 0.6171875 0.3857421875 0.021484375 0.021484375 
0 0.4716796875 0.8759765625 0.0224609375 0.0224609375 
1 0.5048828125 0.1015625 0.021484375 0.021484375 
0 0.501953125 0.720703125 0.021484375 0.021484375 
0 0.533203125 0.8876953125 0.0224609375 0.0224609375 
0 0.568359375 0.267578125 0.021484375 0.021484375 
0 0.4599609375 0.689453125 0.0224609375 0.0224609375 
0 0.5458984375 0.0732421875 0.021484375 0.021484375 
0 0.375 0.244140625 0.0234375 0.0234375 
0 0.4453125 0.41015625 0.0234375 0.0234375 
0 0.3330078125 0.0546875 0.021484375 0.021484375 
0 0.421875 0.447265625 0.021484375 0.021484375 
0 0.451171875 0.4423828125 0.0234375 0.0234375 
0 0.388671875 0.4404296875 0.021484375 0.021484375 
0 0.416015625 0.2529296875 0.0234375 0.0234375 
0 0.5185546875 0.669921875 0.021484375 0.021484375 
1 0.490234375 0.6904296875 0.0224609375 0.0224609375 
0 0.33984375 0.138671875 0.021484375 0.021484375 
1 0.5576171875 0.501953125 0.021484375 0.021484375 
0 0.6552734375 0.1396484375 0.0224609375 0.0224609375 
0 0.5078125 0.8505859375 0.0234375 0.0234375 
0 0.46484375 0.578125 0.0224609375 0.0224609375 
1 0.384765625 0.1484375 0.021484375 0.021484375 
0 0.5078125 0.5390625 0.021484375 0.021484375 
0 0.4716796875 0.1943359375 0.021484375 0.021484375 
0 0.3701171875 0.302734375 0.0224609375 0.0224609375 
0 0.6533203125 0.322265625 0.021484375 0.021484375 
0 0.599609375 0.3095703125 0.021484375 0.021484375 
1 0.4619140625 0.2099609375 0.021484375 0.021484375 
0 0.484375 0.2744140625 0.021484375 0.021484375 
0 0.28515625 0.0546875 0.0234375 0.0234375 
0 0.482421875 0.2333984375 0.0224609375 0.0224609375 
0 0.61328125 0.125 0.021484375 0.021484375 
0 0.509765625 0.439453125 0.0234375 0.0234375 
0 0.5595703125 0.33984375 0.021484375 0.021484375 
