0 0.486328125 0.65625 0.0224609375 0.0224609375 
0 0.55859375 0.3896484375 0.021484375 0.021484375 
0 0.5537109375 0.611328125 0.021484375 0.021484375 
1 0.6552734375 0.2939453125 0.021484375 0.021484375 
0 0.4228515625 0.248046875 0.0224609375 0.0224609375 
1 0.43359375 0.5908203125 0.021484375 0.021484375 
0 0.6533203125 0.2626953125 0.021484375 0.021484375 
0 0.6220703125 0.35546875 0.021484375 0.021484375 
0 0.4619140625 0.833984375 0.0234375 0.0234375 
0 0.646484375 0.11328125 0.0224609375 0.0224609375 
1 0.34765625 0.22265625 0.021484375 0.021484375 
0 0.41796875 0.3359375 0.0234375 0.0234375 
0 0.4375 0.486328125 0.0234375 0.0234375 
0 0.4013671875 0.064453125 0.021484375 0.021484375 
0 0.439453125 0.4091796875 0.021484375 0.021484375 
1 0.6025390625 0.0732421875 0.0224609375 0.0224609375 
0 0.3818359375 0.2958984375 0.0234375 0.0234375 
0 0.5048828125 0.23046875 0.0234375 0.0234375 
1 0.421875 0.2685546875 0.0224609375 0.0224609375 
0 0.4169921875 0.1806640625 0.0234375 0.0234375 
0 0.537109375 0.2265625 0.021484375 0.021484375 
1 0.6171875 0.0830078125 0.0224609375 0.0224609375 
0 0.53515625 0.4033203125 0.021484375 0.021484375 
0 0.435546875 0.05859375 0.021484375 0.021484375 
0 0.353515625 0.251953125 0.021484375 0.021484375 
0 0.5 0.525390625 0.021484375 0.021484375 
0 0.5078125 0.205078125 0.021484375 0.021484375 
0 0.4462890625 0.0791015625 0.0234375 0.0234375 
0 0.4443359375 0.2880859375 0.0234375 0.0234375 
0 0.595703125 0.44921875 0.021484375 0.021484375 
0 0.53125 0.6279296875 0.021484375 0.021484375 
1 0.419921875 0.5263671875 0.0224609375 0.0224609375 
0 0.5029296875 0.365234375 0.0234375 0.0234375 
0 0.5283203125 0.8603515625 0.0224609375 0.0224609375 
0 0.349609375 0.384765625 0.0234375 0.0234375 
0 0.4482421875 0.662109375 0.0224609375 0.0224609375 
0 0.4580078125 0.6494140625 0.0224609375 0.0224609375 
0 0.412109375 0.5947265625 0.021484375 0.021484375 
0 0.583984375 0.2431640625 0.021484375 0.021484375 
0 0.5224609375 0.2216796875 0.021484375 0.021484375 
0 0.4873046875 0.8681640625 0.025390625 0.025390625 
0 0.6142578125 0.1708984375 0.021484375 0.021484375 
0 0.4541015625 0.251953125 0.0234375 0.0234375 
0 0.4482421875 0.1669921875 0.021484375 0.021484375 
0 0.6064453125 0.1884765625 0.0234375 0.0234375 
0 0.5703125 0.0673828125 0.0234375 0.0234375 
0 0.4296875 0.0888671875 0.021484375 0.021484375 
0 0.36328125 0.076171875 0.021484375 0.021484375 
0 0.4111328125 0.1640625 0.021484375 0.021484375 
1 0.5546875 0.078125 0.021484375 0.021484375 
0 0.3955078125 0.5693359375 0.021484375 0.021484375 
0 0.4208984375 0.546875 0.021484375 0.021484375 
0 0.5791015625 0.0361328125 0.0224609375 0.0224609375 
0 0.349609375 0.2001953125 0.021484375 0.021484375 
0 0.5869140625 0.2041015625 0.0234375 0.0234375 
0 0.5390625 0.3349609375 0.021484375 0.021484375 
0 0.6474609375 0.1416015625 0.0234375 0.0234375 
1 0.4541015625 0.814453125 0.021484375 0.021484375 
0 0.60546875 0.1337890625 0.0224609375 0.0224609375 
0 0.4365234375 0.4365234375 0.0234375 0.0234375 
0 0.6455078125 0.091796875 0.021484375 0.021484375 
0 0.5244140625 0.42578125 0.021484375 0.021484375 
0 0.6044921875 0.341796875 0.0234375 0.0234375 
0 0.43359375 0.6748046875 0.021484375 0.021484375 
0 0.4580078125 0.3359375 0.021484375 0.021484375 
0 0.572265625 0.1611328125 0.0224609375 0.0224609375 
1 0.3427734375 0.275390625 0.0224609375 0.0224609375 
0 0.666015625 0.072265625 0.0234375 0.0234375 
0 0.697265625 0.0400390625 0.021484375 0.021484375 
1 0.427734375 0.7041015625 0.021484375 0.021484375 
1 0.576171875 0.333984375 0.021484375 0.021484375 
0 0.6318359375 0.2392578125 0.021484375 0.021484375 
0 0.3486328125 0.154296875 0.021484375 0.021484375 
0 0.5849609375 0.134765625 0.0234375 0.0234375 
0 0.3828125 0.3603515625 0.0234375 0.0234375 
0 0.603515625 0.572265625 0.021484375 0.021484375 
0 0.517578125 0.0810546875 0.0234375 0.0234375 
0 0.6025390625 0.3798828125 0.0224609375 0.0224609375 
1 0.439453125 0.2529296875 0.021484375 0.021484375 
0 0.314453125 0.150390625 0.0224609375 0.0224609375 
1 0.5205078125 0.166015625 0.021484375 0.021484375 
