1 0.513671875 0.6376953125 0.021484375 0.021484375 
0 0.56640625 0.1103515625 0.0224609375 0.0224609375 
0 0.53125 0.5439453125 0.021484375 0.021484375 
0 0.6337890625 0.1591796875 0.0234375 0.0234375 
0 0.52734375 0.298828125 0.021484375 0.021484375 
0 0.6533203125 0.0537109375 0.0234375 0.0234375 
1 0.6708984375 0.26171875 0.0224609375 0.0224609375 
1 0.37890625 0.2421875 0.021484375 0.021484375 
1 0.3828125 0.458984375 0.0224609375 0.0224609375 
0 0.4384765625 0.45703125 0.0234375 0.0234375 
0 0.419921875 0.0908203125 0.0224609375 0.0224609375 
0 0.4716796875 0.556640625 0.021484375 0.021484375 
0 0.349609375 0.28125 0.021484375 0.021484375 
0 0.587890625 0.3056640625 0.021484375 0.021484375 
1 0.5830078125 0.208984375 0.021484375 0.021484375 
0 0.44921875 0.412109375 0.021484375 0.021484375 
0 0.5224609375 0.0439453125 0.021484375 0.021484375 
1 0.4892578125 0.8408203125 0.021484375 0.021484375 
1 0.484375 0.6796875 0.021484375 0.021484375 
1 0.4189453125 0.216796875 0.021484375 0.021484375 
0 0.5615234375 0.7333984375 0.0234375 0.0234375 
1 0.5576171875 0.5927734375 0.021484375 0.021484375 
1 0.5244140625 0.796875 0.0234375 0.0234375 
0 0.53125 0.8671875 0.0224609375 0.0224609375 
0 0.3232421875 0.2177734375 0.021484375 0.021484375 
0 0.458984375 0.5126953125 0.021484375 0.021484375 
0 0.59375 0.076171875 0.0234375 0.0234375 
1 0.341796875 0.107421875 0.021484375 0.021484375 
0 0.3583984375 0.408203125 0.021484375 0.021484375 
0 0.3525390625 0.234375 0.021484375 0.021484375 
0 0.490234375 0.07421875 0.021484375 0.021484375 
0 0.5458984375 0.2880859375 0.0234375 0.0234375 
0 0.537109375 0.4814453125 0.0234375 0.0234375 
0 0.5185546875 0.740234375 0.0224609375 0.0224609375 
0 0.4248046875 0.2958984375 0.021484375 0.021484375 
1 0.6298828125 0.388671875 0.021484375 0.021484375 
1 0.552734375 0.787109375 0.0234375 0.0234375 
0 0.4970703125 0.111328125 0.021484375 0.021484375 
0 0.638671875 0.3251953125 0.021484375 0.021484375 
0 0.5302734375 0.2275390625 0.0234375 0.0234375 
0 0.6123046875 0.3017578125 0.0234375 0.0234375 
0 0.513671875 0.287109375 0.021484375 0.021484375 
0 0.595703125 0.42578125 0.0234375 0.0234375 
0 0.3994140625 0.5576171875 0.0234375 0.0234375 
0 0.4736328125 0.2255859375 0.021484375 0.021484375 
1 0.4736328125 0.6103515625 0.021484375 0.021484375 
0 0.314453125 0.1298828125 0.0224609375 0.0224609375 
0 0.5146484375 0.32421875 0.021484375 0.021484375 
0 0.4052734375 0.3173828125 0.021484375 0.021484375 
0 0.6767578125 0.0576171875 0.021484375 0.021484375 
0 0.4736328125 0.7099609375 0.0234375 0.0234375 
0 0.4716796875 0.03125 0.021484375 0.021484375 
1 0.6103515625 0.341796875 0.0224609375 0.0224609375 
1 0.685546875 0.1416015625 0.021484375 0.021484375 
0 0.5771484375 0.615234375 0.021484375 0.021484375 
0 0.6259765625 0.0810546875 0.0234375 0.0234375 
0 0.455078125 0.3583984375 0.021484375 0.021484375 
1 0.4716796875 0.4423828125 0.021484375 0.021484375 
1 0.4697265625 0.46484375 0.021484375 0.021484375 
1 0.4658203125 0.0810546875 0.021484375 0.021484375 
1 0.609375 0.5009765625 0.0224609375 0.0224609375 
0 0.6455078125 0.298828125 0.0234375 0.0234375 
0 0.52734375 0.3701171875 0.021484375 0.021484375 
0 0.4365234375 0.384765625 0.0234375 0.0234375 
1 0.3681640625 0.2939453125 0.0224609375 0.0224609375 
1 0.5224609375 0.8369140625 0.021484375 0.021484375 
0 0.4794921875 0.1484375 0.021484375 0.021484375 
0 0.4892578125 0.822265625 0.025390625 0.025390625 
0 0.5234375 0.1630859375 0.021484375 0.021484375 
0 0.5888671875 0.4736328125 0.021484375 0.021484375 
0 0.427734375 0.1591796875 0.021484375 0.021484375 
0 0.4765625 0.4921875 0.0234375 0.0234375 
1 0.4755859375 0.26171875 0.021484375 0.021484375 
1 0.4150390625 0.6396484375 0.021484375 0.021484375 
0 0.4306640625 0.470703125 0.021484375 0.021484375 
0 0.474609375 0.33984375 0.021484375 0.021484375 
0 0.46484375 0.6708984375 0.021484375 0.021484375 
1 0.34765625 0.333984375 0.0224609375 0.0224609375 
0 0.4404296875 0.0810546875 0.021484375 0.021484375 
0 0.552734375 0.8134765625 0.01953125 0.01953125 
0 0.6669921875 0.1689453125 0.021484375 0.021484375 
0 0.6298828125 0.0654296875 0.0224609375 0.0224609375 
0 0.455078125 0.1728515625 0.0224609375 0.0224609375 
1 0.57421875 0.5576171875 0.021484375 0.021484375 
0 0.369140625 0.103515625 0.0224609375 0.0224609375 
0 0.365234375 0.3896484375 0.0234375 0.0234375 
0 0.5361328125 0.423828125 0.0224609375 0.0224609375 
0 0.2939453125 0.064453125 0.0234375 0.0234375 
1 0.4892578125 0.2734375 0.021484375 0.021484375 
0 0.5693359375 0.091796875 0.021484375 0.021484375 
1 0.3994140625 0.08203125 0.021484375 0.021484375 
0 0.4365234375 0.69921875 0.021484375 0.021484375 
0 0.646484375 0.1435546875 0.021484375 0.021484375 
1 0.501953125 0.15625 0.0224609375 0.0224609375 
1 0.447265625 0.2373046875 0.021484375 0.021484375 
1 0.52734375 0.2783203125 0.021484375 0.021484375 
0 0.5537109375 0.634765625 0.021484375 0.021484375 
0 0.5859375 0.6416015625 0.0234375 0.0234375 
1 0.7060546875 0.099609375 0.021484375 0.021484375 
0 0.3515625 0.0556640625 0.021484375 0.021484375 
1 0.49609375 0.3369140625 0.0224609375 0.0224609375 
0 0.4990234375 0.759765625 0.025390625 0.025390625 
0 0.4921875 0.4365234375 0.021484375 0.021484375 
1 0.677734375 0.193359375 0.021484375 0.021484375 
0 0.69140625 0.1171875 0.021484375 0.021484375 
0 0.439453125 0.095703125 0.0234375 0.0234375 
0 0.611328125 0.2255859375 0.0224609375 0.0224609375 
0 0.5458984375 0.5361328125 0.021484375 0.021484375 
0 0.5947265625 0.04296875 0.0234375 0.0234375 
1 0.63671875 0.24609375 0.021484375 0.021484375 
0 0.6328125 0.1357421875 0.021484375 0.021484375 
0 0.533203125 0.5234375 0.0234375 0.0234375 
0 0.4697265625 0.87109375 0.0224609375 0.0224609375 
0 0.4580078125 0.2490234375 0.021484375 0.021484375 
1 0.4365234375 0.537109375 0.021484375 0.021484375 
0 0.4453125 0.1181640625 0.021484375 0.021484375 
0 0.68359375 0.0732421875 0.021484375 0.021484375 
1 0.5078125 0.4599609375 0.0224609375 0.0224609375 
1 0.5849609375 0.265625 0.021484375 0.021484375 
0 0.3193359375 0.166015625 0.0234375 0.0234375 
0 0.509765625 0.1298828125 0.0224609375 0.0224609375 
0 0.4111328125 0.341796875 0.021484375 0.021484375 
1 0.3486328125 0.138671875 0.021484375 0.021484375 
0 0.541015625 0.2451171875 0.0234375 0.0234375 
0 0.505859375 0.50390625 0.021484375 0.021484375 
0 0.7060546875 0.0341796875 0.0234375 0.0234375 
0 0.48828125 0.5947265625 0.0234375 0.0234375 
0 0.490234375 0.5341796875 0.021484375 0.021484375 
0 0.5078125 0.701171875 0.021484375 0.021484375 
0 0.4580078125 0.3271484375 0.0234375 0.0234375 
1 0.4130859375 0.2841796875 0.021484375 0.021484375 
