1 0.44140625 0.59375 0.021484375 0.021484375 
0 0.6171875 0.078125 0.021484375 0.021484375 
0 0.4111328125 0.623046875 0.021484375 0.021484375 
0 0.4375 0.2578125 0.0224609375 0.0224609375 
1 0.6123046875 0.4052734375 0.0224609375 0.0224609375 
0 0.4208984375 0.0712890625 0.021484375 0.021484375 
1 0.3291015625 0.16796875 0.0224609375 0.0224609375 
0 0.5830078125 0.4541015625 0.0224609375 0.0224609375 
0 0.4990234375 0.5361328125 0.0234375 0.0234375 
0 0.560546875 0.0908203125 0.0234375 0.0234375 
0 0.43359375 0.7578125 0.0224609375 0.0224609375 
1 0.396484375 0.1171875 0.0224609375 0.0224609375 
0 0.607421875 0.5517578125 0.021484375 0.021484375 
0 0.4541015625 0.3505859375 0.021484375 0.021484375 
0 0.4287109375 0.279296875 0.0234375 0.0234375 
0 0.53515625 0.0751953125 0.0234375 0.0234375 
0 0.58203125 0.0693359375 0.0234375 0.0234375 
1 0.4326171875 0.0546875 0.0224609375 0.0224609375 
0 0.4423828125 0.1650390625 0.021484375 0.021484375 
1 0.5078125 0.150390625 0.021484375 0.021484375 
0 0.4365234375 0.65625 0.0234375 0.0234375 
0 0.45703125 0.0771484375 0.0234375 0.0234375 
0 0.4677734375 0.5732421875 0.021484375 0.021484375 
0 0.4609375 0.380859375 0.021484375 0.021484375 
0 0.5908203125 0.5400390625 0.021484375 0.021484375 
1 0.48046875 0.603515625 0.021484375 0.021484375 
0 0.494140625 0.572265625 0.0234375 0.0234375 
0 0.5166015625 0.8154296875 0.021484375 0.021484375 
0 0.337890625 0.142578125 0.021484375 0.021484375 
0 0.634765625 0.1904296875 0.021484375 0.021484375 
0 0.361328125 0.1904296875 0.0234375 0.0234375 
0 0.560546875 0.771484375 0.01953125 0.01953125 
0 0.55859375 0.193359375 0.021484375 0.021484375 
0 0.4033203125 0.3046875 0.0234375 0.0234375 
1 0.6884765625 0.1416015625 0.021484375 0.021484375 
0 0.298828125 0.046875 0.021484375 0.021484375 
0 0.3662109375 0.34375 0.0234375 0.0234375 
0 0.3447265625 0.1923828125 0.0224609375 0.0224609375 
0 0.478515625 0.6630859375 0.021484375 0.021484375 
0 0.322265625 0.044921875 0.021484375 0.021484375 
1 0.4130859375 0.35546875 0.0224609375 0.0224609375 
1 0.55859375 0.2880859375 0.0224609375 0.0224609375 
0 0.529296875 0.326171875 0.021484375 0.021484375 
0 0.41015625 0.232421875 0.0234375 0.0234375 
0 0.4345703125 0.3291015625 0.0224609375 0.0224609375 
0 0.5419921875 0.4248046875 0.0234375 0.0234375 
0 0.59765625 0.193359375 0.0234375 0.0234375 
0 0.5546875 0.681640625 0.0234375 0.0234375 
0 0.6328125 0.4072265625 0.0234375 0.0234375 
0 0.3193359375 0.0634765625 0.021484375 0.021484375 
0 0.421875 0.5419921875 0.0234375 0.0234375 
0 0.541015625 0.8037109375 0.021484375 0.021484375 
1 0.3193359375 0.2294921875 0.021484375 0.021484375 
0 0.5810546875 0.337890625 0.021484375 0.021484375 
0 0.517578125 0.705078125 0.0234375 0.0234375 
0 0.5859375 0.3056640625 0.021484375 0.021484375 
0 0.4541015625 0.5576171875 0.021484375 0.021484375 
0 0.458984375 0.7158203125 0.021484375 0.021484375 
0 0.5908203125 0.2841796875 0.021484375 0.021484375 
0 0.5390625 0.1865234375 0.021484375 0.021484375 
0 0.458984375 0.140625 0.021484375 0.021484375 
0 0.5 0.5185546875 0.021484375 0.021484375 
0 0.431640625 0.1865234375 0.0234375 0.0234375 
0 0.5400390625 0.5517578125 0.0234375 0.0234375 
1 0.5166015625 0.65234375 0.021484375 0.021484375 
0 0.5859375 0.22265625 0.021484375 0.021484375 
0 0.439453125 0.697265625 0.021484375 0.021484375 
0 0.537109375 0.5712890625 0.0224609375 0.0224609375 
0 0.578125 0.1650390625 0.0224609375 0.0224609375 
0 0.556640625 0.228515625 0.021484375 0.021484375 
0 0.5595703125 0.5927734375 0.0234375 0.0234375 
0 0.6220703125 0.4541015625 0.0234375 0.0234375 
0 0.5478515625 0.4072265625 0.0234375 0.0234375 
1 0.296875 0.1318359375 0.021484375 0.021484375 
0 0.5732421875 0.1298828125 0.021484375 0.021484375 
0 0.4990234375 0.3759765625 0.021484375 0.021484375 
0 0.3232421875 0.1337890625 0.0234375 0.0234375 
0 0.390625 0.0302734375 0.021484375 0.021484375 
0 0.5927734375 0.13671875 0.0234375 0.0234375 
1 0.5478515625 0.7001953125 0.0224609375 0.0224609375 
0 0.2900390625 0.115234375 0.0234375 0.0234375 
0 0.4580078125 0.697265625 0.021484375 0.021484375 
1 0.49609375 0.658203125 0.0224609375 0.0224609375 
0 0.5673828125 0.435546875 0.0224609375 0.0224609375 
0 0.4765625 0.517578125 0.021484375 0.021484375 
0 0.462890625 0.4541015625 0.021484375 0.021484375 
0 0.5244140625 0.3564453125 0.021484375 0.021484375 
0 0.626953125 0.3330078125 0.0234375 0.0234375 
0 0.3447265625 0.0810546875 0.0234375 0.0234375 
0 0.548828125 0.71875 0.021484375 0.021484375 
0 0.4833984375 0.8466796875 0.025390625 0.025390625 
0 0.615234375 0.2802734375 0.0234375 0.0234375 
0 0.3251953125 0.2744140625 0.0234375 0.0234375 
0 0.470703125 0.7529296875 0.021484375 0.021484375 
0 0.546875 0.3134765625 0.021484375 0.021484375 
0 0.3984375 0.4912109375 0.021484375 0.021484375 
1 0.61328125 0.361328125 0.021484375 0.021484375 
0 0.408203125 0.6455078125 0.021484375 0.021484375 
0 0.4892578125 0.310546875 0.0234375 0.0234375 
1 0.5126953125 0.4521484375 0.021484375 0.021484375 
0 0.5888671875 0.580078125 0.021484375 0.021484375 
0 0.580078125 0.482421875 0.021484375 0.021484375 
0 0.4892578125 0.2177734375 0.021484375 0.021484375 
0 0.5908203125 0.439453125 0.0234375 0.0234375 
1 0.51953125 0.533203125 0.021484375 0.021484375 
1 0.3603515625 0.16015625 0.0224609375 0.0224609375 
1 0.3154296875 0.2509765625 0.021484375 0.021484375 
0 0.5517578125 0.46484375 0.0224609375 0.0224609375 
0 0.41015625 0.384765625 0.0234375 0.0234375 
0 0.5458984375 0.1201171875 0.021484375 0.021484375 
0 0.4052734375 0.4619140625 0.0234375 0.0234375 
0 0.46875 0.8505859375 0.0224609375 0.0224609375 
0 0.591796875 0.2578125 0.0224609375 0.0224609375 
0 0.412109375 0.1025390625 0.021484375 0.021484375 
0 0.6044921875 0.3359375 0.021484375 0.021484375 
1 0.5419921875 0.5927734375 0.021484375 0.021484375 
0 0.4013671875 0.283203125 0.021484375 0.021484375 
1 0.283203125 0.0546875 0.021484375 0.021484375 
1 0.568359375 0.0634765625 0.021484375 0.021484375 
0 0.5791015625 0.2470703125 0.0234375 0.0234375 
1 0.58203125 0.033203125 0.0224609375 0.0224609375 
0 0.6318359375 0.2412109375 0.0224609375 0.0224609375 
0 0.44140625 0.4560546875 0.021484375 0.021484375 
0 0.537109375 0.396484375 0.0234375 0.0234375 
0 0.3671875 0.173828125 0.0224609375 0.0224609375 
0 0.5361328125 0.2900390625 0.0234375 0.0234375 
0 0.37890625 0.3056640625 0.021484375 0.021484375 
0 0.5390625 0.7353515625 0.021484375 0.021484375 
0 0.603515625 0.1083984375 0.021484375 0.021484375 
0 0.4072265625 0.2470703125 0.0234375 0.0234375 
1 0.3583984375 0.27734375 0.0224609375 0.0224609375 
0 0.4921875 0.3251953125 0.021484375 0.021484375 
0 0.3779296875 0.49609375 0.021484375 0.021484375 
0 0.51171875 0.0341796875 0.0224609375 0.0224609375 
0 0.486328125 0.1611328125 0.021484375 0.021484375 
0 0.4501953125 0.189453125 0.0234375 0.0234375 
1 0.478515625 0.7021484375 0.021484375 0.021484375 
