0 0.66796875 0.283203125 0.021484375 0.021484375 
1 0.4736328125 0.1923828125 0.0224609375 0.0224609375 
1 0.56640625 0.1142578125 0.021484375 0.021484375 
0 0.4736328125 0.8291015625 0.025390625 0.025390625 
1 0.6513671875 0.0859375 0.021484375 0.021484375 
0 0.400390625 0.3466796875 0.021484375 0.021484375 
1 0.6552734375 0.0703125 0.021484375 0.021484375 
0 0.4775390625 0.318359375 0.021484375 0.021484375 
0 0.4677734375 0.0673828125 0.0224609375 0.0224609375 
0 0.583984375 0.27734375 0.0234375 0.0234375 
0 0.501953125 0.2705078125 0.021484375 0.021484375 
0 0.41015625 0.27734375 0.0234375 0.0234375 
0 0.5341796875 0.6875 0.0234375 0.0234375 
0 0.5322265625 0.828125 0.0224609375 0.0224609375 
1 0.5625 0.7333984375 0.021484375 0.021484375 
0 0.5068359375 0.2490234375 0.0234375 0.0234375 
0 0.3828125 0.48828125 0.021484375 0.021484375 
0 0.4970703125 0.037109375 0.0234375 0.0234375 
0 0.4375 0.2939453125 0.0234375 0.0234375 
0 0.5947265625 0.39453125 0.021484375 0.021484375 
0 0.41015625 0.3720703125 0.021484375 0.021484375 
0 0.4306640625 0.6982421875 0.0224609375 0.0224609375 
0 0.37109375 0.37109375 0.0224609375 0.0224609375 
0 0.4423828125 0.4677734375 0.021484375 0.021484375 
1 0.4462890625 0.708984375 0.021484375 0.021484375 
0 0.5322265625 0.1064453125 0.021484375 0.021484375 
0 0.595703125 0.34375 0.0224609375 0.0224609375 
0 0.4736328125 0.5048828125 0.0234375 0.0234375 
0 0.3603515625 0.0341796875 0.021484375 0.021484375 
0 0.5849609375 0.0517578125 0.0234375 0.0234375 
1 0.4619140625 0.8642578125 0.021484375 0.021484375 
0 0.37109375 0.25390625 0.0224609375 0.0224609375 
0 0.5927734375 0.291015625 0.021484375 0.021484375 
0 0.3701171875 0.1533203125 0.0234375 0.0234375 
0 0.3837890625 0.5224609375 0.0234375 0.0234375 
1 0.6044921875 0.119140625 0.0224609375 0.0224609375 
1 0.5478515625 0.44140625 0.021484375 0.021484375 
1 0.435546875 0.349609375 0.021484375 0.021484375 
0 0.4833984375 0.583984375 0.0234375 0.0234375 
0 0.494140625 0.12890625 0.021484375 0.021484375 
0 0.4189453125 0.49609375 0.021484375 0.021484375 
0 0.4052734375 0.4423828125 0.0234375 0.0234375 
0 0.634765625 0.0556640625 0.0234375 0.0234375 
0 0.599609375 0.24609375 0.021484375 0.021484375 
1 0.4345703125 0.5283203125 0.021484375 0.021484375 
0 0.431640625 0.04296875 0.0234375 0.0234375 
0 0.65234375 0.111328125 0.0234375 0.0234375 
0 0.525390625 0.431640625 0.021484375 0.021484375 
0 0.322265625 0.08203125 0.021484375 0.021484375 
1 0.5927734375 0.1943359375 0.021484375 0.021484375 
1 0.4853515625 0.5263671875 0.0224609375 0.0224609375 
0 0.4541015625 0.1787109375 0.021484375 0.021484375 
0 0.466796875 0.1083984375 0.021484375 0.021484375 
0 0.5634765625 0.240234375 0.0234375 0.0234375 
0 0.45703125 0.7255859375 0.0234375 0.0234375 
0 0.435546875 0.54296875 0.021484375 0.021484375 
0 0.6533203125 0.2587890625 0.0234375 0.0234375 
0 0.466796875 0.8125 0.0234375 0.0234375 
1 0.46875 0.7373046875 0.021484375 0.021484375 
0 0.3857421875 0.189453125 0.0234375 0.0234375 
0 0.4658203125 0.47265625 0.021484375 0.021484375 
0 0.4619140625 0.5849609375 0.021484375 0.021484375 
0 0.33203125 0.1005859375 0.0234375 0.0234375 
0 0.3212890625 0.2578125 0.0234375 0.0234375 
0 0.626953125 0.4306640625 0.021484375 0.021484375 
1 0.5234375 0.4873046875 0.021484375 0.021484375 
0 0.314453125 0.107421875 0.021484375 0.021484375 
1 0.390625 0.3955078125 0.0224609375 0.0224609375 
1 0.4658203125 0.7705078125 0.0234375 0.0234375 
0 0.544921875 0.767578125 0.01953125 0.01953125 
0 0.431640625 0.3349609375 0.021484375 0.021484375 
0 0.576171875 0.5322265625 0.021484375 0.021484375 
0 0.5263671875 0.5068359375 0.021484375 0.021484375 
1 0.5068359375 0.36328125 0.021484375 0.021484375 
0 0.5234375 0.2724609375 0.021484375 0.021484375 
1 0.6171875 0.1513671875 0.021484375 0.021484375 
0 0.517578125 0.5751953125 0.0234375 0.0234375 
0 0.4931640625 0.15625 0.021484375 0.021484375 
0 0.3583984375 0.2412109375 0.0234375 0.0234375 
0 0.6103515625 0.330078125 0.021484375 0.021484375 
0 0.638671875 0.13671875 0.0234375 0.0234375 
1 0.546875 0.740234375 0.021484375 0.021484375 
1 0.544921875 0.4931640625 0.0224609375 0.0224609375 
1 0.4462890625 0.0478515625 0.021484375 0.021484375 
0 0.404296875 0.61328125 0.0234375 0.0234375 
0 0.431640625 0.732421875 0.021484375 0.021484375 
1 0.439453125 0.4248046875 0.0224609375 0.0224609375 
0 0.6220703125 0.3037109375 0.021484375 0.021484375 
0 0.4482421875 0.4541015625 0.0234375 0.0234375 
0 0.3681640625 0.1826171875 0.021484375 0.021484375 
0 0.392578125 0.15234375 0.0234375 0.0234375 
1 0.52734375 0.75390625 0.021484375 0.021484375 
0 0.33203125 0.1298828125 0.021484375 0.021484375 
0 0.5 0.412109375 0.0234375 0.0234375 
0 0.4052734375 0.189453125 0.021484375 0.021484375 
0 0.6201171875 0.1064453125 0.021484375 0.021484375 
1 0.4482421875 0.66015625 0.021484375 0.021484375 
0 0.4892578125 0.0986328125 0.021484375 0.021484375 
1 0.5048828125 0.0595703125 0.0224609375 0.0224609375 
1 0.3935546875 0.0712890625 0.0224609375 0.0224609375 
0 0.583984375 0.4306640625 0.0234375 0.0234375 
0 0.318359375 0.2373046875 0.0234375 0.0234375 
1 0.349609375 0.3017578125 0.021484375 0.021484375 
0 0.615234375 0.36328125 0.0234375 0.0234375 
0 0.564453125 0.2666015625 0.0234375 0.0234375 
0 0.568359375 0.2900390625 0.021484375 0.021484375 
0 0.287109375 0.0927734375 0.0234375 0.0234375 
0 0.2783203125 0.0673828125 0.021484375 0.021484375 
0 0.3701171875 0.447265625 0.021484375 0.021484375 
1 0.58984375 0.1044921875 0.021484375 0.021484375 
1 0.6396484375 0.3037109375 0.021484375 0.021484375 
0 0.5673828125 0.6787109375 0.0224609375 0.0224609375 
0 0.48046875 0.474609375 0.0234375 0.0234375 
0 0.6904296875 0.1708984375 0.021484375 0.021484375 
0 0.642578125 0.390625 0.021484375 0.021484375 
1 0.537109375 0.0302734375 0.021484375 0.021484375 
0 0.34375 0.2734375 0.0234375 0.0234375 
0 0.4775390625 0.1708984375 0.021484375 0.021484375 
0 0.404296875 0.263671875 0.0234375 0.0234375 
0 0.5078125 0.1923828125 0.021484375 0.021484375 
0 0.515625 0.5283203125 0.0224609375 0.0224609375 
0 0.4599609375 0.2578125 0.021484375 0.021484375 
1 0.5166015625 0.5595703125 0.021484375 0.021484375 
1 0.3779296875 0.05859375 0.0224609375 0.0224609375 
0 0.5771484375 0.37890625 0.0234375 0.0234375 
1 0.4873046875 0.783203125 0.0234375 0.0234375 
1 0.4697265625 0.349609375 0.021484375 0.021484375 
0 0.4404296875 0.1015625 0.0234375 0.0234375 
0 0.625 0.4599609375 0.0234375 0.0234375 
0 0.5263671875 0.3740234375 0.0234375 0.0234375 
1 0.63671875 0.232421875 0.021484375 0.021484375 
0 0.35546875 0.41796875 0.021484375 0.021484375 
0 0.6953125 0.052734375 0.021484375 0.021484375 
0 0.4169921875 0.419921875 0.021484375 0.021484375 
0 0.4853515625 0.6953125 0.021484375 0.021484375 
0 0.4658203125 0.271484375 0.0224609375 0.0224609375 
0 0.560546875 0.349609375 0.0224609375 0.0224609375 
0 0.392578125 0.5009765625 0.0234375 0.0234375 
0 0.5078125 0.4296875 0.0234375 0.0234375 
1 0.3955078125 0.376953125 0.0224609375 0.0224609375 
0 0.404296875 0.4013671875 0.0234375 0.0234375 
1 0.4453125 0.3818359375 0.021484375 0.021484375 
0 0.5966796875 0.478515625 0.0234375 0.0234375 
1 0.462890625 0.205078125 0.021484375 0.021484375 
0 0.51171875 0.078125 0.021484375 0.021484375 
0 0.58203125 0.3310546875 0.021484375 0.021484375 
0 0.6982421875 0.0693359375 0.0234375 0.0234375 
1 0.3740234375 0.5009765625 0.021484375 0.021484375 
0 0.533203125 0.203125 0.021484375 0.021484375 
0 0.4873046875 0.5517578125 0.0224609375 0.0224609375 
1 0.4111328125 0.2373046875 0.021484375 0.021484375 
0 0.2998046875 0.181640625 0.0234375 0.0234375 
0 0.5341796875 0.359375 0.021484375 0.021484375 
1 0.34765625 0.0517578125 0.0224609375 0.0224609375 
0 0.587890625 0.609375 0.021484375 0.021484375 
0 0.40234375 0.416015625 0.0234375 0.0234375 
0 0.3876953125 0.3046875 0.0224609375 0.0224609375 
1 0.546875 0.0556640625 0.0224609375 0.0224609375 
0 0.4765625 0.66015625 0.0224609375 0.0224609375 
0 0.529296875 0.6318359375 0.021484375 0.021484375 
0 0.5390625 0.5888671875 0.021484375 0.021484375 
1 0.5947265625 0.4619140625 0.021484375 0.021484375 
0 0.513671875 0.83203125 0.021484375 0.021484375 
0 0.478515625 0.8583984375 0.0224609375 0.0224609375 
1 0.40234375 0.3125 0.0224609375 0.0224609375 
1 0.5556640625 0.1279296875 0.021484375 0.021484375 
0 0.625 0.220703125 0.021484375 0.021484375 
0 0.5166015625 0.1494140625 0.021484375 0.021484375 
0 0.3310546875 0.064453125 0.021484375 0.021484375 
0 0.427734375 0.6083984375 0.021484375 0.021484375 
0 0.3681640625 0.3447265625 0.021484375 0.021484375 
0 0.615234375 0.193359375 0.021484375 0.021484375 
