0 0.4228515625 0.439453125 0.0234375 0.0234375 
0 0.3994140625 0.28125 0.021484375 0.021484375 
0 0.4580078125 0.76953125 0.01953125 0.01953125 
0 0.2783203125 0.0498046875 0.021484375 0.021484375 
1 0.490234375 0.1513671875 0.021484375 0.021484375 
0 0.48046875 0.380859375 0.0234375 0.0234375 
0 0.658203125 0.080078125 0.0234375 0.0234375 
0 0.533203125 0.3408203125 0.021484375 0.021484375 
0 0.4716796875 0.7265625 0.0234375 0.0234375 
1 0.4619140625 0.4814453125 0.021484375 0.021484375 
1 0.494140625 0.5517578125 0.021484375 0.021484375 
0 0.443359375 0.5234375 0.021484375 0.021484375 
0 0.5546875 0.693359375 0.0234375 0.0234375 
1 0.5224609375 0.0791015625 0.0224609375 0.0224609375 
0 0.46875 0.52734375 0.021484375 0.021484375 
0 0.5439453125 0.6103515625 0.0234375 0.0234375 
0 0.365234375 0.4599609375 0.0234375 0.0234375 
0 0.5771484375 0.5791015625 0.0234375 0.0234375 
0 0.4130859375 0.5380859375 0.021484375 0.021484375 
0 0.412109375 0.2275390625 0.021484375 0.021484375 
0 0.611328125 0.41796875 0.0234375 0.0234375 
1 0.345703125 0.0302734375 0.021484375 0.021484375 
0 0.34765625 0.376953125 0.021484375 0.021484375 
0 0.5673828125 0.5029296875 0.0234375 0.0234375 
1 0.53515625 0.5732421875 0.021484375 0.021484375 
0 0.5 0.275390625 0.021484375 0.021484375 
0 0.4609375 0.658203125 0.021484375 0.021484375 
0 0.5625 0.72265625 0.021484375 0.021484375 
0 0.55078125 0.4248046875 0.021484375 0.021484375 
0 0.3642578125 0.32421875 0.0234375 0.0234375 
0 0.51953125 0.7578125 0.025390625 0.025390625 
0 0.455078125 0.0322265625 0.021484375 0.021484375 
0 0.4755859375 0.3017578125 0.021484375 0.021484375 
0 0.65625 0.322265625 0.0224609375 0.0224609375 
0 0.4404296875 0.4267578125 0.0234375 0.0234375 
0 0.634765625 0.41796875 0.0234375 0.0234375 
0 0.3642578125 0.4326171875 0.0234375 0.0234375 
0 0.359375 0.06640625 0.0234375 0.0234375 
0 0.4765625 0.0986328125 0.0234375 0.0234375 
0 0.388671875 0.2548828125 0.0234375 0.0234375 
0 0.55859375 0.62890625 0.0224609375 0.0224609375 
0 0.4990234375 0.177734375 0.021484375 0.021484375 
0 0.396484375 0.1572265625 0.0234375 0.0234375 
1 0.42578125 0.4794921875 0.021484375 0.021484375 
0 0.423828125 0.666015625 0.021484375 0.021484375 
0 0.6474609375 0.283203125 0.0234375 0.0234375 
0 0.3134765625 0.12109375 0.0234375 0.0234375 
1 0.376953125 0.2197265625 0.0224609375 0.0224609375 
0 0.3916015625 0.5703125 0.021484375 0.021484375 
1 0.5166015625 0.2890625 0.021484375 0.021484375 
0 0.685546875 0.1474609375 0.021484375 0.021484375 
0 0.361328125 0.2353515625 0.0234375 0.0234375 
1 0.49609375 0.6259765625 0.021484375 0.021484375 
1 0.4365234375 0.1123046875 0.0224609375 0.0224609375 
0 0.5087890625 0.2177734375 0.0234375 0.0234375 
0 0.4609375 0.80859375 0.0224609375 0.0224609375 
0 0.5498046875 0.74609375 0.021484375 0.021484375 
0 0.4873046875 0.8974609375 0.01953125 0.01953125 
0 0.4453125 0.8095703125 0.025390625 0.025390625 
1 0.39453125 0.4140625 0.021484375 0.021484375 
0 0.5107421875 0.4345703125 0.0234375 0.0234375 
1 0.5087890625 0.3017578125 0.021484375 0.021484375 
0 0.6044921875 0.47265625 0.0234375 0.0234375 
0 0.62109375 0.2197265625 0.021484375 0.021484375 
0 0.4755859375 0.501953125 0.0224609375 0.0224609375 
0 0.5302734375 0.130859375 0.021484375 0.021484375 
0 0.6787109375 0.2119140625 0.021484375 0.021484375 
0 0.4228515625 0.2841796875 0.021484375 0.021484375 
1 0.478515625 0.326171875 0.0224609375 0.0224609375 
0 0.517578125 0.8447265625 0.0224609375 0.0224609375 
1 0.5869140625 0.380859375 0.021484375 0.021484375 
0 0.498046875 0.41015625 0.0234375 0.0234375 
0 0.6337890625 0.373046875 0.021484375 0.021484375 
0 0.3203125 0.0576171875 0.021484375 0.021484375 
0 0.4794921875 0.056640625 0.0234375 0.0234375 
0 0.46484375 0.4091796875 0.0224609375 0.0224609375 
0 0.3037109375 0.189453125 0.021484375 0.021484375 
0 0.5986328125 0.1533203125 0.021484375 0.021484375 
1 0.484375 0.6484375 0.0224609375 0.0224609375 
0 0.5673828125 0.5634765625 0.021484375 0.021484375 
0 0.375 0.087890625 0.021484375 0.021484375 
1 0.3466796875 0.1376953125 0.021484375 0.021484375 
0 0.408203125 0.4814453125 0.021484375 0.021484375 
0 0.58203125 0.041015625 0.0234375 0.0234375 
0 0.5205078125 0.87109375 0.0234375 0.0234375 
1 0.4345703125 0.3681640625 0.0224609375 0.0224609375 
0 0.48046875 0.0322265625 0.0234375 0.0234375 
0 0.44140625 0.2353515625 0.0224609375 0.0224609375 
0 0.337890625 0.2568359375 0.021484375 0.021484375 
0 0.6806640625 0.1796875 0.0224609375 0.0224609375 
0 0.455078125 0.3759765625 0.021484375 0.021484375 
0 0.4365234375 0.6416015625 0.021484375 0.021484375 
0 0.56640625 0.263671875 0.0234375 0.0234375 
1 0.427734375 0.2080078125 0.0224609375 0.0224609375 
0 0.5009765625 0.4814453125 0.0224609375 0.0224609375 
0 0.5078125 0.5224609375 0.0234375 0.0234375 
0 0.533203125 0.462890625 0.0234375 0.0234375 
0 0.5078125 0.3740234375 0.0234375 0.0234375 
0 0.4345703125 0.5498046875 0.0234375 0.0234375 
1 0.359375 0.2958984375 0.021484375 0.021484375 
0 0.3896484375 0.50390625 0.021484375 0.021484375 
0 0.455078125 0.181640625 0.0234375 0.0234375 
0 0.462890625 0.8251953125 0.0224609375 0.0224609375 
0 0.5458984375 0.6787109375 0.021484375 0.021484375 
1 0.353515625 0.251953125 0.0224609375 0.0224609375 
0 0.5263671875 0.59765625 0.021484375 0.021484375 
0 0.4013671875 0.3974609375 0.021484375 0.021484375 
0 0.4208984375 0.6279296875 0.0224609375 0.0224609375 
0 0.5888671875 0.08203125 0.0224609375 0.0224609375 
0 0.5771484375 0.20703125 0.021484375 0.021484375 
0 0.5869140625 0.4111328125 0.021484375 0.021484375 
0 0.6162109375 0.4873046875 0.0234375 0.0234375 
0 0.3330078125 0.2294921875 0.0234375 0.0234375 
1 0.58203125 0.6875 0.0224609375 0.0224609375 
0 0.5263671875 0.5048828125 0.0234375 0.0234375 
0 0.4765625 0.3447265625 0.021484375 0.021484375 
1 0.4111328125 0.412109375 0.021484375 0.021484375 
1 0.5869140625 0.4638671875 0.0224609375 0.0224609375 
1 0.6357421875 0.1337890625 0.021484375 0.021484375 
0 0.5107421875 0.640625 0.021484375 0.021484375 
0 0.6103515625 0.5234375 0.0224609375 0.0224609375 
0 0.5869140625 0.298828125 0.021484375 0.021484375 
0 0.2939453125 0.0556640625 0.0234375 0.0234375 
0 0.5048828125 0.7392578125 0.0234375 0.0234375 
0 0.578125 0.1181640625 0.0234375 0.0234375 
0 0.4296875 0.400390625 0.021484375 0.021484375 
0 0.673828125 0.1201171875 0.0234375 0.0234375 
0 0.611328125 0.078125 0.021484375 0.021484375 
1 0.556640625 0.1259765625 0.021484375 0.021484375 
1 0.5732421875 0.13671875 0.021484375 0.021484375 
1 0.3955078125 0.4404296875 0.021484375 0.021484375 
1 0.5087890625 0.771484375 0.021484375 0.021484375 
0 0.5537109375 0.34375 0.021484375 0.021484375 
0 0.44921875 0.595703125 0.021484375 0.021484375 
0 0.6298828125 0.041015625 0.0224609375 0.0224609375 
0 0.5556640625 0.650390625 0.0234375 0.0234375 
0 0.59375 0.2236328125 0.0234375 0.0234375 
0 0.34765625 0.1005859375 0.0234375 0.0234375 
0 0.607421875 0.5390625 0.021484375 0.021484375 
0 0.5380859375 0.5439453125 0.021484375 0.021484375 
0 0.4287109375 0.689453125 0.0234375 0.0234375 
0 0.615234375 0.2734375 0.021484375 0.021484375 
0 0.3447265625 0.3515625 0.021484375 0.021484375 
0 0.5615234375 0.4755859375 0.0234375 0.0234375 
1 0.4033203125 0.31640625 0.021484375 0.021484375 
1 0.69921875 0.05078125 0.021484375 0.021484375 
0 0.5517578125 0.7939453125 0.025390625 0.025390625 
0 0.5205078125 0.546875 0.0234375 0.0234375 
0 0.431640625 0.173828125 0.0224609375 0.0224609375 
0 0.33203125 0.0380859375 0.021484375 0.021484375 
0 0.4873046875 0.115234375 0.0224609375 0.0224609375 
0 0.45703125 0.13671875 0.021484375 0.021484375 
0 0.544921875 0.4091796875 0.021484375 0.021484375 
0 0.494140625 0.25390625 0.0234375 0.0234375 
0 0.521484375 0.4189453125 0.021484375 0.021484375 
0 0.33203125 0.1083984375 0.0234375 0.0234375 
0 0.474609375 0.75390625 0.0224609375 0.0224609375 
0 0.595703125 0.4453125 0.021484375 0.021484375 
1 0.2978515625 0.1005859375 0.021484375 0.021484375 
0 0.5361328125 0.169921875 0.0234375 0.0234375 
0 0.54296875 0.853515625 0.0224609375 0.0224609375 
