0 0.5078125 0.1767578125 0.0234375 0.0234375 
0 0.6591796875 0.185546875 0.021484375 0.021484375 
0 0.689453125 0.1494140625 0.021484375 0.021484375 
0 0.5234375 0.2724609375 0.021484375 0.021484375 
0 0.3994140625 0.2802734375 0.0234375 0.0234375 
0 0.49609375 0.3154296875 0.0234375 0.0234375 
0 0.4111328125 0.4169921875 0.021484375 0.021484375 
0 0.408203125 0.59375 0.0224609375 0.0224609375 
0 0.419921875 0.166015625 0.0234375 0.0234375 
0 0.5234375 0.435546875 0.0224609375 0.0224609375 
0 0.56640625 0.396484375 0.021484375 0.021484375 
0 0.5283203125 0.1806640625 0.021484375 0.021484375 
0 0.5908203125 0.376953125 0.021484375 0.021484375 
0 0.4453125 0.58203125 0.0234375 0.0234375 
0 0.4609375 0.8212890625 0.025390625 0.025390625 
1 0.55859375 0.7021484375 0.0224609375 0.0224609375 
1 0.3759765625 0.078125 0.021484375 0.021484375 
0 0.48828125 0.291015625 0.0224609375 0.0224609375 
0 0.5205078125 0.056640625 0.021484375 0.021484375 
0 0.5849609375 0.5751953125 0.0234375 0.0234375 
0 0.6376953125 0.22265625 0.021484375 0.021484375 
0 0.5654296875 0.47265625 0.021484375 0.021484375 
0 0.4306640625 0.4560546875 0.021484375 0.021484375 
1 0.3955078125 0.52734375 0.021484375 0.021484375 
0 0.490234375 0.1767578125 0.021484375 0.021484375 
1 0.623046875 0.099609375 0.021484375 0.021484375 
0 0.498046875 0.369140625 0.021484375 0.021484375 
1 0.6865234375 0.18359375 0.021484375 0.021484375 
1 0.314453125 0.0712890625 0.021484375 0.021484375 
0 0.5556640625 0.0966796875 0.021484375 0.021484375 
1 0.416015625 0.0341796875 0.021484375 0.021484375 
1 0.47265625 0.85546875 0.0234375 0.0234375 
0 0.580078125 0.4638671875 0.0234375 0.0234375 
1 0.4619140625 0.3984375 0.021484375 0.021484375 
1 0.4892578125 0.6533203125 0.021484375 0.021484375 
0 0.51953125 0.6123046875 0.0224609375 0.0224609375 
1 0.3994140625 0.3955078125 0.021484375 0.021484375 
0 0.6142578125 0.3154296875 0.0234375 0.0234375 
0 0.4794921875 0.66796875 0.021484375 0.021484375 
1 0.2724609375 0.05859375 0.021484375 0.021484375 
0 0.5908203125 0.3408203125 0.0234375 0.0234375 
0 0.3310546875 0.158203125 0.021484375 0.021484375 
1 0.5390625 0.6064453125 0.021484375 0.021484375 
0 0.4765625 0.8720703125 0.021484375 0.021484375 
0 0.48046875 0.568359375 0.0234375 0.0234375 
0 0.4912109375 0.337890625 0.021484375 0.021484375 
0 0.6162109375 0.2998046875 0.021484375 0.021484375 
0 0.64453125 0.3544921875 0.021484375 0.021484375 
0 0.482421875 0.1279296875 0.0234375 0.0234375 
0 0.388671875 0.47265625 0.0224609375 0.0224609375 
0 0.3486328125 0.2744140625 0.0234375 0.0234375 
1 0.5302734375 0.8369140625 0.0234375 0.0234375 
0 0.453125 0.1689453125 0.0234375 0.0234375 
1 0.5107421875 0.0791015625 0.0224609375 0.0224609375 
0 0.427734375 0.1923828125 0.0234375 0.0234375 
0 0.4658203125 0.7353515625 0.0234375 0.0234375 
0 0.603515625 0.1787109375 0.021484375 0.021484375 
0 0.3720703125 0.435546875 0.0234375 0.0234375 
0 0.4453125 0.5322265625 0.0224609375 0.0224609375 
0 0.685546875 0.0615234375 0.0234375 0.0234375 
1 0.5166015625 0.732421875 0.021484375 0.021484375 
0 0.37109375 0.2431640625 0.0234375 0.0234375 
0 0.5 0.4501953125 0.0234375 0.0234375 
0 0.5634765625 0.5009765625 0.0224609375 0.0224609375 
0 0.5810546875 0.29296875 0.0234375 0.0234375 
0 0.5390625 0.853515625 0.01953125 0.01953125 
0 0.5322265625 0.666015625 0.0224609375 0.0224609375 
0 0.50390625 0.279296875 0.021484375 0.021484375 
0 0.591796875 0.1904296875 0.021484375 0.021484375 
0 0.34765625 0.1611328125 0.0224609375 0.0224609375 
0 0.4140625 0.6474609375 0.021484375 0.021484375 
0 0.5732421875 0.3701171875 0.021484375 0.021484375 
0 0.4013671875 0.154296875 0.021484375 0.021484375 
1 0.6650390625 0.2802734375 0.021484375 0.021484375 
0 0.4921875 0.236328125 0.021484375 0.021484375 
0 0.654296875 0.0771484375 0.0234375 0.0234375 
1 0.3447265625 0.1337890625 0.021484375 0.021484375 
0 0.5263671875 0.337890625 0.0234375 0.0234375 
0 0.443359375 0.6708984375 0.0234375 0.0234375 
0 0.4111328125 0.521484375 0.021484375 0.021484375 
0 0.3896484375 0.177734375 0.021484375 0.021484375 
1 0.5234375 0.7568359375 0.021484375 0.021484375 
0 0.4306640625 0.5390625 0.021484375 0.021484375 
0 0.505859375 0.5537109375 0.0234375 0.0234375 
0 0.5732421875 0.1552734375 0.021484375 0.021484375 
0 0.3203125 0.1318359375 0.0234375 0.0234375 
0 0.6357421875 0.1357421875 0.0224609375 0.0224609375 
0 0.375 0.369140625 0.021484375 0.021484375 
0 0.3564453125 0.2490234375 0.021484375 0.021484375 
0 0.7041015625 0.1015625 0.021484375 0.021484375 
0 0.4189453125 0.0849609375 0.021484375 0.021484375 
0 0.478515625 0.3955078125 0.021484375 0.021484375 
1 0.6337890625 0.0712890625 0.021484375 0.021484375 
1 0.4619140625 0.2197265625 0.0224609375 0.0224609375 
0 0.4345703125 0.40234375 0.021484375 0.021484375 
1 0.5546875 0.6064453125 0.021484375 0.021484375 
0 0.595703125 0.166015625 0.0234375 0.0234375 
0 0.5087890625 0.197265625 0.0234375 0.0234375 
0 0.439453125 0.2724609375 0.021484375 0.021484375 
0 0.3671875 0.27734375 0.021484375 0.021484375 
1 0.5126953125 0.568359375 0.021484375 0.021484375 
0 0.3251953125 0.2021484375 0.0224609375 0.0224609375 
0 0.4384765625 0.734375 0.0234375 0.0234375 
