0 0.5556640625 0.80859375 0.0224609375 0.0224609375 
0 0.4716796875 0.484375 0.021484375 0.021484375 
1 0.4013671875 0.1044921875 0.0224609375 0.0224609375 
0 0.4501953125 0.4111328125 0.021484375 0.021484375 
0 0.6572265625 0.2080078125 0.0234375 0.0234375 
0 0.4501953125 0.1591796875 0.0234375 0.0234375 
0 0.4921875 0.8681640625 0.0234375 0.0234375 
1 0.4091796875 0.3662109375 0.021484375 0.021484375 
0 0.482421875 0.833984375 0.01953125 0.01953125 
0 0.546875 0.0634765625 0.021484375 0.021484375 
0 0.5166015625 0.5087890625 0.021484375 0.021484375 
0 0.6298828125 0.083984375 0.021484375 0.021484375 
1 0.34375 0.375 0.0224609375 0.0224609375 
0 0.54296875 0.6015625 0.021484375 0.021484375 
0 0.654296875 0.1865234375 0.0224609375 0.0224609375 
1 0.3740234375 0.412109375 0.0224609375 0.0224609375 
0 0.4970703125 0.837890625 0.0224609375 0.0224609375 
0 0.611328125 0.125 0.021484375 0.021484375 
1 0.353515625 0.1669921875 0.021484375 0.021484375 
1 0.447265625 0.1015625 0.0224609375 0.0224609375 
1 0.4326171875 0.408203125 0.021484375 0.021484375 
0 0.6328125 0.3935546875 0.021484375 0.021484375 
0 0.5458984375 0.048828125 0.0234375 0.0234375 
0 0.3955078125 0.595703125 0.0234375 0.0234375 
1 0.45703125 0.32421875 0.021484375 0.021484375 
1 0.3955078125 0.0576171875 0.0224609375 0.0224609375 
0 0.642578125 0.35546875 0.021484375 0.021484375 
0 0.4951171875 0.54296875 0.021484375 0.021484375 
0 0.3447265625 0.0390625 0.021484375 0.021484375 
0 0.4794921875 0.0576171875 0.0224609375 0.0224609375 
0 0.4892578125 0.228515625 0.021484375 0.021484375 
0 0.3798828125 0.384765625 0.021484375 0.021484375 
1 0.5654296875 0.34375 0.021484375 0.021484375 
0 0.3583984375 0.4326171875 0.0234375 0.0234375 
1 0.5654296875 0.576171875 0.021484375 0.021484375 
0 0.65234375 0.150390625 0.021484375 0.021484375 
0 0.484375 0.4765625 0.0234375 0.0234375 
1 0.3291015625 0.27734375 0.0224609375 0.0224609375 
0 0.6328125 0.1728515625 0.0234375 0.0234375 
0 0.53515625 0.8095703125 0.01953125 0.01953125 
0 0.513671875 0.20703125 0.021484375 0.021484375 
0 0.51171875 0.4052734375 0.021484375 0.021484375 
1 0.58984375 0.228515625 0.0224609375 0.0224609375 
0 0.5322265625 0.658203125 0.021484375 0.021484375 
0 0.5478515625 0.4052734375 0.0234375 0.0234375 
1 0.552734375 0.552734375 0.021484375 0.021484375 
0 0.546875 0.3564453125 0.0234375 0.0234375 
0 0.4609375 0.857421875 0.0224609375 0.0224609375 
1 0.4619140625 0.3076171875 0.021484375 0.021484375 
0 0.28125 0.0791015625 0.0234375 0.0234375 
0 0.484375 0.525390625 0.021484375 0.021484375 
0 0.4111328125 0.23828125 0.0234375 0.0234375 
0 0.498046875 0.392578125 0.0234375 0.0234375 
1 0.5146484375 0.5927734375 0.0224609375 0.0224609375 
0 0.4892578125 0.5771484375 0.021484375 0.021484375 
0 0.521484375 0.130859375 0.021484375 0.021484375 
0 0.45703125 0.6474609375 0.021484375 0.021484375 
0 0.54296875 0.6865234375 0.0234375 0.0234375 
1 0.50390625 0.791015625 0.021484375 0.021484375 
0 0.4912109375 0.6416015625 0.0234375 0.0234375 
1 0.4033203125 0.626953125 0.021484375 0.021484375 
1 0.423828125 0.037109375 0.021484375 0.021484375 
0 0.486328125 0.404296875 0.0234375 0.0234375 
0 0.568359375 0.6962890625 0.0234375 0.0234375 
1 0.4560546875 0.560546875 0.021484375 0.021484375 
1 0.3232421875 0.1181640625 0.021484375 0.021484375 
0 0.474609375 0.7763671875 0.01953125 0.01953125 
1 0.3623046875 0.0634765625 0.0224609375 0.0224609375 
0 0.4267578125 0.1171875 0.0224609375 0.0224609375 
0 0.49609375 0.078125 0.0234375 0.0234375 
0 0.4755859375 0.1123046875 0.021484375 0.021484375 
0 0.4375 0.291015625 0.0234375 0.0234375 
1 0.5361328125 0.56640625 0.0224609375 0.0224609375 
0 0.314453125 0.1513671875 0.0234375 0.0234375 
0 0.6318359375 0.2861328125 0.0224609375 0.0224609375 
0 0.6640625 0.283203125 0.0234375 0.0234375 
0 0.505859375 0.271484375 0.021484375 0.021484375 
0 0.576171875 0.1884765625 0.021484375 0.021484375 
0 0.517578125 0.259765625 0.0234375 0.0234375 
