0 0.52734375 0.185546875 0.021484375 0.021484375 
0 0.50390625 0.052734375 0.0234375 0.0234375 
1 0.5634765625 0.5810546875 0.021484375 0.021484375 
0 0.4072265625 0.14453125 0.0224609375 0.0224609375 
0 0.544921875 0.126953125 0.021484375 0.021484375 
1 0.3310546875 0.267578125 0.021484375 0.021484375 
0 0.55078125 0.8076171875 0.0224609375 0.0224609375 
0 0.5576171875 0.6513671875 0.021484375 0.021484375 
0 0.3837890625 0.0302734375 0.0234375 0.0234375 
0 0.5791015625 0.6796875 0.0224609375 0.0224609375 
0 0.6298828125 0.3017578125 0.0234375 0.0234375 
1 0.4072265625 0.408203125 0.021484375 0.021484375 
0 0.36328125 0.0673828125 0.0224609375 0.0224609375 
0 0.3701171875 0.392578125 0.021484375 0.021484375 
0 0.5576171875 0.689453125 0.0234375 0.0234375 
0 0.447265625 0.5966796875 0.021484375 0.021484375 
0 0.5537109375 0.6748046875 0.0224609375 0.0224609375 
0 0.4228515625 0.0478515625 0.021484375 0.021484375 
1 0.5888671875 0.5810546875 0.021484375 0.021484375 
1 0.3125 0.107421875 0.021484375 0.021484375 
1 0.529296875 0.7001953125 0.021484375 0.021484375 
0 0.5185546875 0.1005859375 0.021484375 0.021484375 
0 0.68359375 0.095703125 0.0224609375 0.0224609375 
1 0.3779296875 0.3798828125 0.021484375 0.021484375 
1 0.4404296875 0.5166015625 0.021484375 0.021484375 
0 0.650390625 0.3134765625 0.021484375 0.021484375 
1 0.46484375 0.12109375 0.021484375 0.021484375 
1 0.5107421875 0.474609375 0.021484375 0.021484375 
1 0.5146484375 0.1416015625 0.0224609375 0.0224609375 
0 0.4326171875 0.1318359375 0.0234375 0.0234375 
0 0.458984375 0.5478515625 0.0234375 0.0234375 
1 0.439453125 0.75 0.021484375 0.021484375 
0 0.4072265625 0.2490234375 0.021484375 0.021484375 
0 0.5263671875 0.7158203125 0.021484375 0.021484375 
0 0.5146484375 0.7021484375 0.021484375 0.021484375 
0 0.56640625 0.5048828125 0.0224609375 0.0224609375 
1 0.5654296875 0.2841796875 0.0224609375 0.0224609375 
0 0.494140625 0.064453125 0.0224609375 0.0224609375 
0 0.65625 0.19140625 0.0234375 0.0234375 
0 0.6826171875 0.212890625 0.021484375 0.021484375 
1 0.47265625 0.6064453125 0.0224609375 0.0224609375 
0 0.4833984375 0.4521484375 0.0234375 0.0234375 
0 0.6181640625 0.3203125 0.021484375 0.021484375 
1 0.423828125 0.6669921875 0.0224609375 0.0224609375 
0 0.6337890625 0.1357421875 0.021484375 0.021484375 
0 0.5732421875 0.1005859375 0.021484375 0.021484375 
0 0.5400390625 0.267578125 0.021484375 0.021484375 
0 0.5732421875 0.3720703125 0.021484375 0.021484375 
0 0.6181640625 0.2041015625 0.0224609375 0.0224609375 
0 0.607421875 0.2548828125 0.021484375 0.021484375 
0 0.646484375 0.158203125 0.021484375 0.021484375 
0 0.5087890625 0.7724609375 0.0224609375 0.0224609375 
0 0.46875 0.85546875 0.0224609375 0.0224609375 
0 0.552734375 0.177734375 0.0234375 0.0234375 
0 0.6025390625 0.1396484375 0.021484375 0.021484375 
0 0.3623046875 0.451171875 0.021484375 0.021484375 
1 0.4453125 0.7705078125 0.0234375 0.0234375 
1 0.4189453125 0.5771484375 0.0224609375 0.0224609375 
0 0.4072265625 0.109375 0.021484375 0.021484375 
0 0.48046875 0.63671875 0.0224609375 0.0224609375 
0 0.4189453125 0.6494140625 0.0234375 0.0234375 
0 0.4501953125 0.294921875 0.021484375 0.021484375 
0 0.4697265625 0.4853515625 0.021484375 0.021484375 
0 0.6201171875 0.044921875 0.021484375 0.021484375 
0 0.4609375 0.1982421875 0.021484375 0.021484375 
0 0.443359375 0.611328125 0.021484375 0.021484375 
0 0.70703125 0.0947265625 0.0224609375 0.0224609375 
0 0.4326171875 0.4228515625 0.021484375 0.021484375 
0 0.63671875 0.1083984375 0.0234375 0.0234375 
0 0.423828125 0.2119140625 0.021484375 0.021484375 
0 0.3583984375 0.203125 0.0234375 0.0234375 
0 0.4501953125 0.453125 0.0234375 0.0234375 
1 0.37890625 0.4169921875 0.021484375 0.021484375 
0 0.6328125 0.318359375 0.021484375 0.021484375 
0 0.595703125 0.2236328125 0.0234375 0.0234375 
0 0.640625 0.2802734375 0.0234375 0.0234375 
0 0.5126953125 0.7880859375 0.025390625 0.025390625 
0 0.517578125 0.2216796875 0.0224609375 0.0224609375 
0 0.5322265625 0.64453125 0.021484375 0.021484375 
1 0.341796875 0.2568359375 0.0224609375 0.0224609375 
1 0.654296875 0.2646484375 0.021484375 0.021484375 
1 0.5185546875 0.8203125 0.021484375 0.021484375 
0 0.478515625 0.099609375 0.0234375 0.0234375 
0 0.5107421875 0.310546875 0.0234375 0.0234375 
0 0.5087890625 0.1787109375 0.021484375 0.021484375 
0 0.375 0.0849609375 0.0234375 0.0234375 
1 0.4267578125 0.291015625 0.021484375 0.021484375 
0 0.5732421875 0.638671875 0.0234375 0.0234375 
0 0.408203125 0.59375 0.0234375 0.0234375 
1 0.49609375 0.197265625 0.0224609375 0.0224609375 
0 0.419921875 0.0712890625 0.021484375 0.021484375 
0 0.6923828125 0.0625 0.0234375 0.0234375 
0 0.5712890625 0.248046875 0.0234375 0.0234375 
0 0.4130859375 0.169921875 0.021484375 0.021484375 
0 0.3056640625 0.1337890625 0.021484375 0.021484375 
0 0.5498046875 0.396484375 0.021484375 0.021484375 
0 0.6259765625 0.087890625 0.0224609375 0.0224609375 
0 0.3955078125 0.490234375 0.0224609375 0.0224609375 
1 0.5849609375 0.2802734375 0.0224609375 0.0224609375 
0 0.4638671875 0.400390625 0.021484375 0.021484375 
0 0.4521484375 0.681640625 0.021484375 0.021484375 
0 0.494140625 0.2705078125 0.021484375 0.021484375 
0 0.55078125 0.4541015625 0.0224609375 0.0224609375 
0 0.431640625 0.3076171875 0.0234375 0.0234375 
0 0.66015625 0.0732421875 0.021484375 0.021484375 
0 0.619140625 0.240234375 0.021484375 0.021484375 
1 0.66015625 0.041015625 0.0224609375 0.0224609375 
0 0.51953125 0.2529296875 0.0234375 0.0234375 
0 0.5556640625 0.5458984375 0.021484375 0.021484375 
0 0.40625 0.33984375 0.0234375 0.0234375 
