0 0.34765625 0.1591796875 0.021484375 0.021484375 
0 0.5546875 0.6767578125 0.021484375 0.021484375 
0 0.404296875 0.1787109375 0.021484375 0.021484375 
0 0.4287109375 0.27734375 0.021484375 0.021484375 
0 0.57421875 0.49609375 0.021484375 0.021484375 
1 0.578125 0.623046875 0.021484375 0.021484375 
1 0.4892578125 0.1513671875 0.0224609375 0.0224609375 
1 0.5751953125 0.5537109375 0.021484375 0.021484375 
0 0.6328125 0.3427734375 0.021484375 0.021484375 
0 0.611328125 0.1513671875 0.0234375 0.0234375 
0 0.4150390625 0.046875 0.021484375 0.021484375 
0 0.4091796875 0.328125 0.0234375 0.0234375 
0 0.5107421875 0.1162109375 0.021484375 0.021484375 
0 0.4462890625 0.068359375 0.021484375 0.021484375 
0 0.439453125 0.1201171875 0.0234375 0.0234375 
0 0.3564453125 0.0390625 0.021484375 0.021484375 
0 0.57421875 0.0986328125 0.021484375 0.021484375 
0 0.501953125 0.2568359375 0.0234375 0.0234375 
0 0.5078125 0.8955078125 0.01953125 0.01953125 
0 0.53125 0.197265625 0.0224609375 0.0224609375 
0 0.5654296875 0.158203125 0.021484375 0.021484375 
1 0.482421875 0.27734375 0.021484375 0.021484375 
1 0.49609375 0.3955078125 0.021484375 0.021484375 
1 0.3720703125 0.2158203125 0.021484375 0.021484375 
1 0.42578125 0.1630859375 0.0224609375 0.0224609375 
0 0.638671875 0.0634765625 0.0234375 0.0234375 
0 0.6767578125 0.13671875 0.0234375 0.0234375 
0 0.513671875 0.669921875 0.0234375 0.0234375 
0 0.529296875 0.5107421875 0.021484375 0.021484375 
0 0.400390625 0.2587890625 0.021484375 0.021484375 
1 0.486328125 0.83203125 0.021484375 0.021484375 
0 0.4091796875 0.6220703125 0.0234375 0.0234375 
0 0.390625 0.5576171875 0.021484375 0.021484375 
0 0.4443359375 0.28125 0.0224609375 0.0224609375 
1 0.3798828125 0.1826171875 0.021484375 0.021484375 
0 0.599609375 0.34765625 0.0224609375 0.0224609375 
0 0.431640625 0.13671875 0.021484375 0.021484375 
0 0.4755859375 0.6044921875 0.021484375 0.021484375 
0 0.4130859375 0.248046875 0.0234375 0.0234375 
0 0.375 0.3876953125 0.0224609375 0.0224609375 
0 0.43359375 0.39453125 0.021484375 0.021484375 
1 0.390625 0.453125 0.021484375 0.021484375 
0 0.57421875 0.412109375 0.0234375 0.0234375 
0 0.5283203125 0.744140625 0.0234375 0.0234375 
0 0.544921875 0.400390625 0.021484375 0.021484375 
0 0.4619140625 0.5908203125 0.0234375 0.0234375 
0 0.392578125 0.1357421875 0.021484375 0.021484375 
0 0.5390625 0.865234375 0.0224609375 0.0224609375 
0 0.6669921875 0.0654296875 0.0234375 0.0234375 
0 0.5166015625 0.833984375 0.0234375 0.0234375 
0 0.546875 0.2880859375 0.0234375 0.0234375 
0 0.5517578125 0.1484375 0.0234375 0.0234375 
0 0.5078125 0.7734375 0.0224609375 0.0224609375 
0 0.3740234375 0.455078125 0.021484375 0.021484375 
0 0.5244140625 0.2431640625 0.0234375 0.0234375 
0 0.4453125 0.556640625 0.0234375 0.0234375 
0 0.5302734375 0.126953125 0.021484375 0.021484375 
0 0.623046875 0.412109375 0.021484375 0.021484375 
0 0.544921875 0.453125 0.021484375 0.021484375 
0 0.677734375 0.044921875 0.021484375 0.021484375 
0 0.5439453125 0.10546875 0.021484375 0.021484375 
1 0.578125 0.5830078125 0.021484375 0.021484375 
0 0.419921875 0.18359375 0.0224609375 0.0224609375 
1 0.703125 0.0927734375 0.021484375 0.021484375 
0 0.564453125 0.6064453125 0.0234375 0.0234375 
0 0.5771484375 0.365234375 0.021484375 0.021484375 
0 0.4404296875 0.69921875 0.021484375 0.021484375 
0 0.5361328125 0.568359375 0.0224609375 0.0224609375 
0 0.439453125 0.4228515625 0.021484375 0.021484375 
0 0.4287109375 0.4482421875 0.021484375 0.021484375 
0 0.43359375 0.71484375 0.0224609375 0.0224609375 
0 0.34375 0.357421875 0.021484375 0.021484375 
0 0.4833984375 0.1279296875 0.021484375 0.021484375 
0 0.4814453125 0.7861328125 0.025390625 0.025390625 
0 0.681640625 0.203125 0.0234375 0.0234375 
0 0.5576171875 0.43359375 0.021484375 0.021484375 
0 0.5244140625 0.296875 0.021484375 0.021484375 
0 0.3125 0.1796875 0.021484375 0.021484375 
1 0.44140625 0.328125 0.0224609375 0.0224609375 
0 0.421875 0.654296875 0.021484375 0.021484375 
0 0.548828125 0.1318359375 0.021484375 0.021484375 
0 0.423828125 0.3115234375 0.021484375 0.021484375 
1 0.5185546875 0.5927734375 0.021484375 0.021484375 
0 0.5244140625 0.6591796875 0.021484375 0.021484375 
1 0.5078125 0.3671875 0.021484375 0.021484375 
1 0.66015625 0.1357421875 0.021484375 0.021484375 
0 0.50390625 0.2177734375 0.0234375 0.0234375 
0 0.3779296875 0.2890625 0.0234375 0.0234375 
0 0.59765625 0.25390625 0.021484375 0.021484375 
0 0.5478515625 0.0537109375 0.021484375 0.021484375 
0 0.4306640625 0.23046875 0.021484375 0.021484375 
0 0.318359375 0.048828125 0.021484375 0.021484375 
0 0.4169921875 0.1044921875 0.021484375 0.021484375 
1 0.3515625 0.177734375 0.0224609375 0.0224609375 
0 0.59765625 0.482421875 0.0234375 0.0234375 
1 0.52734375 0.88671875 0.0234375 0.0234375 
0 0.6103515625 0.3916015625 0.0224609375 0.0224609375 
1 0.4140625 0.0830078125 0.021484375 0.021484375 
0 0.52734375 0.7080078125 0.0224609375 0.0224609375 
0 0.4833984375 0.2080078125 0.021484375 0.021484375 
1 0.44140625 0.779296875 0.021484375 0.021484375 
0 0.4326171875 0.3505859375 0.021484375 0.021484375 
