0 0.4619140625 0.146484375 0.0234375 0.0234375 
0 0.525390625 0.8212890625 0.01953125 0.01953125 
0 0.443359375 0.50390625 0.021484375 0.021484375 
0 0.4990234375 0.5908203125 0.021484375 0.021484375 
0 0.3125 0.181640625 0.0234375 0.0234375 
0 0.4931640625 0.3740234375 0.021484375 0.021484375 
1 0.4658203125 0.115234375 0.021484375 0.021484375 
1 0.3798828125 0.4306640625 0.021484375 0.021484375 
1 0.4794921875 0.8037109375 0.0234375 0.0234375 
0 0.521484375 0.875 0.01953125 0.01953125 
0 0.427734375 0.6357421875 0.0234375 0.0234375 
0 0.5400390625 0.849609375 0.0224609375 0.0224609375 
0 0.2734375 0.0361328125 0.0234375 0.0234375 
0 0.306640625 0.19921875 0.021484375 0.021484375 
0 0.44140625 0.2314453125 0.0224609375 0.0224609375 
0 0.41796875 0.5029296875 0.021484375 0.021484375 
1 0.482421875 0.185546875 0.021484375 0.021484375 
0 0.400390625 0.0673828125 0.021484375 0.021484375 
0 0.396484375 0.3955078125 0.0234375 0.0234375 
0 0.447265625 0.5634765625 0.0234375 0.0234375 
0 0.38671875 0.36328125 0.0234375 0.0234375 
0 0.2939453125 0.109375 0.0234375 0.0234375 
1 0.4658203125 0.783203125 0.021484375 0.021484375 
0 0.5107421875 0.1748046875 0.021484375 0.021484375 
1 0.5615234375 0.5556640625 0.0224609375 0.0224609375 
1 0.3134765625 0.2275390625 0.021484375 0.021484375 
1 0.462890625 0.751953125 0.021484375 0.021484375 
0 0.3251953125 0.0830078125 0.0224609375 0.0224609375 
0 0.5390625 0.486328125 0.021484375 0.021484375 
0 0.46875 0.3671875 0.0234375 0.0234375 
0 0.552734375 0.2197265625 0.0234375 0.0234375 
0 0.3515625 0.3330078125 0.0224609375 0.0224609375 
0 0.6572265625 0.3134765625 0.021484375 0.021484375 
0 0.4248046875 0.6826171875 0.0234375 0.0234375 
1 0.6767578125 0.16796875 0.021484375 0.021484375 
0 0.4072265625 0.4833984375 0.021484375 0.021484375 
1 0.6650390625 0.275390625 0.021484375 0.021484375 
0 0.5009765625 0.73828125 0.0234375 0.0234375 
1 0.48046875 0.2412109375 0.021484375 0.021484375 
1 0.6767578125 0.1142578125 0.0224609375 0.0224609375 
0 0.5546875 0.6767578125 0.0224609375 0.0224609375 
0 0.576171875 0.203125 0.0234375 0.0234375 
1 0.58203125 0.5478515625 0.0224609375 0.0224609375 
0 0.5517578125 0.8173828125 0.0224609375 0.0224609375 
0 0.521484375 0.638671875 0.0234375 0.0234375 
1 0.37890625 0.46484375 0.021484375 0.021484375 
0 0.6435546875 0.328125 0.0234375 0.0234375 
1 0.4580078125 0.345703125 0.021484375 0.021484375 
0 0.5791015625 0.1572265625 0.021484375 0.021484375 
0 0.4189453125 0.224609375 0.0224609375 0.0224609375 
0 0.4208984375 0.552734375 0.021484375 0.021484375 
0 0.4560546875 0.177734375 0.0224609375 0.0224609375 
1 0.4404296875 0.740234375 0.0224609375 0.0224609375 
0 0.28515625 0.0966796875 0.021484375 0.021484375 
0 0.5703125 0.6142578125 0.021484375 0.021484375 
0 0.3330078125 0.0615234375 0.021484375 0.021484375 
0 0.525390625 0.4609375 0.021484375 0.021484375 
0 0.5068359375 0.861328125 0.021484375 0.021484375 
1 0.513671875 0.54296875 0.021484375 0.021484375 
0 0.5 0.556640625 0.021484375 0.021484375 
1 0.5830078125 0.5625 0.021484375 0.021484375 
0 0.4775390625 0.4736328125 0.0234375 0.0234375 
0 0.5693359375 0.294921875 0.0234375 0.0234375 
0 0.56640625 0.7587890625 0.021484375 0.021484375 
0 0.5 0.4296875 0.0234375 0.0234375 
0 0.5419921875 0.52734375 0.0224609375 0.0224609375 
0 0.4375 0.275390625 0.0234375 0.0234375 
0 0.599609375 0.2724609375 0.021484375 0.021484375 
0 0.5009765625 0.8857421875 0.025390625 0.025390625 
0 0.34765625 0.3515625 0.021484375 0.021484375 
0 0.6865234375 0.1455078125 0.021484375 0.021484375 
0 0.3212890625 0.203125 0.021484375 0.021484375 
0 0.396484375 0.1025390625 0.021484375 0.021484375 
0 0.52734375 0.3603515625 0.0234375 0.0234375 
0 0.5947265625 0.4599609375 0.0234375 0.0234375 
1 0.3603515625 0.0712890625 0.0224609375 0.0224609375 
1 0.59765625 0.251953125 0.021484375 0.021484375 
1 0.6201171875 0.4697265625 0.021484375 0.021484375 
1 0.48828125 0.2578125 0.021484375 0.021484375 
0 0.6396484375 0.2431640625 0.021484375 0.021484375 
0 0.5517578125 0.6259765625 0.0224609375 0.0224609375 
0 0.60546875 0.3154296875 0.0234375 0.0234375 
0 0.55859375 0.3916015625 0.021484375 0.021484375 
1 0.6396484375 0.1298828125 0.0224609375 0.0224609375 
0 0.59375 0.1787109375 0.0234375 0.0234375 
0 0.7001953125 0.0830078125 0.0234375 0.0234375 
0 0.400390625 0.1279296875 0.021484375 0.021484375 
0 0.5986328125 0.2109375 0.0234375 0.0234375 
0 0.4619140625 0.3271484375 0.021484375 0.021484375 
0 0.5927734375 0.3837890625 0.0234375 0.0234375 
1 0.4765625 0.6123046875 0.0224609375 0.0224609375 
0 0.6318359375 0.4521484375 0.021484375 0.021484375 
0 0.58984375 0.2294921875 0.0234375 0.0234375 
0 0.35546875 0.123046875 0.0234375 0.0234375 
0 0.5595703125 0.7841796875 0.0224609375 0.0224609375 
0 0.40625 0.6328125 0.0234375 0.0234375 
0 0.44140625 0.330078125 0.0224609375 0.0224609375 
0 0.4296875 0.291015625 0.021484375 0.021484375 
0 0.57421875 0.6728515625 0.021484375 0.021484375 
0 0.64453125 0.2578125 0.0224609375 0.0224609375 
1 0.55859375 0.119140625 0.021484375 0.021484375 
0 0.4873046875 0.2841796875 0.021484375 0.021484375 
0 0.5986328125 0.4296875 0.021484375 0.021484375 
0 0.564453125 0.47265625 0.021484375 0.021484375 
1 0.369140625 0.1962890625 0.021484375 0.021484375 
1 0.3984375 0.5107421875 0.0224609375 0.0224609375 
0 0.6025390625 0.37109375 0.021484375 0.021484375 
0 0.3349609375 0.2138671875 0.0234375 0.0234375 
0 0.5654296875 0.4970703125 0.0234375 0.0234375 
1 0.396484375 0.349609375 0.021484375 0.021484375 
0 0.5458984375 0.1767578125 0.021484375 0.021484375 
0 0.3369140625 0.158203125 0.021484375 0.021484375 
0 0.39453125 0.568359375 0.0234375 0.0234375 
0 0.5166015625 0.5986328125 0.0234375 0.0234375 
0 0.4130859375 0.3603515625 0.0224609375 0.0224609375 
0 0.3994140625 0.3349609375 0.0234375 0.0234375 
0 0.4130859375 0.275390625 0.0224609375 0.0224609375 
0 0.4853515625 0.6923828125 0.0234375 0.0234375 
0 0.6435546875 0.3662109375 0.021484375 0.021484375 
0 0.498046875 0.576171875 0.021484375 0.021484375 
0 0.6201171875 0.169921875 0.021484375 0.021484375 
1 0.6552734375 0.201171875 0.021484375 0.021484375 
0 0.6396484375 0.177734375 0.0234375 0.0234375 
0 0.552734375 0.33984375 0.0234375 0.0234375 
1 0.494140625 0.7841796875 0.021484375 0.021484375 
0 0.59765625 0.2978515625 0.021484375 0.021484375 
0 0.4716796875 0.197265625 0.0234375 0.0234375 
0 0.619140625 0.255859375 0.021484375 0.021484375 
0 0.4970703125 0.3974609375 0.0224609375 0.0224609375 
1 0.3974609375 0.5341796875 0.0224609375 0.0224609375 
0 0.39453125 0.37890625 0.021484375 0.021484375 
