1 0.357421875 0.1259765625 0.021484375 0.021484375 
0 0.529296875 0.306640625 0.021484375 0.021484375 
0 0.6796875 0.1396484375 0.0234375 0.0234375 
0 0.529296875 0.87109375 0.01953125 0.01953125 
0 0.384765625 0.3876953125 0.021484375 0.021484375 
1 0.513671875 0.041015625 0.0224609375 0.0224609375 
0 0.37109375 0.2607421875 0.0234375 0.0234375 
0 0.3583984375 0.0478515625 0.021484375 0.021484375 
0 0.306640625 0.1416015625 0.0234375 0.0234375 
0 0.51171875 0.701171875 0.021484375 0.021484375 
1 0.431640625 0.423828125 0.0224609375 0.0224609375 
0 0.5205078125 0.0810546875 0.0234375 0.0234375 
1 0.5419921875 0.634765625 0.0224609375 0.0224609375 
0 0.328125 0.1826171875 0.021484375 0.021484375 
0 0.6328125 0.083984375 0.021484375 0.021484375 
0 0.48046875 0.0400390625 0.0234375 0.0234375 
0 0.6533203125 0.1904296875 0.021484375 0.021484375 
1 0.5556640625 0.681640625 0.0224609375 0.0224609375 
0 0.3447265625 0.2880859375 0.021484375 0.021484375 
0 0.3994140625 0.4541015625 0.021484375 0.021484375 
1 0.615234375 0.2021484375 0.021484375 0.021484375 
0 0.6259765625 0.099609375 0.0234375 0.0234375 
0 0.47265625 0.28515625 0.0234375 0.0234375 
0 0.5361328125 0.890625 0.025390625 0.025390625 
1 0.5849609375 0.10546875 0.021484375 0.021484375 
0 0.4375 0.767578125 0.01953125 0.01953125 
1 0.603515625 0.38671875 0.0224609375 0.0224609375 
1 0.4345703125 0.08984375 0.0224609375 0.0224609375 
0 0.4736328125 0.0546875 0.021484375 0.021484375 
1 0.4873046875 0.291015625 0.021484375 0.021484375 
1 0.6279296875 0.1552734375 0.021484375 0.021484375 
0 0.5615234375 0.3173828125 0.0234375 0.0234375 
0 0.39453125 0.4169921875 0.021484375 0.021484375 
0 0.455078125 0.34765625 0.021484375 0.021484375 
0 0.5908203125 0.0693359375 0.0234375 0.0234375 
1 0.65625 0.2939453125 0.0224609375 0.0224609375 
0 0.5263671875 0.341796875 0.0234375 0.0234375 
0 0.65625 0.15625 0.021484375 0.021484375 
0 0.5224609375 0.6337890625 0.0224609375 0.0224609375 
1 0.484375 0.7392578125 0.021484375 0.021484375 
0 0.4443359375 0.2626953125 0.021484375 0.021484375 
0 0.62109375 0.3447265625 0.021484375 0.021484375 
1 0.6015625 0.2978515625 0.0224609375 0.0224609375 
0 0.369140625 0.3720703125 0.021484375 0.021484375 
0 0.27734375 0.03515625 0.021484375 0.021484375 
0 0.4296875 0.6279296875 0.021484375 0.021484375 
0 0.53125 0.7919921875 0.0234375 0.0234375 
0 0.2861328125 0.123046875 0.021484375 0.021484375 
0 0.521484375 0.1796875 0.021484375 0.021484375 
0 0.5556640625 0.7626953125 0.021484375 0.021484375 
0 0.537109375 0.7431640625 0.021484375 0.021484375 
1 0.5712890625 0.15234375 0.021484375 0.021484375 
0 0.587890625 0.31640625 0.0224609375 0.0224609375 
1 0.6201171875 0.1298828125 0.0224609375 0.0224609375 
1 0.4755859375 0.244140625 0.0224609375 0.0224609375 
0 0.4052734375 0.5966796875 0.021484375 0.021484375 
0 0.53125 0.3564453125 0.0234375 0.0234375 
0 0.6962890625 0.0322265625 0.0224609375 0.0224609375 
0 0.466796875 0.3779296875 0.0234375 0.0234375 
0 0.5966796875 0.5673828125 0.021484375 0.021484375 
0 0.4140625 0.267578125 0.021484375 0.021484375 
1 0.4736328125 0.6328125 0.0224609375 0.0224609375 
1 0.3837890625 0.4560546875 0.021484375 0.021484375 
1 0.3583984375 0.271484375 0.021484375 0.021484375 
0 0.6298828125 0.40234375 0.0234375 0.0234375 
0 0.4970703125 0.5400390625 0.021484375 0.021484375 
1 0.5341796875 0.49609375 0.0224609375 0.0224609375 
0 0.482421875 0.1923828125 0.0234375 0.0234375 
0 0.5888671875 0.205078125 0.021484375 0.021484375 
1 0.552734375 0.171875 0.0224609375 0.0224609375 
0 0.4580078125 0.685546875 0.0234375 0.0234375 
0 0.4091796875 0.1611328125 0.0234375 0.0234375 
0 0.4873046875 0.494140625 0.021484375 0.021484375 
0 0.400390625 0.1962890625 0.021484375 0.021484375 
0 0.6494140625 0.0419921875 0.021484375 0.021484375 
0 0.4599609375 0.4736328125 0.021484375 0.021484375 
0 0.5107421875 0.5283203125 0.021484375 0.021484375 
0 0.5205078125 0.447265625 0.0224609375 0.0224609375 
0 0.5185546875 0.109375 0.021484375 0.021484375 
0 0.5556640625 0.740234375 0.0234375 0.0234375 
0 0.4716796875 0.8896484375 0.0224609375 0.0224609375 
0 0.568359375 0.5087890625 0.021484375 0.021484375 
0 0.4814453125 0.39453125 0.0234375 0.0234375 
1 0.5478515625 0.087890625 0.021484375 0.021484375 
1 0.376953125 0.478515625 0.0224609375 0.0224609375 
0 0.3046875 0.0341796875 0.021484375 0.021484375 
