0 0.5107421875 0.8916015625 0.0224609375 0.0224609375 
0 0.4189453125 0.09765625 0.0234375 0.0234375 
0 0.42578125 0.0439453125 0.0224609375 0.0224609375 
0 0.283203125 0.107421875 0.021484375 0.021484375 
1 0.5966796875 0.3095703125 0.021484375 0.021484375 
0 0.6572265625 0.14453125 0.021484375 0.021484375 
0 0.4443359375 0.4716796875 0.0224609375 0.0224609375 
0 0.548828125 0.6455078125 0.0234375 0.0234375 
0 0.6904296875 0.078125 0.0234375 0.0234375 
0 0.392578125 0.23828125 0.0234375 0.0234375 
0 0.4541015625 0.423828125 0.021484375 0.021484375 
0 0.6474609375 0.216796875 0.021484375 0.021484375 
0 0.5146484375 0.7802734375 0.021484375 0.021484375 
0 0.5458984375 0.8076171875 0.021484375 0.021484375 
0 0.4638671875 0.673828125 0.021484375 0.021484375 
0 0.6025390625 0.1337890625 0.0234375 0.0234375 
0 0.5146484375 0.716796875 0.0234375 0.0234375 
0 0.505859375 0.5478515625 0.021484375 0.021484375 
0 0.5439453125 0.5830078125 0.021484375 0.021484375 
0 0.5615234375 0.6181640625 0.021484375 0.021484375 
0 0.4873046875 0.693359375 0.021484375 0.021484375 
0 0.3095703125 0.203125 0.021484375 0.021484375 
0 0.599609375 0.2529296875 0.021484375 0.021484375 
0 0.33203125 0.083984375 0.0234375 0.0234375 
1 0.529296875 0.6357421875 0.0224609375 0.0224609375 
0 0.3896484375 0.4482421875 0.021484375 0.021484375 
0 0.5146484375 0.2216796875 0.021484375 0.021484375 
0 0.5537109375 0.166015625 0.021484375 0.021484375 
0 0.4833984375 0.341796875 0.021484375 0.021484375 
0 0.568359375 0.0361328125 0.021484375 0.021484375 
0 0.4765625 0.3134765625 0.021484375 0.021484375 
1 0.3603515625 0.2958984375 0.0224609375 0.0224609375 
0 0.5712890625 0.44921875 0.0234375 0.0234375 
0 0.3759765625 0.11328125 0.021484375 0.021484375 
0 0.44140625 0.326171875 0.0224609375 0.0224609375 
0 0.7001953125 0.0478515625 0.021484375 0.021484375 
0 0.537109375 0.83984375 0.021484375 0.021484375 
0 0.517578125 0.564453125 0.021484375 0.021484375 
1 0.5205078125 0.4287109375 0.0224609375 0.0224609375 
0 0.3232421875 0.1640625 0.021484375 0.021484375 
1 0.6962890625 0.146484375 0.021484375 0.021484375 
1 0.3310546875 0.2529296875 0.021484375 0.021484375 
0 0.5419921875 0.19140625 0.0224609375 0.0224609375 
0 0.4853515625 0.0966796875 0.0234375 0.0234375 
0 0.322265625 0.1806640625 0.021484375 0.021484375 
1 0.58984375 0.34765625 0.0224609375 0.0224609375 
0 0.5126953125 0.13671875 0.0234375 0.0234375 
1 0.5283203125 0.892578125 0.021484375 0.021484375 
1 0.52734375 0.2548828125 0.021484375 0.021484375 
0 0.494140625 0.375 0.021484375 0.021484375 
0 0.396484375 0.412109375 0.0224609375 0.0224609375 
0 0.3994140625 0.2880859375 0.0224609375 0.0224609375 
1 0.341796875 0.33984375 0.0224609375 0.0224609375 
0 0.611328125 0.5234375 0.021484375 0.021484375 
0 0.37109375 0.134765625 0.021484375 0.021484375 
1 0.486328125 0.419921875 0.0224609375 0.0224609375 
1 0.3310546875 0.10546875 0.021484375 0.021484375 
0 0.484375 0.447265625 0.021484375 0.021484375 
0 0.5673828125 0.27734375 0.021484375 0.021484375 
0 0.56640625 0.68359375 0.0234375 0.0234375 
0 0.552734375 0.2314453125 0.021484375 0.021484375 
0 0.501953125 0.666015625 0.021484375 0.021484375 
0 0.5556640625 0.3017578125 0.021484375 0.021484375 
0 0.5673828125 0.4306640625 0.0234375 0.0234375 
0 0.4541015625 0.08984375 0.0234375 0.0234375 
0 0.6826171875 0.181640625 0.021484375 0.021484375 
0 0.462890625 0.5625 0.021484375 0.021484375 
0 0.46484375 0.8115234375 0.0234375 0.0234375 
0 0.4052734375 0.583984375 0.021484375 0.021484375 
0 0.552734375 0.4248046875 0.021484375 0.021484375 
0 0.3818359375 0.1474609375 0.0224609375 0.0224609375 
0 0.4423828125 0.6015625 0.021484375 0.021484375 
0 0.583984375 0.2294921875 0.021484375 0.021484375 
1 0.4228515625 0.3115234375 0.021484375 0.021484375 
0 0.5888671875 0.513671875 0.0234375 0.0234375 
1 0.5869140625 0.134765625 0.0224609375 0.0224609375 
1 0.7021484375 0.1240234375 0.0224609375 0.0224609375 
0 0.609375 0.44140625 0.021484375 0.021484375 
1 0.6201171875 0.15625 0.021484375 0.021484375 
1 0.431640625 0.2861328125 0.0224609375 0.0224609375 
1 0.5029296875 0.0498046875 0.021484375 0.021484375 
0 0.4296875 0.6142578125 0.021484375 0.021484375 
0 0.537109375 0.1279296875 0.0224609375 0.0224609375 
0 0.5498046875 0.791015625 0.0234375 0.0234375 
0 0.4228515625 0.2080078125 0.021484375 0.021484375 
0 0.4228515625 0.5390625 0.0234375 0.0234375 
0 0.4384765625 0.744140625 0.021484375 0.021484375 
0 0.45703125 0.0517578125 0.021484375 0.021484375 
0 0.6357421875 0.2275390625 0.0234375 0.0234375 
0 0.423828125 0.1201171875 0.021484375 0.021484375 
0 0.3466796875 0.0439453125 0.021484375 0.021484375 
1 0.4775390625 0.49609375 0.021484375 0.021484375 
1 0.28515625 0.0751953125 0.0224609375 0.0224609375 
0 0.306640625 0.1015625 0.021484375 0.021484375 
1 0.380859375 0.5263671875 0.021484375 0.021484375 
1 0.48828125 0.140625 0.0224609375 0.0224609375 
0 0.3779296875 0.0302734375 0.021484375 0.021484375 
0 0.439453125 0.4462890625 0.0224609375 0.0224609375 
0 0.564453125 0.2607421875 0.021484375 0.021484375 
1 0.3974609375 0.1904296875 0.021484375 0.021484375 
0 0.470703125 0.8408203125 0.0234375 0.0234375 
0 0.4677734375 0.6513671875 0.021484375 0.021484375 
0 0.5751953125 0.068359375 0.021484375 0.021484375 
0 0.451171875 0.1728515625 0.021484375 0.021484375 
1 0.361328125 0.193359375 0.021484375 0.021484375 
0 0.5791015625 0.267578125 0.021484375 0.021484375 
0 0.466796875 0.5341796875 0.021484375 0.021484375 
0 0.5283203125 0.208984375 0.021484375 0.021484375 
1 0.66015625 0.2919921875 0.021484375 0.021484375 
0 0.6337890625 0.1474609375 0.021484375 0.021484375 
0 0.4921875 0.8154296875 0.021484375 0.021484375 
0 0.6162109375 0.0625 0.021484375 0.021484375 
1 0.6064453125 0.201171875 0.0224609375 0.0224609375 
0 0.66796875 0.25 0.021484375 0.021484375 
0 0.5908203125 0.1064453125 0.0234375 0.0234375 
1 0.421875 0.466796875 0.0224609375 0.0224609375 
0 0.306640625 0.0625 0.021484375 0.021484375 
1 0.59375 0.0537109375 0.021484375 0.021484375 
1 0.4765625 0.291015625 0.021484375 0.021484375 
0 0.6337890625 0.0869140625 0.021484375 0.021484375 
