0 0.34765625 0.318359375 0.0234375 0.0234375 
0 0.3828125 0.11328125 0.021484375 0.021484375 
0 0.41796875 0.3896484375 0.021484375 0.021484375 
0 0.5390625 0.798828125 0.0224609375 0.0224609375 
0 0.521484375 0.736328125 0.021484375 0.021484375 
0 0.5263671875 0.8408203125 0.021484375 0.021484375 
0 0.5439453125 0.2431640625 0.0234375 0.0234375 
0 0.52734375 0.2490234375 0.021484375 0.021484375 
0 0.6748046875 0.12109375 0.021484375 0.021484375 
1 0.509765625 0.8466796875 0.0234375 0.0234375 
0 0.4990234375 0.072265625 0.021484375 0.021484375 
1 0.6630859375 0.037109375 0.021484375 0.021484375 
1 0.4033203125 0.064453125 0.021484375 0.021484375 
1 0.4130859375 0.4775390625 0.021484375 0.021484375 
1 0.5966796875 0.0849609375 0.021484375 0.021484375 
0 0.3896484375 0.3876953125 0.021484375 0.021484375 
0 0.3720703125 0.4365234375 0.0234375 0.0234375 
1 0.4501953125 0.2578125 0.0224609375 0.0224609375 
0 0.529296875 0.3046875 0.021484375 0.021484375 
0 0.595703125 0.1064453125 0.021484375 0.021484375 
0 0.4814453125 0.84375 0.0224609375 0.0224609375 
0 0.54296875 0.4814453125 0.0234375 0.0234375 
0 0.3212890625 0.2451171875 0.0234375 0.0234375 
0 0.517578125 0.236328125 0.0234375 0.0234375 
0 0.439453125 0.119140625 0.021484375 0.021484375 
1 0.623046875 0.328125 0.021484375 0.021484375 
0 0.521484375 0.4560546875 0.0234375 0.0234375 
0 0.5185546875 0.7587890625 0.025390625 0.025390625 
0 0.453125 0.4208984375 0.021484375 0.021484375 
0 0.5751953125 0.2099609375 0.0224609375 0.0224609375 
0 0.5791015625 0.1611328125 0.0224609375 0.0224609375 
0 0.521484375 0.1630859375 0.021484375 0.021484375 
0 0.576171875 0.671875 0.021484375 0.021484375 
0 0.3896484375 0.0537109375 0.0234375 0.0234375 
1 0.6337890625 0.2529296875 0.0224609375 0.0224609375 
0 0.5283203125 0.2060546875 0.021484375 0.021484375 
0 0.56640625 0.044921875 0.0234375 0.0234375 
0 0.3896484375 0.443359375 0.0224609375 0.0224609375 
1 0.4384765625 0.388671875 0.021484375 0.021484375 
0 0.533203125 0.2802734375 0.021484375 0.021484375 
0 0.501953125 0.0341796875 0.021484375 0.021484375 
0 0.5458984375 0.271484375 0.021484375 0.021484375 
0 0.6689453125 0.056640625 0.0234375 0.0234375 
0 0.56640625 0.1494140625 0.021484375 0.021484375 
0 0.6787109375 0.205078125 0.0234375 0.0234375 
0 0.529296875 0.083984375 0.0234375 0.0234375 
1 0.6181640625 0.517578125 0.0224609375 0.0224609375 
0 0.6083984375 0.03125 0.021484375 0.021484375 
1 0.4619140625 0.470703125 0.0224609375 0.0224609375 
0 0.6572265625 0.119140625 0.0234375 0.0234375 
0 0.3662109375 0.2529296875 0.0234375 0.0234375 
0 0.5 0.37890625 0.021484375 0.021484375 
0 0.6298828125 0.4404296875 0.021484375 0.021484375 
1 0.6982421875 0.1240234375 0.021484375 0.021484375 
0 0.580078125 0.529296875 0.0234375 0.0234375 
0 0.41796875 0.3134765625 0.0224609375 0.0224609375 
1 0.337890625 0.283203125 0.0224609375 0.0224609375 
0 0.7060546875 0.0361328125 0.0234375 0.0234375 
0 0.4658203125 0.10546875 0.021484375 0.021484375 
0 0.38671875 0.14453125 0.021484375 0.021484375 
0 0.4931640625 0.265625 0.0234375 0.0234375 
0 0.50390625 0.4765625 0.0234375 0.0234375 
0 0.70703125 0.08203125 0.0234375 0.0234375 
0 0.544921875 0.34765625 0.0234375 0.0234375 
0 0.4287109375 0.6787109375 0.021484375 0.021484375 
1 0.400390625 0.111328125 0.0224609375 0.0224609375 
0 0.5712890625 0.10546875 0.0224609375 0.0224609375 
0 0.6201171875 0.181640625 0.0224609375 0.0224609375 
0 0.376953125 0.4658203125 0.021484375 0.021484375 
0 0.5478515625 0.6181640625 0.021484375 0.021484375 
1 0.5859375 0.5751953125 0.021484375 0.021484375 
0 0.3837890625 0.25390625 0.021484375 0.021484375 
1 0.4599609375 0.7919921875 0.0234375 0.0234375 
0 0.546875 0.4033203125 0.021484375 0.021484375 
0 0.4267578125 0.4658203125 0.021484375 0.021484375 
0 0.4384765625 0.076171875 0.0234375 0.0234375 
0 0.65625 0.1953125 0.021484375 0.021484375 
0 0.4267578125 0.44140625 0.0224609375 0.0224609375 
0 0.365234375 0.34375 0.021484375 0.021484375 
0 0.373046875 0.279296875 0.021484375 0.021484375 
0 0.5224609375 0.580078125 0.021484375 0.021484375 
1 0.501953125 0.515625 0.021484375 0.021484375 
0 0.43359375 0.333984375 0.0224609375 0.0224609375 
1 0.6591796875 0.25 0.0224609375 0.0224609375 
0 0.59375 0.6328125 0.021484375 0.021484375 
0 0.5908203125 0.478515625 0.021484375 0.021484375 
0 0.47265625 0.3271484375 0.0224609375 0.0224609375 
1 0.466796875 0.6533203125 0.021484375 0.021484375 
1 0.49609375 0.4892578125 0.021484375 0.021484375 
0 0.5703125 0.4384765625 0.0234375 0.0234375 
0 0.4150390625 0.03515625 0.0224609375 0.0224609375 
0 0.3583984375 0.0498046875 0.021484375 0.021484375 
0 0.5830078125 0.4091796875 0.021484375 0.021484375 
0 0.3974609375 0.1689453125 0.0234375 0.0234375 
0 0.3583984375 0.2119140625 0.0234375 0.0234375 
0 0.47265625 0.416015625 0.021484375 0.021484375 
0 0.6103515625 0.2890625 0.0224609375 0.0224609375 
0 0.4287109375 0.2958984375 0.0224609375 0.0224609375 
1 0.4541015625 0.7197265625 0.021484375 0.021484375 
1 0.40234375 0.3134765625 0.021484375 0.021484375 
0 0.47265625 0.587890625 0.0234375 0.0234375 
0 0.5712890625 0.3564453125 0.021484375 0.021484375 
0 0.4609375 0.544921875 0.021484375 0.021484375 
0 0.6337890625 0.154296875 0.0234375 0.0234375 
0 0.658203125 0.26953125 0.0234375 0.0234375 
0 0.4111328125 0.361328125 0.0234375 0.0234375 
0 0.4892578125 0.0458984375 0.021484375 0.021484375 
0 0.4541015625 0.3896484375 0.021484375 0.021484375 
0 0.66796875 0.1376953125 0.021484375 0.021484375 
0 0.576171875 0.4814453125 0.021484375 0.021484375 
1 0.431640625 0.193359375 0.021484375 0.021484375 
0 0.4521484375 0.5146484375 0.0224609375 0.0224609375 
0 0.4091796875 0.267578125 0.021484375 0.021484375 
0 0.4658203125 0.22265625 0.021484375 0.021484375 
0 0.43359375 0.6494140625 0.0234375 0.0234375 
0 0.5654296875 0.564453125 0.0224609375 0.0224609375 
0 0.5263671875 0.1171875 0.0234375 0.0234375 
0 0.482421875 0.775390625 0.01953125 0.01953125 
0 0.6171875 0.224609375 0.0234375 0.0234375 
1 0.5478515625 0.2880859375 0.0224609375 0.0224609375 
0 0.35546875 0.1337890625 0.021484375 0.021484375 
0 0.595703125 0.3193359375 0.021484375 0.021484375 
0 0.4814453125 0.6064453125 0.021484375 0.021484375 
0 0.4580078125 0.0615234375 0.0234375 0.0234375 
0 0.4912109375 0.59375 0.0234375 0.0234375 
0 0.564453125 0.0771484375 0.0234375 0.0234375 
0 0.6455078125 0.3388671875 0.0234375 0.0234375 
1 0.4599609375 0.8349609375 0.021484375 0.021484375 
1 0.658203125 0.0888671875 0.021484375 0.021484375 
1 0.5068359375 0.693359375 0.021484375 0.021484375 
0 0.5859375 0.4482421875 0.0224609375 0.0224609375 
0 0.5126953125 0.0927734375 0.0234375 0.0234375 
0 0.611328125 0.3525390625 0.0224609375 0.0224609375 
1 0.6005859375 0.0478515625 0.021484375 0.021484375 
0 0.5859375 0.265625 0.0224609375 0.0224609375 
0 0.603515625 0.2431640625 0.021484375 0.021484375 
0 0.5107421875 0.8935546875 0.01953125 0.01953125 
0 0.6259765625 0.3603515625 0.021484375 0.021484375 
0 0.49609375 0.20703125 0.0234375 0.0234375 
0 0.53515625 0.2216796875 0.0224609375 0.0224609375 
1 0.689453125 0.046875 0.021484375 0.021484375 
0 0.556640625 0.734375 0.021484375 0.021484375 
0 0.375 0.0732421875 0.021484375 0.021484375 
0 0.4404296875 0.755859375 0.01953125 0.01953125 
1 0.3525390625 0.4052734375 0.0224609375 0.0224609375 
0 0.4658203125 0.0859375 0.0224609375 0.0224609375 
0 0.4521484375 0.28125 0.021484375 0.021484375 
1 0.5947265625 0.1357421875 0.0224609375 0.0224609375 
0 0.515625 0.5263671875 0.021484375 0.021484375 
1 0.517578125 0.13671875 0.021484375 0.021484375 
0 0.3798828125 0.1650390625 0.0234375 0.0234375 
0 0.408203125 0.625 0.021484375 0.021484375 
1 0.5732421875 0.2958984375 0.021484375 0.021484375 
0 0.6884765625 0.1591796875 0.021484375 0.021484375 
0 0.546875 0.1787109375 0.0234375 0.0234375 
0 0.5302734375 0.3662109375 0.021484375 0.021484375 
0 0.544921875 0.58984375 0.0234375 0.0234375 
0 0.365234375 0.1123046875 0.021484375 0.021484375 
0 0.48828125 0.4384765625 0.0224609375 0.0224609375 
0 0.609375 0.166015625 0.0234375 0.0234375 
1 0.4462890625 0.595703125 0.0224609375 0.0224609375 
0 0.658203125 0.158203125 0.0234375 0.0234375 
1 0.5234375 0.7861328125 0.0234375 0.0234375 
0 0.5849609375 0.5087890625 0.0234375 0.0234375 
0 0.50390625 0.1630859375 0.0234375 0.0234375 
0 0.44140625 0.6318359375 0.021484375 0.021484375 
0 0.490234375 0.759765625 0.021484375 0.021484375 
0 0.3515625 0.2685546875 0.021484375 0.021484375 
0 0.484375 0.546875 0.0224609375 0.0224609375 
0 0.4970703125 0.298828125 0.021484375 0.021484375 
1 0.623046875 0.1328125 0.0224609375 0.0224609375 
1 0.46875 0.43359375 0.021484375 0.021484375 
0 0.533203125 0.7548828125 0.0224609375 0.0224609375 
0 0.359375 0.42578125 0.021484375 0.021484375 
0 0.5654296875 0.5205078125 0.0234375 0.0234375 
1 0.4501953125 0.0966796875 0.021484375 0.021484375 
0 0.3837890625 0.30859375 0.021484375 0.021484375 
0 0.451171875 0.7451171875 0.0224609375 0.0224609375 
0 0.3955078125 0.3408203125 0.0234375 0.0234375 
1 0.40234375 0.244140625 0.021484375 0.021484375 
0 0.4111328125 0.6064453125 0.0234375 0.0234375 
0 0.37109375 0.3232421875 0.021484375 0.021484375 
0 0.462890625 0.3466796875 0.021484375 0.021484375 
