0 0.6513671875 0.091796875 0.021484375 0.021484375 
0 0.30859375 0.0634765625 0.0224609375 0.0224609375 
1 0.408203125 0.1513671875 0.021484375 0.021484375 
0 0.5244140625 0.7373046875 0.021484375 0.021484375 
0 0.4765625 0.732421875 0.021484375 0.021484375 
1 0.4248046875 0.5244140625 0.021484375 0.021484375 
0 0.5859375 0.1279296875 0.0234375 0.0234375 
0 0.416015625 0.2900390625 0.021484375 0.021484375 
1 0.44921875 0.20703125 0.021484375 0.021484375 
0 0.5244140625 0.0625 0.021484375 0.021484375 
0 0.3662109375 0.4208984375 0.021484375 0.021484375 
0 0.603515625 0.2412109375 0.0234375 0.0234375 
0 0.45703125 0.6962890625 0.021484375 0.021484375 
0 0.54296875 0.3662109375 0.021484375 0.021484375 
0 0.3544921875 0.1064453125 0.0234375 0.0234375 
0 0.509765625 0.1279296875 0.0234375 0.0234375 
0 0.4306640625 0.109375 0.0234375 0.0234375 
0 0.400390625 0.3125 0.021484375 0.021484375 
1 0.392578125 0.5791015625 0.0224609375 0.0224609375 
0 0.46875 0.578125 0.021484375 0.021484375 
0 0.5869140625 0.302734375 0.021484375 0.021484375 
0 0.6630859375 0.103515625 0.0224609375 0.0224609375 
0 0.3671875 0.4560546875 0.021484375 0.021484375 
1 0.6533203125 0.263671875 0.021484375 0.021484375 
0 0.625 0.326171875 0.021484375 0.021484375 
0 0.6337890625 0.267578125 0.021484375 0.021484375 
0 0.462890625 0.8271484375 0.025390625 0.025390625 
1 0.5634765625 0.0830078125 0.0224609375 0.0224609375 
0 0.458984375 0.041015625 0.021484375 0.021484375 
1 0.4921875 0.3642578125 0.021484375 0.021484375 
0 0.5712890625 0.734375 0.021484375 0.021484375 
0 0.537109375 0.66796875 0.021484375 0.021484375 
0 0.6279296875 0.421875 0.021484375 0.021484375 
1 0.54296875 0.4404296875 0.0224609375 0.0224609375 
0 0.5556640625 0.7333984375 0.021484375 0.021484375 
0 0.4873046875 0.791015625 0.01953125 0.01953125 
1 0.29296875 0.0732421875 0.021484375 0.021484375 
0 0.5166015625 0.669921875 0.021484375 0.021484375 
0 0.5126953125 0.408203125 0.021484375 0.021484375 
0 0.4560546875 0.33984375 0.0234375 0.0234375 
0 0.509765625 0.5595703125 0.0224609375 0.0224609375 
1 0.443359375 0.4443359375 0.021484375 0.021484375 
0 0.3876953125 0.23828125 0.0234375 0.0234375 
0 0.6943359375 0.0595703125 0.021484375 0.021484375 
1 0.400390625 0.541015625 0.0224609375 0.0224609375 
0 0.447265625 0.7568359375 0.021484375 0.021484375 
0 0.404296875 0.0830078125 0.021484375 0.021484375 
0 0.564453125 0.7080078125 0.0234375 0.0234375 
0 0.6328125 0.17578125 0.021484375 0.021484375 
0 0.4658203125 0.806640625 0.0224609375 0.0224609375 
0 0.6435546875 0.388671875 0.0234375 0.0234375 
0 0.4541015625 0.671875 0.0234375 0.0234375 
0 0.5810546875 0.1630859375 0.0234375 0.0234375 
0 0.5322265625 0.5068359375 0.021484375 0.021484375 
0 0.4482421875 0.173828125 0.021484375 0.021484375 
0 0.5244140625 0.8486328125 0.025390625 0.025390625 
0 0.595703125 0.6162109375 0.021484375 0.021484375 
1 0.4248046875 0.228515625 0.0224609375 0.0224609375 
0 0.3486328125 0.0556640625 0.021484375 0.021484375 
0 0.37890625 0.287109375 0.0234375 0.0234375 
0 0.4521484375 0.4921875 0.021484375 0.021484375 
0 0.3642578125 0.2041015625 0.021484375 0.021484375 
0 0.615234375 0.154296875 0.0234375 0.0234375 
1 0.6748046875 0.25 0.0224609375 0.0224609375 
1 0.552734375 0.1533203125 0.021484375 0.021484375 
0 0.609375 0.0791015625 0.021484375 0.021484375 
0 0.484375 0.8134765625 0.0224609375 0.0224609375 
0 0.498046875 0.7392578125 0.0234375 0.0234375 
0 0.5439453125 0.7021484375 0.021484375 0.021484375 
1 0.51953125 0.6220703125 0.021484375 0.021484375 
0 0.3330078125 0.1416015625 0.021484375 0.021484375 
1 0.66796875 0.0810546875 0.021484375 0.021484375 
0 0.3759765625 0.142578125 0.0224609375 0.0224609375 
0 0.4619140625 0.6123046875 0.021484375 0.021484375 
1 0.6826171875 0.1630859375 0.0224609375 0.0224609375 
0 0.5224609375 0.708984375 0.0234375 0.0234375 
0 0.400390625 0.4228515625 0.021484375 0.021484375 
0 0.3740234375 0.48046875 0.021484375 0.021484375 
0 0.42578125 0.2080078125 0.021484375 0.021484375 
1 0.5703125 0.4306640625 0.021484375 0.021484375 
0 0.318359375 0.0498046875 0.0224609375 0.0224609375 
0 0.4833984375 0.177734375 0.0224609375 0.0224609375 
0 0.4619140625 0.4541015625 0.0234375 0.0234375 
0 0.607421875 0.2880859375 0.0224609375 0.0224609375 
0 0.486328125 0.2275390625 0.0234375 0.0234375 
0 0.375 0.3193359375 0.0234375 0.0234375 
1 0.3359375 0.3154296875 0.021484375 0.021484375 
