0 0.412109375 0.6015625 0.021484375 0.021484375 
0 0.4130859375 0.3056640625 0.021484375 0.021484375 
1 0.6171875 0.052734375 0.021484375 0.021484375 
0 0.5888671875 0.5869140625 0.021484375 0.021484375 
0 0.62890625 0.091796875 0.021484375 0.021484375 
0 0.5810546875 0.689453125 0.0234375 0.0234375 
0 0.5947265625 0.2890625 0.021484375 0.021484375 
0 0.4248046875 0.138671875 0.021484375 0.021484375 
0 0.376953125 0.3134765625 0.021484375 0.021484375 
0 0.4267578125 0.447265625 0.0234375 0.0234375 
1 0.6416015625 0.05078125 0.0224609375 0.0224609375 
0 0.583984375 0.341796875 0.021484375 0.021484375 
0 0.5419921875 0.6484375 0.0224609375 0.0224609375 
0 0.66015625 0.2060546875 0.021484375 0.021484375 
1 0.5927734375 0.1611328125 0.0224609375 0.0224609375 
1 0.6298828125 0.44140625 0.021484375 0.021484375 
0 0.490234375 0.357421875 0.0224609375 0.0224609375 
0 0.6494140625 0.134765625 0.021484375 0.021484375 
0 0.4892578125 0.2138671875 0.021484375 0.021484375 
0 0.4443359375 0.2900390625 0.0224609375 0.0224609375 
1 0.365234375 0.1552734375 0.021484375 0.021484375 
1 0.513671875 0.0732421875 0.021484375 0.021484375 
0 0.443359375 0.2626953125 0.0234375 0.0234375 
0 0.578125 0.109375 0.0234375 0.0234375 
0 0.4775390625 0.0986328125 0.0234375 0.0234375 
0 0.4423828125 0.669921875 0.021484375 0.021484375 
0 0.431640625 0.2509765625 0.021484375 0.021484375 
0 0.3388671875 0.345703125 0.021484375 0.021484375 
0 0.5693359375 0.3681640625 0.021484375 0.021484375 
1 0.43359375 0.5517578125 0.0224609375 0.0224609375 
1 0.46484375 0.142578125 0.021484375 0.021484375 
0 0.439453125 0.6123046875 0.021484375 0.021484375 
1 0.4580078125 0.1875 0.0224609375 0.0224609375 
1 0.5849609375 0.4169921875 0.021484375 0.021484375 
0 0.6162109375 0.1572265625 0.021484375 0.021484375 
1 0.3232421875 0.15234375 0.0224609375 0.0224609375 
0 0.4130859375 0.38671875 0.021484375 0.021484375 
0 0.6015625 0.55078125 0.021484375 0.021484375 
0 0.431640625 0.1767578125 0.0224609375 0.0224609375 
0 0.521484375 0.6357421875 0.0234375 0.0234375 
0 0.46875 0.63671875 0.021484375 0.021484375 
0 0.6494140625 0.34765625 0.0224609375 0.0224609375 
0 0.5576171875 0.404296875 0.0234375 0.0234375 
0 0.54296875 0.55078125 0.0234375 0.0234375 
0 0.4541015625 0.048828125 0.0234375 0.0234375 
0 0.6044921875 0.1142578125 0.021484375 0.021484375 
1 0.4453125 0.796875 0.0234375 0.0234375 
0 0.47265625 0.064453125 0.0224609375 0.0224609375 
0 0.4833984375 0.5166015625 0.021484375 0.021484375 
0 0.5947265625 0.5703125 0.021484375 0.021484375 
1 0.298828125 0.1220703125 0.0224609375 0.0224609375 
0 0.3466796875 0.236328125 0.021484375 0.021484375 
0 0.458984375 0.3359375 0.0234375 0.0234375 
1 0.53515625 0.22265625 0.021484375 0.021484375 
0 0.5439453125 0.78125 0.0224609375 0.0224609375 
0 0.53125 0.75390625 0.025390625 0.025390625 
0 0.4580078125 0.2265625 0.021484375 0.021484375 
0 0.509765625 0.294921875 0.0224609375 0.0224609375 
0 0.30859375 0.080078125 0.021484375 0.021484375 
0 0.5400390625 0.455078125 0.0224609375 0.0224609375 
0 0.6708984375 0.23046875 0.021484375 0.021484375 
0 0.4375 0.462890625 0.021484375 0.021484375 
0 0.3583984375 0.310546875 0.0234375 0.0234375 
0 0.4521484375 0.1572265625 0.0234375 0.0234375 
1 0.4697265625 0.3037109375 0.021484375 0.021484375 
0 0.5751953125 0.435546875 0.0224609375 0.0224609375 
0 0.4912109375 0.548828125 0.021484375 0.021484375 
0 0.5224609375 0.115234375 0.0234375 0.0234375 
0 0.4677734375 0.4462890625 0.021484375 0.021484375 
0 0.3623046875 0.2548828125 0.021484375 0.021484375 
0 0.3857421875 0.4931640625 0.021484375 0.021484375 
1 0.5048828125 0.4873046875 0.0224609375 0.0224609375 
1 0.466796875 0.564453125 0.021484375 0.021484375 
0 0.4013671875 0.328125 0.021484375 0.021484375 
0 0.4267578125 0.6328125 0.0234375 0.0234375 
0 0.5546875 0.68359375 0.021484375 0.021484375 
0 0.298828125 0.1396484375 0.0224609375 0.0224609375 
1 0.3544921875 0.326171875 0.021484375 0.021484375 
1 0.494140625 0.7568359375 0.0234375 0.0234375 
0 0.6064453125 0.49609375 0.021484375 0.021484375 
1 0.515625 0.2783203125 0.021484375 0.021484375 
1 0.51953125 0.232421875 0.021484375 0.021484375 
0 0.443359375 0.5009765625 0.021484375 0.021484375 
1 0.67578125 0.166015625 0.021484375 0.021484375 
0 0.49609375 0.734375 0.021484375 0.021484375 
1 0.62890625 0.19921875 0.0224609375 0.0224609375 
0 0.4794921875 0.8974609375 0.025390625 0.025390625 
0 0.330078125 0.2646484375 0.0234375 0.0234375 
1 0.349609375 0.0498046875 0.021484375 0.021484375 
0 0.6396484375 0.2861328125 0.0234375 0.0234375 
0 0.5302734375 0.2568359375 0.021484375 0.021484375 
0 0.568359375 0.2099609375 0.021484375 0.021484375 
1 0.498046875 0.513671875 0.0224609375 0.0224609375 
1 0.5361328125 0.2880859375 0.021484375 0.021484375 
1 0.32421875 0.0966796875 0.021484375 0.021484375 
0 0.5517578125 0.1845703125 0.0234375 0.0234375 
1 0.482421875 0.150390625 0.021484375 0.021484375 
0 0.517578125 0.248046875 0.0234375 0.0234375 
1 0.5400390625 0.3583984375 0.0224609375 0.0224609375 
0 0.5791015625 0.5751953125 0.0224609375 0.0224609375 
1 0.5810546875 0.48828125 0.021484375 0.021484375 
1 0.458984375 0.3935546875 0.021484375 0.021484375 
0 0.5185546875 0.5712890625 0.021484375 0.021484375 
1 0.5498046875 0.6025390625 0.021484375 0.021484375 
0 0.5048828125 0.1298828125 0.021484375 0.021484375 
1 0.5341796875 0.388671875 0.021484375 0.021484375 
1 0.5888671875 0.2265625 0.021484375 0.021484375 
0 0.330078125 0.20703125 0.0234375 0.0234375 
0 0.4775390625 0.259765625 0.021484375 0.021484375 
1 0.3583984375 0.0625 0.021484375 0.021484375 
0 0.4599609375 0.5224609375 0.0234375 0.0234375 
1 0.3896484375 0.396484375 0.021484375 0.021484375 
