0 0.6181640625 0.2763671875 0.0224609375 0.0224609375 
0 0.3837890625 0.111328125 0.021484375 0.021484375 
0 0.423828125 0.0654296875 0.0234375 0.0234375 
0 0.60546875 0.0322265625 0.021484375 0.021484375 
1 0.4580078125 0.19140625 0.021484375 0.021484375 
0 0.4716796875 0.2724609375 0.021484375 0.021484375 
0 0.3935546875 0.166015625 0.0234375 0.0234375 
0 0.38671875 0.3203125 0.021484375 0.021484375 
0 0.5576171875 0.2724609375 0.021484375 0.021484375 
0 0.482421875 0.3642578125 0.021484375 0.021484375 
0 0.4404296875 0.529296875 0.021484375 0.021484375 
1 0.6708984375 0.0830078125 0.0224609375 0.0224609375 
0 0.4609375 0.8369140625 0.0224609375 0.0224609375 
0 0.564453125 0.5146484375 0.0234375 0.0234375 
0 0.478515625 0.5185546875 0.0234375 0.0234375 
0 0.5966796875 0.0712890625 0.021484375 0.021484375 
0 0.408203125 0.0712890625 0.021484375 0.021484375 
0 0.3681640625 0.478515625 0.021484375 0.021484375 
0 0.48828125 0.2783203125 0.021484375 0.021484375 
1 0.5654296875 0.0478515625 0.0224609375 0.0224609375 
0 0.4326171875 0.1748046875 0.021484375 0.021484375 
0 0.654296875 0.1787109375 0.021484375 0.021484375 
0 0.5400390625 0.611328125 0.021484375 0.021484375 
0 0.4951171875 0.8515625 0.01953125 0.01953125 
0 0.5546875 0.7265625 0.021484375 0.021484375 
0 0.37109375 0.3935546875 0.021484375 0.021484375 
1 0.3564453125 0.3330078125 0.021484375 0.021484375 
0 0.49609375 0.3896484375 0.021484375 0.021484375 
0 0.3134765625 0.181640625 0.0234375 0.0234375 
0 0.65625 0.078125 0.021484375 0.021484375 
0 0.4140625 0.66015625 0.021484375 0.021484375 
0 0.53125 0.7724609375 0.025390625 0.025390625 
0 0.587890625 0.3564453125 0.0234375 0.0234375 
1 0.5068359375 0.4365234375 0.021484375 0.021484375 
0 0.5078125 0.0556640625 0.021484375 0.021484375 
1 0.4501953125 0.0859375 0.021484375 0.021484375 
0 0.55078125 0.15234375 0.021484375 0.021484375 
0 0.5849609375 0.4541015625 0.021484375 0.021484375 
1 0.3388671875 0.0986328125 0.0224609375 0.0224609375 
0 0.4443359375 0.7392578125 0.021484375 0.021484375 
0 0.529296875 0.1044921875 0.021484375 0.021484375 
1 0.48828125 0.8359375 0.021484375 0.021484375 
0 0.5927734375 0.041015625 0.021484375 0.021484375 
0 0.5537109375 0.2158203125 0.021484375 0.021484375 
1 0.474609375 0.4609375 0.021484375 0.021484375 
0 0.66015625 0.052734375 0.021484375 0.021484375 
1 0.4111328125 0.201171875 0.0224609375 0.0224609375 
0 0.609375 0.21875 0.021484375 0.021484375 
0 0.671875 0.1162109375 0.021484375 0.021484375 
0 0.421875 0.70703125 0.021484375 0.021484375 
1 0.294921875 0.0400390625 0.021484375 0.021484375 
0 0.5615234375 0.5654296875 0.021484375 0.021484375 
0 0.6181640625 0.3037109375 0.021484375 0.021484375 
0 0.5458984375 0.5009765625 0.0234375 0.0234375 
0 0.583984375 0.2890625 0.021484375 0.021484375 
1 0.3857421875 0.5576171875 0.021484375 0.021484375 
0 0.4208984375 0.21484375 0.0234375 0.0234375 
0 0.6044921875 0.1796875 0.021484375 0.021484375 
0 0.5146484375 0.87109375 0.01953125 0.01953125 
1 0.568359375 0.0654296875 0.021484375 0.021484375 
0 0.59765625 0.5498046875 0.021484375 0.021484375 
0 0.458984375 0.55078125 0.021484375 0.021484375 
0 0.560546875 0.580078125 0.021484375 0.021484375 
1 0.54296875 0.3720703125 0.0224609375 0.0224609375 
0 0.5205078125 0.302734375 0.0224609375 0.0224609375 
0 0.4765625 0.7333984375 0.0234375 0.0234375 
0 0.404296875 0.56640625 0.021484375 0.021484375 
0 0.486328125 0.5771484375 0.0234375 0.0234375 
0 0.47265625 0.5693359375 0.0234375 0.0234375 
0 0.5302734375 0.5859375 0.0234375 0.0234375 
0 0.3564453125 0.2705078125 0.0234375 0.0234375 
1 0.6337890625 0.3642578125 0.021484375 0.021484375 
1 0.5830078125 0.3857421875 0.021484375 0.021484375 
0 0.5029296875 0.123046875 0.0234375 0.0234375 
0 0.330078125 0.1884765625 0.021484375 0.021484375 
1 0.48828125 0.6572265625 0.021484375 0.021484375 
0 0.5703125 0.0302734375 0.0224609375 0.0224609375 
