0 0.400390625 0.4716796875 0.0234375 0.0234375 
1 0.68359375 0.1494140625 0.021484375 0.021484375 
1 0.36328125 0.1748046875 0.0224609375 0.0224609375 
0 0.4638671875 0.78125 0.0224609375 0.0224609375 
0 0.568359375 0.7451171875 0.021484375 0.021484375 
0 0.322265625 0.1845703125 0.0234375 0.0234375 
0 0.3251953125 0.283203125 0.021484375 0.021484375 
1 0.5458984375 0.8271484375 0.021484375 0.021484375 
1 0.5458984375 0.3603515625 0.021484375 0.021484375 
0 0.466796875 0.4453125 0.021484375 0.021484375 
0 0.451171875 0.203125 0.0234375 0.0234375 
1 0.52734375 0.220703125 0.021484375 0.021484375 
0 0.453125 0.578125 0.0234375 0.0234375 
0 0.4453125 0.392578125 0.0224609375 0.0224609375 
0 0.7001953125 0.033203125 0.021484375 0.021484375 
0 0.5341796875 0.3388671875 0.021484375 0.021484375 
1 0.5927734375 0.115234375 0.0224609375 0.0224609375 
0 0.544921875 0.75 0.0224609375 0.0224609375 
1 0.4658203125 0.1357421875 0.021484375 0.021484375 
0 0.5634765625 0.42578125 0.021484375 0.021484375 
0 0.3876953125 0.3154296875 0.0234375 0.0234375 
0 0.51953125 0.4296875 0.0234375 0.0234375 
0 0.4931640625 0.353515625 0.0234375 0.0234375 
0 0.5478515625 0.236328125 0.0234375 0.0234375 
0 0.326171875 0.0478515625 0.021484375 0.021484375 
0 0.5283203125 0.2353515625 0.021484375 0.021484375 
0 0.62890625 0.392578125 0.021484375 0.021484375 
0 0.3828125 0.0869140625 0.0224609375 0.0224609375 
0 0.419921875 0.3916015625 0.0234375 0.0234375 
1 0.6064453125 0.072265625 0.0224609375 0.0224609375 
0 0.42578125 0.2763671875 0.021484375 0.021484375 
0 0.4189453125 0.2431640625 0.021484375 0.021484375 
0 0.5908203125 0.521484375 0.021484375 0.021484375 
0 0.5751953125 0.5322265625 0.021484375 0.021484375 
0 0.6103515625 0.2275390625 0.021484375 0.021484375 
0 0.5068359375 0.08984375 0.0224609375 0.0224609375 
0 0.3447265625 0.03125 0.021484375 0.021484375 
0 0.4755859375 0.306640625 0.021484375 0.021484375 
0 0.3349609375 0.1337890625 0.021484375 0.021484375 
0 0.5146484375 0.7978515625 0.021484375 0.021484375 
1 0.3544921875 0.0439453125 0.0224609375 0.0224609375 
1 0.4580078125 0.7548828125 0.021484375 0.021484375 
0 0.3955078125 0.56640625 0.021484375 0.021484375 
1 0.4658203125 0.6064453125 0.021484375 0.021484375 
1 0.603515625 0.5791015625 0.021484375 0.021484375 
0 0.517578125 0.3134765625 0.021484375 0.021484375 
0 0.642578125 0.2080078125 0.021484375 0.021484375 
0 0.3203125 0.2314453125 0.0224609375 0.0224609375 
0 0.4326171875 0.7451171875 0.0224609375 0.0224609375 
0 0.587890625 0.41796875 0.0234375 0.0234375 
0 0.587890625 0.6591796875 0.021484375 0.021484375 
0 0.37890625 0.228515625 0.021484375 0.021484375 
0 0.5546875 0.0693359375 0.0234375 0.0234375 
0 0.314453125 0.140625 0.0234375 0.0234375 
1 0.5927734375 0.34375 0.021484375 0.021484375 
1 0.49609375 0.5146484375 0.0224609375 0.0224609375 
0 0.5234375 0.3876953125 0.021484375 0.021484375 
0 0.5947265625 0.09375 0.0234375 0.0234375 
0 0.529296875 0.03515625 0.021484375 0.021484375 
1 0.4169921875 0.4853515625 0.021484375 0.021484375 
0 0.541015625 0.658203125 0.0234375 0.0234375 
0 0.595703125 0.1650390625 0.0224609375 0.0224609375 
0 0.556640625 0.25390625 0.021484375 0.021484375 
0 0.4833984375 0.572265625 0.0234375 0.0234375 
0 0.5673828125 0.716796875 0.0234375 0.0234375 
1 0.6796875 0.228515625 0.021484375 0.021484375 
0 0.37109375 0.296875 0.021484375 0.021484375 
1 0.5341796875 0.513671875 0.021484375 0.021484375 
1 0.498046875 0.556640625 0.021484375 0.021484375 
1 0.384765625 0.5009765625 0.021484375 0.021484375 
0 0.6181640625 0.0927734375 0.0234375 0.0234375 
0 0.4306640625 0.6640625 0.021484375 0.021484375 
1 0.462890625 0.5009765625 0.0224609375 0.0224609375 
0 0.4208984375 0.16796875 0.0234375 0.0234375 
0 0.5517578125 0.6083984375 0.021484375 0.021484375 
0 0.560546875 0.693359375 0.0234375 0.0234375 
0 0.4814453125 0.7705078125 0.0234375 0.0234375 
0 0.5087890625 0.4052734375 0.0224609375 0.0224609375 
0 0.552734375 0.212890625 0.0224609375 0.0224609375 
0 0.525390625 0.599609375 0.021484375 0.021484375 
