0 0.38671875 0.5146484375 0.021484375 0.021484375 
1 0.3935546875 0.5751953125 0.021484375 0.021484375 
0 0.369140625 0.09765625 0.021484375 0.021484375 
1 0.5908203125 0.1044921875 0.021484375 0.021484375 
0 0.341796875 0.158203125 0.0224609375 0.0224609375 
0 0.416015625 0.2841796875 0.021484375 0.021484375 
0 0.5419921875 0.296875 0.021484375 0.021484375 
1 0.5556640625 0.5849609375 0.021484375 0.021484375 
0 0.56640625 0.6240234375 0.021484375 0.021484375 
1 0.5751953125 0.5 0.021484375 0.021484375 
0 0.4794921875 0.5849609375 0.021484375 0.021484375 
0 0.5009765625 0.35546875 0.0234375 0.0234375 
0 0.5126953125 0.88671875 0.0224609375 0.0224609375 
0 0.44921875 0.4443359375 0.0224609375 0.0224609375 
0 0.6767578125 0.234375 0.021484375 0.021484375 
1 0.595703125 0.59375 0.021484375 0.021484375 
0 0.515625 0.1171875 0.021484375 0.021484375 
0 0.6669921875 0.115234375 0.021484375 0.021484375 
0 0.384765625 0.087890625 0.0234375 0.0234375 
0 0.53125 0.7919921875 0.0224609375 0.0224609375 
0 0.638671875 0.2607421875 0.021484375 0.021484375 
0 0.615234375 0.1494140625 0.0234375 0.0234375 
0 0.33984375 0.18359375 0.021484375 0.021484375 
0 0.345703125 0.27734375 0.021484375 0.021484375 
0 0.5576171875 0.599609375 0.021484375 0.021484375 
0 0.4111328125 0.328125 0.021484375 0.021484375 
0 0.4560546875 0.3564453125 0.021484375 0.021484375 
0 0.3955078125 0.484375 0.021484375 0.021484375 
0 0.416015625 0.2109375 0.021484375 0.021484375 
0 0.40234375 0.115234375 0.0234375 0.0234375 
0 0.59375 0.341796875 0.0234375 0.0234375 
0 0.5283203125 0.1533203125 0.021484375 0.021484375 
0 0.5283203125 0.607421875 0.021484375 0.021484375 
0 0.43359375 0.7666015625 0.021484375 0.021484375 
0 0.4453125 0.5986328125 0.0234375 0.0234375 
0 0.5341796875 0.177734375 0.0234375 0.0234375 
0 0.48828125 0.6103515625 0.0234375 0.0234375 
0 0.5 0.1572265625 0.021484375 0.021484375 
1 0.58984375 0.568359375 0.021484375 0.021484375 
0 0.3134765625 0.1640625 0.021484375 0.021484375 
0 0.4267578125 0.5458984375 0.021484375 0.021484375 
0 0.4462890625 0.1005859375 0.021484375 0.021484375 
0 0.337890625 0.0947265625 0.021484375 0.021484375 
0 0.515625 0.869140625 0.025390625 0.025390625 
0 0.6064453125 0.2490234375 0.0224609375 0.0224609375 
0 0.4794921875 0.333984375 0.0234375 0.0234375 
0 0.4912109375 0.595703125 0.0224609375 0.0224609375 
0 0.6044921875 0.5361328125 0.021484375 0.021484375 
0 0.3740234375 0.3203125 0.0224609375 0.0224609375 
0 0.640625 0.037109375 0.021484375 0.021484375 
1 0.4765625 0.84765625 0.021484375 0.021484375 
0 0.560546875 0.5048828125 0.021484375 0.021484375 
1 0.3994140625 0.5009765625 0.0224609375 0.0224609375 
1 0.4560546875 0.66796875 0.021484375 0.021484375 
0 0.4326171875 0.20703125 0.0234375 0.0234375 
1 0.298828125 0.1123046875 0.021484375 0.021484375 
0 0.3896484375 0.2568359375 0.0234375 0.0234375 
0 0.4921875 0.298828125 0.021484375 0.021484375 
0 0.3330078125 0.1123046875 0.0234375 0.0234375 
0 0.556640625 0.2392578125 0.0234375 0.0234375 
0 0.509765625 0.662109375 0.021484375 0.021484375 
1 0.2998046875 0.1357421875 0.021484375 0.021484375 
0 0.560546875 0.11328125 0.021484375 0.021484375 
0 0.4443359375 0.328125 0.021484375 0.021484375 
0 0.435546875 0.29296875 0.021484375 0.021484375 
0 0.3798828125 0.42578125 0.0234375 0.0234375 
0 0.47265625 0.04296875 0.021484375 0.021484375 
1 0.4208984375 0.46875 0.0224609375 0.0224609375 
0 0.5625 0.060546875 0.0234375 0.0234375 
1 0.5107421875 0.5693359375 0.021484375 0.021484375 
0 0.474609375 0.146484375 0.0234375 0.0234375 
0 0.400390625 0.4599609375 0.0234375 0.0234375 
0 0.5029296875 0.0625 0.021484375 0.021484375 
0 0.3544921875 0.357421875 0.0234375 0.0234375 
0 0.63671875 0.291015625 0.0234375 0.0234375 
0 0.4365234375 0.69921875 0.0224609375 0.0224609375 
0 0.6103515625 0.2841796875 0.021484375 0.021484375 
0 0.591796875 0.0859375 0.021484375 0.021484375 
0 0.490234375 0.2626953125 0.021484375 0.021484375 
0 0.4609375 0.2529296875 0.021484375 0.021484375 
0 0.4912109375 0.55078125 0.0224609375 0.0224609375 
0 0.400390625 0.0966796875 0.021484375 0.021484375 
0 0.4765625 0.7216796875 0.0234375 0.0234375 
0 0.4736328125 0.6787109375 0.021484375 0.021484375 
1 0.4580078125 0.2294921875 0.021484375 0.021484375 
1 0.4150390625 0.0712890625 0.021484375 0.021484375 
0 0.583984375 0.3154296875 0.0234375 0.0234375 
0 0.3916015625 0.17578125 0.0234375 0.0234375 
1 0.5810546875 0.2265625 0.0224609375 0.0224609375 
1 0.638671875 0.412109375 0.0224609375 0.0224609375 
0 0.6357421875 0.22265625 0.021484375 0.021484375 
0 0.4267578125 0.57421875 0.0234375 0.0234375 
1 0.3955078125 0.544921875 0.0224609375 0.0224609375 
1 0.5009765625 0.7548828125 0.0234375 0.0234375 
0 0.5146484375 0.2998046875 0.0224609375 0.0224609375 
0 0.5302734375 0.318359375 0.0234375 0.0234375 
0 0.5546875 0.732421875 0.021484375 0.021484375 
1 0.4736328125 0.060546875 0.021484375 0.021484375 
0 0.380859375 0.5361328125 0.0224609375 0.0224609375 
0 0.3466796875 0.08203125 0.0224609375 0.0224609375 
0 0.3984375 0.31640625 0.021484375 0.021484375 
0 0.431640625 0.6279296875 0.021484375 0.021484375 
0 0.6533203125 0.0673828125 0.021484375 0.021484375 
0 0.5478515625 0.2734375 0.021484375 0.021484375 
1 0.4755859375 0.7822265625 0.021484375 0.021484375 
0 0.4794921875 0.6533203125 0.0224609375 0.0224609375 
1 0.4912109375 0.408203125 0.021484375 0.021484375 
1 0.591796875 0.1953125 0.021484375 0.021484375 
1 0.3974609375 0.146484375 0.021484375 0.021484375 
1 0.501953125 0.8046875 0.0234375 0.0234375 
0 0.5126953125 0.1318359375 0.0234375 0.0234375 
0 0.5458984375 0.533203125 0.021484375 0.021484375 
0 0.5224609375 0.2060546875 0.021484375 0.021484375 
0 0.4921875 0.44140625 0.021484375 0.021484375 
0 0.42578125 0.1064453125 0.021484375 0.021484375 
1 0.49609375 0.8701171875 0.0234375 0.0234375 
1 0.6962890625 0.0859375 0.021484375 0.021484375 
0 0.39453125 0.2880859375 0.021484375 0.021484375 
1 0.470703125 0.4287109375 0.021484375 0.021484375 
0 0.3896484375 0.193359375 0.021484375 0.021484375 
0 0.46484375 0.828125 0.0234375 0.0234375 
0 0.6787109375 0.20703125 0.021484375 0.021484375 
0 0.560546875 0.0830078125 0.021484375 0.021484375 
0 0.4580078125 0.30859375 0.0234375 0.0234375 
0 0.4404296875 0.646484375 0.021484375 0.021484375 
0 0.37890625 0.3603515625 0.021484375 0.021484375 
0 0.658203125 0.1337890625 0.0234375 0.0234375 
0 0.6123046875 0.2001953125 0.021484375 0.021484375 
0 0.408203125 0.4365234375 0.0234375 0.0234375 
0 0.658203125 0.1796875 0.0224609375 0.0224609375 
1 0.501953125 0.7333984375 0.021484375 0.021484375 
0 0.5986328125 0.30078125 0.021484375 0.021484375 
0 0.32421875 0.0673828125 0.0234375 0.0234375 
1 0.3759765625 0.1416015625 0.021484375 0.021484375 
0 0.41015625 0.4130859375 0.0224609375 0.0224609375 
0 0.4091796875 0.1357421875 0.021484375 0.021484375 
0 0.6826171875 0.125 0.021484375 0.021484375 
0 0.5458984375 0.4697265625 0.0224609375 0.0224609375 
1 0.55078125 0.13671875 0.0224609375 0.0224609375 
0 0.3759765625 0.2119140625 0.021484375 0.021484375 
0 0.515625 0.8251953125 0.0224609375 0.0224609375 
0 0.578125 0.263671875 0.021484375 0.021484375 
0 0.53515625 0.4228515625 0.021484375 0.021484375 
0 0.306640625 0.0615234375 0.021484375 0.021484375 
0 0.494140625 0.20703125 0.021484375 0.021484375 
0 0.6123046875 0.130859375 0.021484375 0.021484375 
0 0.4814453125 0.1748046875 0.021484375 0.021484375 
0 0.390625 0.4072265625 0.021484375 0.021484375 
1 0.326171875 0.0322265625 0.021484375 0.021484375 
0 0.357421875 0.4052734375 0.021484375 0.021484375 
0 0.5166015625 0.744140625 0.021484375 0.021484375 
1 0.6171875 0.447265625 0.0224609375 0.0224609375 
1 0.3369140625 0.31640625 0.0224609375 0.0224609375 
0 0.470703125 0.5556640625 0.021484375 0.021484375 
0 0.3701171875 0.23046875 0.0234375 0.0234375 
0 0.48828125 0.3798828125 0.021484375 0.021484375 
0 0.466796875 0.6923828125 0.0234375 0.0234375 
1 0.439453125 0.365234375 0.021484375 0.021484375 
0 0.5751953125 0.3505859375 0.021484375 0.021484375 
0 0.5283203125 0.236328125 0.0234375 0.0234375 
0 0.564453125 0.3642578125 0.021484375 0.021484375 
0 0.5322265625 0.2744140625 0.021484375 0.021484375 
0 0.5419921875 0.3505859375 0.021484375 0.021484375 
0 0.4267578125 0.509765625 0.0224609375 0.0224609375 
0 0.58984375 0.16015625 0.0224609375 0.0224609375 
0 0.560546875 0.3984375 0.0234375 0.0234375 
0 0.568359375 0.73828125 0.021484375 0.021484375 
1 0.5400390625 0.4443359375 0.021484375 0.021484375 
0 0.51171875 0.8544921875 0.0224609375 0.0224609375 
0 0.470703125 0.3642578125 0.0234375 0.0234375 
0 0.498046875 0.3291015625 0.021484375 0.021484375 
1 0.36328125 0.1298828125 0.021484375 0.021484375 
0 0.4189453125 0.0458984375 0.021484375 0.021484375 
0 0.4404296875 0.03125 0.021484375 0.021484375 
0 0.466796875 0.326171875 0.0234375 0.0234375 
0 0.4404296875 0.2578125 0.0224609375 0.0224609375 
0 0.318359375 0.255859375 0.0234375 0.0234375 
0 0.3603515625 0.1513671875 0.021484375 0.021484375 
1 0.6650390625 0.216796875 0.021484375 0.021484375 
1 0.3828125 0.458984375 0.0224609375 0.0224609375 
0 0.6650390625 0.080078125 0.021484375 0.021484375 
