0 0.5546875 0.5146484375 0.021484375 0.021484375 
0 0.4677734375 0.306640625 0.021484375 0.021484375 
0 0.4453125 0.4833984375 0.021484375 0.021484375 
0 0.525390625 0.32421875 0.0234375 0.0234375 
0 0.623046875 0.3212890625 0.021484375 0.021484375 
0 0.302734375 0.0771484375 0.0234375 0.0234375 
0 0.4736328125 0.12109375 0.021484375 0.021484375 
1 0.4921875 0.455078125 0.021484375 0.021484375 
1 0.4501953125 0.3037109375 0.021484375 0.021484375 
0 0.5517578125 0.1884765625 0.021484375 0.021484375 
0 0.6162109375 0.412109375 0.0224609375 0.0224609375 
0 0.4736328125 0.6025390625 0.021484375 0.021484375 
1 0.62109375 0.09765625 0.021484375 0.021484375 
1 0.3828125 0.376953125 0.021484375 0.021484375 
0 0.6201171875 0.0498046875 0.021484375 0.021484375 
0 0.455078125 0.828125 0.025390625 0.025390625 
0 0.4013671875 0.4755859375 0.021484375 0.021484375 
1 0.4365234375 0.767578125 0.0234375 0.0234375 
0 0.451171875 0.236328125 0.0224609375 0.0224609375 
1 0.55859375 0.62890625 0.021484375 0.021484375 
1 0.4296875 0.408203125 0.021484375 0.021484375 
0 0.470703125 0.1025390625 0.0224609375 0.0224609375 
0 0.39453125 0.3671875 0.021484375 0.021484375 
1 0.5380859375 0.826171875 0.0234375 0.0234375 
1 0.408203125 0.6259765625 0.021484375 0.021484375 
1 0.4736328125 0.13671875 0.0224609375 0.0224609375 
1 0.5126953125 0.20703125 0.0224609375 0.0224609375 
1 0.634765625 0.1162109375 0.021484375 0.021484375 
0 0.4150390625 0.2255859375 0.0234375 0.0234375 
1 0.6875 0.0986328125 0.021484375 0.021484375 
0 0.5 0.2978515625 0.021484375 0.021484375 
0 0.5009765625 0.2431640625 0.0234375 0.0234375 
1 0.5439453125 0.3544921875 0.021484375 0.021484375 
0 0.642578125 0.134765625 0.0234375 0.0234375 
1 0.412109375 0.390625 0.021484375 0.021484375 
0 0.6328125 0.2978515625 0.021484375 0.021484375 
0 0.619140625 0.1298828125 0.021484375 0.021484375 
1 0.38671875 0.4306640625 0.0224609375 0.0224609375 
0 0.5517578125 0.251953125 0.021484375 0.021484375 
0 0.5283203125 0.4228515625 0.021484375 0.021484375 
0 0.4345703125 0.5517578125 0.0234375 0.0234375 
0 0.4462890625 0.744140625 0.0234375 0.0234375 
1 0.447265625 0.171875 0.0224609375 0.0224609375 
0 0.51171875 0.5517578125 0.021484375 0.021484375 
1 0.5927734375 0.0703125 0.021484375 0.021484375 
1 0.3740234375 0.23046875 0.021484375 0.021484375 
0 0.4150390625 0.0439453125 0.0234375 0.0234375 
0 0.626953125 0.1455078125 0.021484375 0.021484375 
0 0.271484375 0.0400390625 0.0234375 0.0234375 
0 0.5322265625 0.47265625 0.021484375 0.021484375 
0 0.3544921875 0.046875 0.0224609375 0.0224609375 
0 0.58984375 0.376953125 0.0234375 0.0234375 
0 0.3984375 0.3291015625 0.021484375 0.021484375 
0 0.330078125 0.1240234375 0.021484375 0.021484375 
1 0.52734375 0.75390625 0.0234375 0.0234375 
0 0.587890625 0.212890625 0.0234375 0.0234375 
0 0.4609375 0.84375 0.025390625 0.025390625 
0 0.53125 0.8720703125 0.025390625 0.025390625 
1 0.3466796875 0.2626953125 0.0224609375 0.0224609375 
0 0.451171875 0.2041015625 0.021484375 0.021484375 
0 0.6484375 0.1943359375 0.021484375 0.021484375 
0 0.4951171875 0.2177734375 0.0224609375 0.0224609375 
0 0.5703125 0.10546875 0.021484375 0.021484375 
1 0.4365234375 0.0390625 0.0224609375 0.0224609375 
1 0.646484375 0.0302734375 0.021484375 0.021484375 
1 0.474609375 0.662109375 0.0224609375 0.0224609375 
0 0.6142578125 0.1806640625 0.021484375 0.021484375 
0 0.576171875 0.4697265625 0.021484375 0.021484375 
1 0.5 0.8583984375 0.021484375 0.021484375 
0 0.52734375 0.3623046875 0.021484375 0.021484375 
0 0.5302734375 0.1240234375 0.0234375 0.0234375 
0 0.44140625 0.0556640625 0.021484375 0.021484375 
0 0.3251953125 0.1875 0.0234375 0.0234375 
1 0.513671875 0.8916015625 0.021484375 0.021484375 
0 0.58203125 0.49609375 0.021484375 0.021484375 
1 0.65625 0.1240234375 0.0224609375 0.0224609375 
0 0.6806640625 0.216796875 0.0234375 0.0234375 
1 0.3935546875 0.4990234375 0.021484375 0.021484375 
0 0.58984375 0.45703125 0.021484375 0.021484375 
0 0.6455078125 0.2412109375 0.021484375 0.021484375 
0 0.369140625 0.0732421875 0.0234375 0.0234375 
0 0.3974609375 0.1025390625 0.0234375 0.0234375 
0 0.4560546875 0.060546875 0.021484375 0.021484375 
0 0.6904296875 0.0791015625 0.0234375 0.0234375 
0 0.46875 0.2578125 0.0234375 0.0234375 
0 0.4912109375 0.1171875 0.021484375 0.021484375 
1 0.6083984375 0.1416015625 0.021484375 0.021484375 
1 0.41015625 0.5185546875 0.021484375 0.021484375 
0 0.3828125 0.25390625 0.021484375 0.021484375 
1 0.515625 0.60546875 0.0224609375 0.0224609375 
0 0.3759765625 0.3359375 0.021484375 0.021484375 
0 0.431640625 0.3349609375 0.0234375 0.0234375 
0 0.41015625 0.365234375 0.021484375 0.021484375 
0 0.3359375 0.0595703125 0.021484375 0.021484375 
0 0.3525390625 0.2109375 0.021484375 0.021484375 
1 0.4560546875 0.537109375 0.021484375 0.021484375 
1 0.490234375 0.140625 0.0224609375 0.0224609375 
0 0.5234375 0.6826171875 0.0234375 0.0234375 
0 0.3828125 0.0322265625 0.021484375 0.021484375 
0 0.3115234375 0.0322265625 0.021484375 0.021484375 
0 0.4130859375 0.4140625 0.021484375 0.021484375 
0 0.5615234375 0.6572265625 0.0234375 0.0234375 
0 0.517578125 0.8447265625 0.0224609375 0.0224609375 
0 0.455078125 0.3759765625 0.021484375 0.021484375 
0 0.544921875 0.279296875 0.0224609375 0.0224609375 
0 0.404296875 0.314453125 0.021484375 0.021484375 
0 0.6318359375 0.423828125 0.0224609375 0.0224609375 
0 0.4951171875 0.49609375 0.0224609375 0.0224609375 
0 0.5302734375 0.7333984375 0.0234375 0.0234375 
0 0.416015625 0.2509765625 0.0234375 0.0234375 
1 0.447265625 0.8046875 0.021484375 0.021484375 
0 0.46875 0.6416015625 0.0224609375 0.0224609375 
0 0.693359375 0.1279296875 0.021484375 0.021484375 
0 0.474609375 0.748046875 0.021484375 0.021484375 
1 0.4638671875 0.478515625 0.021484375 0.021484375 
1 0.4072265625 0.2978515625 0.0224609375 0.0224609375 
1 0.5390625 0.1064453125 0.021484375 0.021484375 
0 0.396484375 0.1552734375 0.021484375 0.021484375 
0 0.4873046875 0.2666015625 0.0234375 0.0234375 
0 0.5830078125 0.328125 0.0224609375 0.0224609375 
0 0.5341796875 0.224609375 0.0234375 0.0234375 
0 0.5390625 0.7919921875 0.025390625 0.025390625 
0 0.478515625 0.705078125 0.021484375 0.021484375 
0 0.32421875 0.275390625 0.021484375 0.021484375 
0 0.365234375 0.03125 0.021484375 0.021484375 
0 0.2919921875 0.1279296875 0.0234375 0.0234375 
0 0.5634765625 0.3955078125 0.021484375 0.021484375 
0 0.5498046875 0.322265625 0.021484375 0.021484375 
0 0.513671875 0.81640625 0.0234375 0.0234375 
0 0.4814453125 0.3154296875 0.021484375 0.021484375 
0 0.3525390625 0.4033203125 0.021484375 0.021484375 
0 0.4716796875 0.36328125 0.0224609375 0.0224609375 
0 0.5673828125 0.216796875 0.021484375 0.021484375 
1 0.591796875 0.5927734375 0.021484375 0.021484375 
0 0.642578125 0.0869140625 0.021484375 0.021484375 
0 0.462890625 0.7607421875 0.0234375 0.0234375 
1 0.45703125 0.4951171875 0.021484375 0.021484375 
0 0.3857421875 0.2763671875 0.021484375 0.021484375 
0 0.5087890625 0.775390625 0.0234375 0.0234375 
1 0.4912109375 0.6689453125 0.021484375 0.021484375 
0 0.6220703125 0.478515625 0.021484375 0.021484375 
0 0.666015625 0.171875 0.021484375 0.021484375 
0 0.544921875 0.125 0.0234375 0.0234375 
0 0.5380859375 0.53125 0.021484375 0.021484375 
0 0.4716796875 0.8310546875 0.0224609375 0.0224609375 
0 0.4404296875 0.3564453125 0.021484375 0.021484375 
0 0.5673828125 0.2587890625 0.021484375 0.021484375 
0 0.45703125 0.359375 0.0234375 0.0234375 
0 0.3330078125 0.2470703125 0.021484375 0.021484375 
1 0.4775390625 0.865234375 0.021484375 0.021484375 
0 0.609375 0.2666015625 0.021484375 0.021484375 
0 0.6357421875 0.3623046875 0.021484375 0.021484375 
0 0.51171875 0.7275390625 0.021484375 0.021484375 
0 0.4853515625 0.1572265625 0.0234375 0.0234375 
0 0.46875 0.455078125 0.021484375 0.021484375 
0 0.572265625 0.603515625 0.021484375 0.021484375 
1 0.3896484375 0.513671875 0.0224609375 0.0224609375 
0 0.4033203125 0.2734375 0.021484375 0.021484375 
1 0.6162109375 0.5146484375 0.021484375 0.021484375 
1 0.4990234375 0.474609375 0.021484375 0.021484375 
0 0.5947265625 0.4013671875 0.0224609375 0.0224609375 
0 0.5712890625 0.134765625 0.0234375 0.0234375 
0 0.494140625 0.3544921875 0.0224609375 0.0224609375 
1 0.3603515625 0.0947265625 0.0224609375 0.0224609375 
0 0.7119140625 0.041015625 0.0234375 0.0234375 
0 0.4814453125 0.8955078125 0.025390625 0.025390625 
0 0.4248046875 0.61328125 0.021484375 0.021484375 
0 0.5859375 0.556640625 0.0224609375 0.0224609375 
1 0.607421875 0.0869140625 0.021484375 0.021484375 
1 0.5107421875 0.2607421875 0.0224609375 0.0224609375 
0 0.4794921875 0.771484375 0.025390625 0.025390625 
0 0.5947265625 0.1044921875 0.021484375 0.021484375 
0 0.330078125 0.2890625 0.021484375 0.021484375 
1 0.591796875 0.5205078125 0.021484375 0.021484375 
1 0.421875 0.435546875 0.021484375 0.021484375 
0 0.55859375 0.0947265625 0.0234375 0.0234375 
0 0.3525390625 0.1767578125 0.0234375 0.0234375 
0 0.47265625 0.5771484375 0.0234375 0.0234375 
0 0.4990234375 0.37890625 0.021484375 0.021484375 
