0 0.4697265625 0.296875 0.021484375 0.021484375 
0 0.5576171875 0.638671875 0.0234375 0.0234375 
0 0.7119140625 0.068359375 0.021484375 0.021484375 
0 0.3583984375 0.2724609375 0.0224609375 0.0224609375 
1 0.396484375 0.564453125 0.0224609375 0.0224609375 
0 0.4501953125 0.44140625 0.021484375 0.021484375 
0 0.4443359375 0.8017578125 0.021484375 0.021484375 
0 0.4462890625 0.2138671875 0.0234375 0.0234375 
0 0.5634765625 0.142578125 0.021484375 0.021484375 
1 0.3271484375 0.125 0.0224609375 0.0224609375 
0 0.48828125 0.7509765625 0.021484375 0.021484375 
0 0.5029296875 0.42578125 0.021484375 0.021484375 
1 0.4404296875 0.6982421875 0.021484375 0.021484375 
0 0.486328125 0.8916015625 0.0224609375 0.0224609375 
0 0.423828125 0.0830078125 0.021484375 0.021484375 
1 0.58984375 0.12890625 0.021484375 0.021484375 
0 0.3671875 0.439453125 0.0224609375 0.0224609375 
1 0.4892578125 0.802734375 0.021484375 0.021484375 
0 0.5263671875 0.3505859375 0.0234375 0.0234375 
1 0.501953125 0.0302734375 0.021484375 0.021484375 
0 0.396484375 0.2001953125 0.0224609375 0.0224609375 
1 0.322265625 0.181640625 0.0224609375 0.0224609375 
0 0.68359375 0.072265625 0.0234375 0.0234375 
1 0.7041015625 0.03515625 0.021484375 0.021484375 
0 0.419921875 0.279296875 0.021484375 0.021484375 
0 0.435546875 0.6318359375 0.021484375 0.021484375 
1 0.5732421875 0.3701171875 0.021484375 0.021484375 
0 0.470703125 0.6748046875 0.021484375 0.021484375 
0 0.33984375 0.2412109375 0.021484375 0.021484375 
0 0.5498046875 0.1494140625 0.021484375 0.021484375 
0 0.5439453125 0.2939453125 0.021484375 0.021484375 
0 0.5703125 0.6474609375 0.0234375 0.0234375 
0 0.294921875 0.1640625 0.021484375 0.021484375 
1 0.416015625 0.1396484375 0.0224609375 0.0224609375 
1 0.4755859375 0.7021484375 0.021484375 0.021484375 
0 0.5400390625 0.64453125 0.021484375 0.021484375 
1 0.640625 0.0654296875 0.021484375 0.021484375 
1 0.484375 0.2001953125 0.0224609375 0.0224609375 
1 0.5009765625 0.2177734375 0.0224609375 0.0224609375 
1 0.4541015625 0.4619140625 0.021484375 0.021484375 
1 0.4541015625 0.119140625 0.0224609375 0.0224609375 
0 0.4267578125 0.45703125 0.021484375 0.021484375 
0 0.3798828125 0.1142578125 0.0234375 0.0234375 
0 0.521484375 0.0390625 0.021484375 0.021484375 
1 0.5283203125 0.802734375 0.021484375 0.021484375 
1 0.5673828125 0.4990234375 0.021484375 0.021484375 
1 0.482421875 0.552734375 0.021484375 0.021484375 
0 0.4560546875 0.6513671875 0.0234375 0.0234375 
1 0.5078125 0.76171875 0.0234375 0.0234375 
0 0.638671875 0.2822265625 0.0234375 0.0234375 
0 0.6435546875 0.126953125 0.021484375 0.021484375 
0 0.4345703125 0.7412109375 0.021484375 0.021484375 
1 0.517578125 0.1318359375 0.0224609375 0.0224609375 
0 0.6220703125 0.2197265625 0.021484375 0.021484375 
0 0.626953125 0.427734375 0.021484375 0.021484375 
0 0.3984375 0.3984375 0.021484375 0.021484375 
1 0.4560546875 0.5205078125 0.021484375 0.021484375 
0 0.4716796875 0.1435546875 0.0234375 0.0234375 
1 0.3935546875 0.357421875 0.0224609375 0.0224609375 
0 0.40234375 0.310546875 0.021484375 0.021484375 
1 0.365234375 0.34765625 0.0224609375 0.0224609375 
0 0.5244140625 0.5615234375 0.0234375 0.0234375 
0 0.6171875 0.3974609375 0.0234375 0.0234375 
1 0.5712890625 0.091796875 0.021484375 0.021484375 
1 0.6513671875 0.150390625 0.0224609375 0.0224609375 
0 0.47265625 0.279296875 0.021484375 0.021484375 
0 0.458984375 0.0576171875 0.021484375 0.021484375 
0 0.6474609375 0.2109375 0.021484375 0.021484375 
0 0.513671875 0.5810546875 0.021484375 0.021484375 
0 0.4404296875 0.076171875 0.0234375 0.0234375 
0 0.48046875 0.6533203125 0.0234375 0.0234375 
0 0.5048828125 0.2958984375 0.021484375 0.021484375 
1 0.4658203125 0.5009765625 0.021484375 0.021484375 
0 0.5859375 0.22265625 0.021484375 0.021484375 
0 0.4833984375 0.626953125 0.021484375 0.021484375 
1 0.37890625 0.361328125 0.0224609375 0.0224609375 
1 0.501953125 0.3916015625 0.0224609375 0.0224609375 
1 0.443359375 0.6650390625 0.0224609375 0.0224609375 
1 0.412109375 0.64453125 0.021484375 0.021484375 
0 0.4140625 0.12109375 0.0224609375 0.0224609375 
0 0.6328125 0.37890625 0.0224609375 0.0224609375 
1 0.4296875 0.3193359375 0.021484375 0.021484375 
0 0.546875 0.6611328125 0.021484375 0.021484375 
0 0.4990234375 0.12109375 0.021484375 0.021484375 
0 0.5615234375 0.1279296875 0.021484375 0.021484375 
1 0.5390625 0.677734375 0.021484375 0.021484375 
0 0.373046875 0.236328125 0.0234375 0.0234375 
0 0.4931640625 0.0712890625 0.0234375 0.0234375 
1 0.6396484375 0.4111328125 0.021484375 0.021484375 
