1 0.4765625 0.54296875 0.0224609375 0.0224609375 
0 0.55078125 0.3447265625 0.0224609375 0.0224609375 
1 0.5732421875 0.5673828125 0.021484375 0.021484375 
0 0.6064453125 0.2001953125 0.021484375 0.021484375 
1 0.41796875 0.33984375 0.0224609375 0.0224609375 
1 0.56640625 0.61328125 0.0224609375 0.0224609375 
0 0.5126953125 0.369140625 0.021484375 0.021484375 
0 0.505859375 0.1279296875 0.021484375 0.021484375 
0 0.5380859375 0.7197265625 0.021484375 0.021484375 
1 0.4609375 0.7373046875 0.0224609375 0.0224609375 
0 0.5048828125 0.791015625 0.0234375 0.0234375 
0 0.5107421875 0.6875 0.021484375 0.021484375 
0 0.462890625 0.3916015625 0.021484375 0.021484375 
0 0.64453125 0.3173828125 0.0224609375 0.0224609375 
0 0.470703125 0.798828125 0.01953125 0.01953125 
0 0.51171875 0.2939453125 0.021484375 0.021484375 
0 0.548828125 0.2685546875 0.0234375 0.0234375 
0 0.6552734375 0.193359375 0.0234375 0.0234375 
0 0.4814453125 0.291015625 0.021484375 0.021484375 
0 0.486328125 0.5791015625 0.0234375 0.0234375 
1 0.4931640625 0.1142578125 0.021484375 0.021484375 
0 0.64453125 0.25390625 0.0234375 0.0234375 
0 0.6455078125 0.0390625 0.0224609375 0.0224609375 
0 0.38671875 0.26953125 0.021484375 0.021484375 
0 0.267578125 0.0302734375 0.0234375 0.0234375 
0 0.6591796875 0.2080078125 0.021484375 0.021484375 
0 0.408203125 0.4970703125 0.0224609375 0.0224609375 
0 0.6171875 0.18359375 0.021484375 0.021484375 
1 0.685546875 0.171875 0.021484375 0.021484375 
0 0.625 0.3798828125 0.0234375 0.0234375 
1 0.560546875 0.6640625 0.021484375 0.021484375 
0 0.4560546875 0.7138671875 0.0224609375 0.0224609375 
1 0.51953125 0.7978515625 0.021484375 0.021484375 
0 0.5126953125 0.572265625 0.021484375 0.021484375 
1 0.541015625 0.2978515625 0.0224609375 0.0224609375 
0 0.3984375 0.2060546875 0.0224609375 0.0224609375 
0 0.4345703125 0.4091796875 0.0234375 0.0234375 
0 0.54296875 0.431640625 0.0234375 0.0234375 
0 0.55078125 0.0439453125 0.021484375 0.021484375 
0 0.48046875 0.55859375 0.021484375 0.021484375 
0 0.5478515625 0.380859375 0.0234375 0.0234375 
0 0.6240234375 0.197265625 0.021484375 0.021484375 
0 0.482421875 0.5263671875 0.0234375 0.0234375 
0 0.4658203125 0.1376953125 0.0224609375 0.0224609375 
1 0.51953125 0.5537109375 0.021484375 0.021484375 
1 0.5498046875 0.5068359375 0.0224609375 0.0224609375 
0 0.5947265625 0.220703125 0.021484375 0.021484375 
0 0.517578125 0.7099609375 0.021484375 0.021484375 
0 0.572265625 0.595703125 0.021484375 0.021484375 
0 0.7080078125 0.0537109375 0.0224609375 0.0224609375 
1 0.3994140625 0.40625 0.021484375 0.021484375 
0 0.5654296875 0.1064453125 0.0234375 0.0234375 
0 0.4423828125 0.341796875 0.0224609375 0.0224609375 
0 0.6044921875 0.134765625 0.021484375 0.021484375 
0 0.587890625 0.560546875 0.021484375 0.021484375 
0 0.384765625 0.1591796875 0.021484375 0.021484375 
0 0.435546875 0.0302734375 0.021484375 0.021484375 
0 0.392578125 0.0458984375 0.021484375 0.021484375 
0 0.3759765625 0.3603515625 0.0224609375 0.0224609375 
0 0.44140625 0.37890625 0.021484375 0.021484375 
0 0.53515625 0.09765625 0.0234375 0.0234375 
0 0.697265625 0.1181640625 0.021484375 0.021484375 
1 0.349609375 0.40234375 0.0224609375 0.0224609375 
1 0.5283203125 0.0751953125 0.0224609375 0.0224609375 
0 0.560546875 0.640625 0.021484375 0.021484375 
1 0.46484375 0.5908203125 0.021484375 0.021484375 
0 0.53515625 0.4677734375 0.0224609375 0.0224609375 
1 0.6689453125 0.2705078125 0.021484375 0.021484375 
0 0.3115234375 0.1845703125 0.0234375 0.0234375 
0 0.4765625 0.1640625 0.021484375 0.021484375 
0 0.6728515625 0.232421875 0.021484375 0.021484375 
0 0.580078125 0.51171875 0.021484375 0.021484375 
0 0.5263671875 0.89453125 0.01953125 0.01953125 
1 0.5419921875 0.67578125 0.021484375 0.021484375 
1 0.5185546875 0.3271484375 0.021484375 0.021484375 
0 0.533203125 0.50390625 0.021484375 0.021484375 
0 0.3876953125 0.142578125 0.021484375 0.021484375 
1 0.59375 0.1572265625 0.021484375 0.021484375 
0 0.52734375 0.8623046875 0.021484375 0.021484375 
0 0.404296875 0.3828125 0.0234375 0.0234375 
0 0.427734375 0.7177734375 0.021484375 0.021484375 
