1 0.6083984375 0.3427734375 0.021484375 0.021484375 
0 0.525390625 0.4755859375 0.021484375 0.021484375 
0 0.6484375 0.1787109375 0.0224609375 0.0224609375 
1 0.501953125 0.5791015625 0.021484375 0.021484375 
0 0.4296875 0.6943359375 0.021484375 0.021484375 
0 0.3876953125 0.55859375 0.0224609375 0.0224609375 
0 0.3076171875 0.125 0.021484375 0.021484375 
0 0.5126953125 0.826171875 0.01953125 0.01953125 
1 0.4130859375 0.0849609375 0.0224609375 0.0224609375 
0 0.693359375 0.0615234375 0.0224609375 0.0224609375 
0 0.5419921875 0.77734375 0.0234375 0.0234375 
1 0.384765625 0.0654296875 0.021484375 0.021484375 
0 0.603515625 0.505859375 0.021484375 0.021484375 
1 0.3095703125 0.1875 0.021484375 0.021484375 
1 0.5224609375 0.8076171875 0.021484375 0.021484375 
0 0.453125 0.2294921875 0.021484375 0.021484375 
1 0.62109375 0.0869140625 0.0224609375 0.0224609375 
0 0.6669921875 0.15234375 0.021484375 0.021484375 
1 0.3984375 0.47265625 0.021484375 0.021484375 
0 0.484375 0.6357421875 0.0234375 0.0234375 
1 0.5537109375 0.234375 0.021484375 0.021484375 
0 0.6982421875 0.1103515625 0.021484375 0.021484375 
0 0.5478515625 0.3583984375 0.0224609375 0.0224609375 
0 0.5390625 0.263671875 0.021484375 0.021484375 
0 0.564453125 0.1630859375 0.0234375 0.0234375 
0 0.357421875 0.1240234375 0.0234375 0.0234375 
1 0.4697265625 0.1396484375 0.021484375 0.021484375 
0 0.3740234375 0.0771484375 0.0234375 0.0234375 
0 0.53515625 0.5791015625 0.021484375 0.021484375 
0 0.341796875 0.27734375 0.021484375 0.021484375 
1 0.6357421875 0.361328125 0.021484375 0.021484375 
0 0.4140625 0.05859375 0.021484375 0.021484375 
0 0.458984375 0.0458984375 0.021484375 0.021484375 
0 0.4658203125 0.791015625 0.0224609375 0.0224609375 
0 0.4716796875 0.607421875 0.021484375 0.021484375 
1 0.3212890625 0.255859375 0.0224609375 0.0224609375 
0 0.384765625 0.1923828125 0.021484375 0.021484375 
1 0.4443359375 0.2548828125 0.021484375 0.021484375 
0 0.4912109375 0.2041015625 0.021484375 0.021484375 
1 0.3642578125 0.330078125 0.021484375 0.021484375 
0 0.3447265625 0.0390625 0.021484375 0.021484375 
0 0.654296875 0.1982421875 0.0234375 0.0234375 
0 0.4482421875 0.6474609375 0.021484375 0.021484375 
0 0.423828125 0.1455078125 0.021484375 0.021484375 
0 0.373046875 0.46875 0.0234375 0.0234375 
1 0.515625 0.4482421875 0.0224609375 0.0224609375 
0 0.552734375 0.1796875 0.0224609375 0.0224609375 
1 0.3935546875 0.541015625 0.021484375 0.021484375 
0 0.416015625 0.2001953125 0.021484375 0.021484375 
1 0.3544921875 0.3427734375 0.021484375 0.021484375 
0 0.4775390625 0.556640625 0.021484375 0.021484375 
1 0.509765625 0.2724609375 0.021484375 0.021484375 
0 0.60546875 0.1318359375 0.021484375 0.021484375 
0 0.583984375 0.58203125 0.021484375 0.021484375 
0 0.5185546875 0.330078125 0.021484375 0.021484375 
1 0.4228515625 0.3779296875 0.0224609375 0.0224609375 
0 0.5419921875 0.068359375 0.0234375 0.0234375 
0 0.5673828125 0.05859375 0.021484375 0.021484375 
0 0.455078125 0.5029296875 0.0234375 0.0234375 
0 0.310546875 0.041015625 0.021484375 0.021484375 
0 0.470703125 0.8544921875 0.025390625 0.025390625 
0 0.611328125 0.4306640625 0.021484375 0.021484375 
0 0.38671875 0.142578125 0.021484375 0.021484375 
0 0.59375 0.185546875 0.021484375 0.021484375 
1 0.498046875 0.3857421875 0.021484375 0.021484375 
1 0.59375 0.603515625 0.021484375 0.021484375 
0 0.5400390625 0.724609375 0.0234375 0.0234375 
1 0.4619140625 0.5283203125 0.021484375 0.021484375 
0 0.453125 0.4658203125 0.0234375 0.0234375 
0 0.583984375 0.3876953125 0.0234375 0.0234375 
0 0.458984375 0.6669921875 0.0234375 0.0234375 
0 0.3388671875 0.193359375 0.021484375 0.021484375 
0 0.4365234375 0.1552734375 0.0224609375 0.0224609375 
0 0.51171875 0.5546875 0.021484375 0.021484375 
0 0.6376953125 0.107421875 0.0234375 0.0234375 
0 0.5556640625 0.396484375 0.021484375 0.021484375 
0 0.541015625 0.650390625 0.021484375 0.021484375 
0 0.4013671875 0.107421875 0.021484375 0.021484375 
0 0.5673828125 0.7412109375 0.0234375 0.0234375 
0 0.5234375 0.658203125 0.021484375 0.021484375 
0 0.55078125 0.6845703125 0.021484375 0.021484375 
1 0.6455078125 0.2734375 0.021484375 0.021484375 
0 0.3193359375 0.10546875 0.0234375 0.0234375 
0 0.6728515625 0.0986328125 0.021484375 0.021484375 
0 0.48828125 0.3359375 0.0234375 0.0234375 
0 0.55078125 0.578125 0.021484375 0.021484375 
1 0.5673828125 0.0361328125 0.0224609375 0.0224609375 
0 0.53515625 0.216796875 0.021484375 0.021484375 
0 0.4453125 0.587890625 0.021484375 0.021484375 
0 0.48046875 0.7353515625 0.021484375 0.021484375 
0 0.4990234375 0.4326171875 0.021484375 0.021484375 
0 0.369140625 0.3125 0.021484375 0.021484375 
0 0.400390625 0.4189453125 0.0234375 0.0234375 
0 0.353515625 0.1962890625 0.0234375 0.0234375 
0 0.498046875 0.0302734375 0.021484375 0.021484375 
1 0.525390625 0.2822265625 0.021484375 0.021484375 
1 0.5078125 0.46484375 0.021484375 0.021484375 
1 0.619140625 0.1533203125 0.0224609375 0.0224609375 
0 0.5126953125 0.134765625 0.021484375 0.021484375 
0 0.4296875 0.45703125 0.0234375 0.0234375 
1 0.43359375 0.486328125 0.021484375 0.021484375 
0 0.5654296875 0.076171875 0.021484375 0.021484375 
0 0.6240234375 0.4423828125 0.0234375 0.0234375 
0 0.62109375 0.05078125 0.0234375 0.0234375 
0 0.4453125 0.33203125 0.021484375 0.021484375 
0 0.5341796875 0.365234375 0.0224609375 0.0224609375 
1 0.509765625 0.3720703125 0.021484375 0.021484375 
0 0.4140625 0.4453125 0.0234375 0.0234375 
0 0.509765625 0.4033203125 0.021484375 0.021484375 
0 0.537109375 0.8310546875 0.01953125 0.01953125 
0 0.5791015625 0.228515625 0.021484375 0.021484375 
1 0.603515625 0.3203125 0.0224609375 0.0224609375 
0 0.556640625 0.3798828125 0.021484375 0.021484375 
0 0.6494140625 0.1474609375 0.021484375 0.021484375 
0 0.4375 0.2138671875 0.0234375 0.0234375 
0 0.42578125 0.2587890625 0.0224609375 0.0224609375 
0 0.6259765625 0.123046875 0.0224609375 0.0224609375 
0 0.5908203125 0.5166015625 0.0234375 0.0234375 
0 0.466796875 0.376953125 0.0234375 0.0234375 
0 0.3779296875 0.3486328125 0.021484375 0.021484375 
0 0.5009765625 0.6123046875 0.0234375 0.0234375 
