0 0.5625 0.603515625 0.021484375 0.021484375 
1 0.5048828125 0.7177734375 0.021484375 0.021484375 
0 0.673828125 0.0498046875 0.0234375 0.0234375 
0 0.517578125 0.3076171875 0.021484375 0.021484375 
0 0.4482421875 0.1240234375 0.021484375 0.021484375 
0 0.3466796875 0.2236328125 0.0224609375 0.0224609375 
1 0.6484375 0.3173828125 0.021484375 0.021484375 
0 0.5224609375 0.4521484375 0.0224609375 0.0224609375 
0 0.541015625 0.6044921875 0.0234375 0.0234375 
1 0.46484375 0.84765625 0.0234375 0.0234375 
0 0.3154296875 0.1728515625 0.0234375 0.0234375 
0 0.505859375 0.24609375 0.021484375 0.021484375 
1 0.484375 0.80859375 0.021484375 0.021484375 
0 0.5283203125 0.2783203125 0.0234375 0.0234375 
0 0.6533203125 0.041015625 0.021484375 0.021484375 
0 0.537109375 0.38671875 0.021484375 0.021484375 
0 0.33203125 0.1962890625 0.021484375 0.021484375 
0 0.50390625 0.279296875 0.0234375 0.0234375 
0 0.3955078125 0.2109375 0.021484375 0.021484375 
0 0.4521484375 0.25390625 0.021484375 0.021484375 
1 0.3818359375 0.4990234375 0.021484375 0.021484375 
1 0.4873046875 0.443359375 0.021484375 0.021484375 
0 0.580078125 0.33984375 0.021484375 0.021484375 
1 0.4150390625 0.6826171875 0.021484375 0.021484375 
0 0.40234375 0.5390625 0.021484375 0.021484375 
0 0.447265625 0.5947265625 0.021484375 0.021484375 
1 0.4404296875 0.205078125 0.021484375 0.021484375 
0 0.646484375 0.2998046875 0.0234375 0.0234375 
1 0.693359375 0.07421875 0.021484375 0.021484375 
0 0.521484375 0.23046875 0.021484375 0.021484375 
0 0.4453125 0.5771484375 0.021484375 0.021484375 
0 0.4248046875 0.1484375 0.0234375 0.0234375 
0 0.5322265625 0.03515625 0.0234375 0.0234375 
0 0.375 0.1005859375 0.0234375 0.0234375 
0 0.48046875 0.833984375 0.025390625 0.025390625 
0 0.33984375 0.296875 0.021484375 0.021484375 
0 0.4404296875 0.337890625 0.0234375 0.0234375 
1 0.6943359375 0.1416015625 0.0224609375 0.0224609375 
0 0.3056640625 0.052734375 0.0234375 0.0234375 
0 0.5693359375 0.0732421875 0.0234375 0.0234375 
1 0.330078125 0.0595703125 0.021484375 0.021484375 
0 0.431640625 0.6796875 0.0234375 0.0234375 
0 0.333984375 0.2724609375 0.021484375 0.021484375 
1 0.5400390625 0.341796875 0.021484375 0.021484375 
0 0.4208984375 0.47265625 0.021484375 0.021484375 
0 0.5146484375 0.7978515625 0.01953125 0.01953125 
0 0.560546875 0.666015625 0.0234375 0.0234375 
1 0.388671875 0.4013671875 0.021484375 0.021484375 
1 0.48046875 0.5126953125 0.021484375 0.021484375 
0 0.42578125 0.439453125 0.0234375 0.0234375 
0 0.5107421875 0.056640625 0.021484375 0.021484375 
0 0.677734375 0.0791015625 0.021484375 0.021484375 
0 0.4287109375 0.4560546875 0.0224609375 0.0224609375 
1 0.4716796875 0.3193359375 0.0224609375 0.0224609375 
0 0.58203125 0.525390625 0.021484375 0.021484375 
1 0.568359375 0.5009765625 0.021484375 0.021484375 
0 0.466796875 0.8173828125 0.0224609375 0.0224609375 
0 0.509765625 0.537109375 0.021484375 0.021484375 
0 0.3486328125 0.1962890625 0.021484375 0.021484375 
0 0.53515625 0.40625 0.021484375 0.021484375 
0 0.5546875 0.6162109375 0.0234375 0.0234375 
0 0.392578125 0.28125 0.021484375 0.021484375 
0 0.68359375 0.162109375 0.021484375 0.021484375 
0 0.416015625 0.5302734375 0.021484375 0.021484375 
0 0.4912109375 0.4072265625 0.0234375 0.0234375 
0 0.4033203125 0.6298828125 0.0224609375 0.0224609375 
0 0.5361328125 0.7451171875 0.021484375 0.021484375 
0 0.560546875 0.359375 0.0234375 0.0234375 
0 0.5439453125 0.05859375 0.021484375 0.021484375 
1 0.5625 0.5537109375 0.021484375 0.021484375 
0 0.3505859375 0.25 0.021484375 0.021484375 
0 0.552734375 0.7998046875 0.01953125 0.01953125 
0 0.4384765625 0.548828125 0.0234375 0.0234375 
1 0.44921875 0.078125 0.021484375 0.021484375 
0 0.4677734375 0.1943359375 0.021484375 0.021484375 
0 0.5361328125 0.86328125 0.0224609375 0.0224609375 
0 0.482421875 0.0849609375 0.021484375 0.021484375 
0 0.4375 0.7314453125 0.0234375 0.0234375 
1 0.3427734375 0.330078125 0.0224609375 0.0224609375 
1 0.4072265625 0.5595703125 0.021484375 0.021484375 
1 0.5009765625 0.1005859375 0.021484375 0.021484375 
0 0.541015625 0.22265625 0.0234375 0.0234375 
0 0.5185546875 0.09765625 0.021484375 0.021484375 
1 0.478515625 0.634765625 0.021484375 0.021484375 
0 0.5126953125 0.630859375 0.0234375 0.0234375 
0 0.6845703125 0.1982421875 0.0234375 0.0234375 
0 0.509765625 0.078125 0.021484375 0.021484375 
0 0.49609375 0.15234375 0.021484375 0.021484375 
0 0.51953125 0.69921875 0.021484375 0.021484375 
0 0.5341796875 0.513671875 0.021484375 0.021484375 
0 0.3212890625 0.23046875 0.0234375 0.0234375 
1 0.552734375 0.2392578125 0.021484375 0.021484375 
1 0.5771484375 0.564453125 0.021484375 0.021484375 
1 0.4638671875 0.416015625 0.021484375 0.021484375 
1 0.5 0.3173828125 0.021484375 0.021484375 
0 0.4814453125 0.1826171875 0.0224609375 0.0224609375 
0 0.4697265625 0.0302734375 0.021484375 0.021484375 
0 0.4150390625 0.0927734375 0.0224609375 0.0224609375 
1 0.59765625 0.3603515625 0.021484375 0.021484375 
0 0.619140625 0.3603515625 0.021484375 0.021484375 
0 0.44140625 0.1513671875 0.021484375 0.021484375 
0 0.435546875 0.50390625 0.0234375 0.0234375 
0 0.330078125 0.177734375 0.021484375 0.021484375 
0 0.5654296875 0.5830078125 0.021484375 0.021484375 
0 0.7080078125 0.0302734375 0.0234375 0.0234375 
0 0.4794921875 0.1650390625 0.021484375 0.021484375 
0 0.3427734375 0.3544921875 0.021484375 0.021484375 
0 0.529296875 0.5546875 0.021484375 0.021484375 
1 0.2919921875 0.1494140625 0.0224609375 0.0224609375 
0 0.5078125 0.3701171875 0.021484375 0.021484375 
0 0.595703125 0.5625 0.021484375 0.021484375 
0 0.484375 0.4658203125 0.021484375 0.021484375 
0 0.52734375 0.876953125 0.0224609375 0.0224609375 
0 0.6259765625 0.0615234375 0.0234375 0.0234375 
0 0.533203125 0.837890625 0.021484375 0.021484375 
1 0.63671875 0.228515625 0.021484375 0.021484375 
1 0.3935546875 0.51171875 0.021484375 0.021484375 
1 0.580078125 0.4892578125 0.0224609375 0.0224609375 
1 0.5439453125 0.658203125 0.021484375 0.021484375 
0 0.4794921875 0.0458984375 0.0234375 0.0234375 
0 0.537109375 0.1591796875 0.0234375 0.0234375 
1 0.29296875 0.1318359375 0.0224609375 0.0224609375 
1 0.5478515625 0.1484375 0.0224609375 0.0224609375 
0 0.4716796875 0.353515625 0.021484375 0.021484375 
0 0.59375 0.2509765625 0.021484375 0.021484375 
0 0.3994140625 0.04296875 0.021484375 0.021484375 
1 0.546875 0.783203125 0.0234375 0.0234375 
0 0.4970703125 0.5712890625 0.0234375 0.0234375 
0 0.3271484375 0.083984375 0.021484375 0.021484375 
0 0.6015625 0.2373046875 0.021484375 0.021484375 
0 0.630859375 0.0947265625 0.021484375 0.021484375 
0 0.296875 0.1103515625 0.021484375 0.021484375 
0 0.625 0.1318359375 0.0234375 0.0234375 
