0 0.4951171875 0.6025390625 0.0234375 0.0234375 
0 0.603515625 0.58203125 0.0234375 0.0234375 
0 0.5419921875 0.4853515625 0.0234375 0.0234375 
0 0.603515625 0.5068359375 0.021484375 0.021484375 
0 0.4619140625 0.2333984375 0.021484375 0.021484375 
0 0.57421875 0.14453125 0.0224609375 0.0224609375 
1 0.564453125 0.6220703125 0.021484375 0.021484375 
1 0.3798828125 0.4306640625 0.021484375 0.021484375 
0 0.5693359375 0.58984375 0.021484375 0.021484375 
1 0.46875 0.259765625 0.021484375 0.021484375 
1 0.4404296875 0.2099609375 0.021484375 0.021484375 
0 0.5244140625 0.2060546875 0.0234375 0.0234375 
1 0.48828125 0.3623046875 0.021484375 0.021484375 
1 0.580078125 0.5712890625 0.021484375 0.021484375 
0 0.4931640625 0.75390625 0.025390625 0.025390625 
1 0.4892578125 0.5224609375 0.021484375 0.021484375 
1 0.6376953125 0.251953125 0.0224609375 0.0224609375 
0 0.4912109375 0.2626953125 0.0234375 0.0234375 
0 0.6552734375 0.1005859375 0.021484375 0.021484375 
0 0.57421875 0.08984375 0.021484375 0.021484375 
0 0.6025390625 0.3857421875 0.021484375 0.021484375 
0 0.4873046875 0.462890625 0.021484375 0.021484375 
0 0.4609375 0.6767578125 0.0224609375 0.0224609375 
0 0.5439453125 0.5634765625 0.021484375 0.021484375 
0 0.607421875 0.40234375 0.0234375 0.0234375 
0 0.4912109375 0.8623046875 0.01953125 0.01953125 
1 0.3515625 0.0595703125 0.021484375 0.021484375 
0 0.40234375 0.1025390625 0.021484375 0.021484375 
0 0.439453125 0.4453125 0.0224609375 0.0224609375 
0 0.5205078125 0.8935546875 0.01953125 0.01953125 
0 0.3896484375 0.2978515625 0.0234375 0.0234375 
0 0.4423828125 0.1650390625 0.0234375 0.0234375 
0 0.5166015625 0.25 0.021484375 0.021484375 
1 0.6240234375 0.48828125 0.021484375 0.021484375 
0 0.568359375 0.2734375 0.0224609375 0.0224609375 
0 0.4443359375 0.4296875 0.0234375 0.0234375 
0 0.630859375 0.1533203125 0.021484375 0.021484375 
0 0.43359375 0.263671875 0.0234375 0.0234375 
1 0.5009765625 0.5654296875 0.021484375 0.021484375 
0 0.404296875 0.1796875 0.0234375 0.0234375 
0 0.5322265625 0.431640625 0.021484375 0.021484375 
0 0.5322265625 0.654296875 0.021484375 0.021484375 
0 0.4443359375 0.2255859375 0.021484375 0.021484375 
0 0.435546875 0.0654296875 0.0224609375 0.0224609375 
1 0.5859375 0.2197265625 0.021484375 0.021484375 
0 0.4404296875 0.119140625 0.021484375 0.021484375 
1 0.501953125 0.376953125 0.021484375 0.021484375 
0 0.46484375 0.6025390625 0.0234375 0.0234375 
0 0.3037109375 0.1962890625 0.021484375 0.021484375 
1 0.591796875 0.5546875 0.021484375 0.021484375 
0 0.4189453125 0.18359375 0.021484375 0.021484375 
0 0.4453125 0.34765625 0.0234375 0.0234375 
0 0.470703125 0.4052734375 0.0234375 0.0234375 
0 0.443359375 0.5283203125 0.021484375 0.021484375 
0 0.416015625 0.53515625 0.021484375 0.021484375 
0 0.5966796875 0.06640625 0.021484375 0.021484375 
0 0.671875 0.138671875 0.0224609375 0.0224609375 
0 0.5341796875 0.6376953125 0.0234375 0.0234375 
1 0.552734375 0.2294921875 0.0224609375 0.0224609375 
0 0.4169921875 0.3681640625 0.021484375 0.021484375 
0 0.439453125 0.734375 0.021484375 0.021484375 
1 0.408203125 0.30859375 0.021484375 0.021484375 
0 0.4736328125 0.1767578125 0.021484375 0.021484375 
0 0.515625 0.66015625 0.0234375 0.0234375 
0 0.4375 0.697265625 0.021484375 0.021484375 
0 0.3984375 0.5556640625 0.0224609375 0.0224609375 
0 0.572265625 0.0322265625 0.0234375 0.0234375 
0 0.5224609375 0.1123046875 0.0234375 0.0234375 
0 0.357421875 0.2197265625 0.021484375 0.021484375 
0 0.3037109375 0.126953125 0.0224609375 0.0224609375 
0 0.55859375 0.2099609375 0.021484375 0.021484375 
0 0.623046875 0.3671875 0.0224609375 0.0224609375 
1 0.6435546875 0.044921875 0.021484375 0.021484375 
0 0.5146484375 0.474609375 0.021484375 0.021484375 
0 0.4931640625 0.4169921875 0.0224609375 0.0224609375 
1 0.630859375 0.3994140625 0.021484375 0.021484375 
0 0.439453125 0.4716796875 0.0234375 0.0234375 
1 0.46484375 0.8173828125 0.021484375 0.021484375 
0 0.380859375 0.3388671875 0.021484375 0.021484375 
1 0.50390625 0.6298828125 0.0224609375 0.0224609375 
0 0.513671875 0.2939453125 0.021484375 0.021484375 
1 0.46875 0.521484375 0.021484375 0.021484375 
0 0.46484375 0.21875 0.021484375 0.021484375 
0 0.357421875 0.2578125 0.021484375 0.021484375 
1 0.69921875 0.130859375 0.021484375 0.021484375 
0 0.609375 0.2392578125 0.021484375 0.021484375 
