0 0.3486328125 0.037109375 0.021484375 0.021484375 
0 0.5322265625 0.2734375 0.0234375 0.0234375 
0 0.6494140625 0.232421875 0.0234375 0.0234375 
0 0.4326171875 0.755859375 0.021484375 0.021484375 
0 0.390625 0.2509765625 0.0234375 0.0234375 
0 0.4775390625 0.33984375 0.0224609375 0.0224609375 
0 0.474609375 0.4169921875 0.021484375 0.021484375 
0 0.5966796875 0.390625 0.0224609375 0.0224609375 
0 0.431640625 0.0576171875 0.0234375 0.0234375 
1 0.451171875 0.4580078125 0.021484375 0.021484375 
0 0.5830078125 0.2763671875 0.021484375 0.021484375 
0 0.5712890625 0.0810546875 0.021484375 0.021484375 
0 0.5712890625 0.58984375 0.021484375 0.021484375 
0 0.431640625 0.2412109375 0.0234375 0.0234375 
0 0.3935546875 0.359375 0.021484375 0.021484375 
0 0.5361328125 0.6259765625 0.021484375 0.021484375 
0 0.62890625 0.453125 0.021484375 0.021484375 
0 0.357421875 0.232421875 0.0234375 0.0234375 
1 0.576171875 0.4150390625 0.021484375 0.021484375 
0 0.4853515625 0.275390625 0.021484375 0.021484375 
1 0.38671875 0.224609375 0.0224609375 0.0224609375 
1 0.517578125 0.5224609375 0.0224609375 0.0224609375 
0 0.501953125 0.6455078125 0.021484375 0.021484375 
0 0.43359375 0.2099609375 0.0234375 0.0234375 
1 0.3857421875 0.39453125 0.021484375 0.021484375 
0 0.435546875 0.4306640625 0.021484375 0.021484375 
0 0.595703125 0.453125 0.0224609375 0.0224609375 
0 0.4677734375 0.650390625 0.0234375 0.0234375 
1 0.408203125 0.259765625 0.021484375 0.021484375 
1 0.6669921875 0.2158203125 0.021484375 0.021484375 
0 0.3955078125 0.09375 0.021484375 0.021484375 
0 0.40625 0.55078125 0.021484375 0.021484375 
0 0.46875 0.0771484375 0.021484375 0.021484375 
0 0.6708984375 0.1796875 0.021484375 0.021484375 
0 0.53515625 0.5537109375 0.0234375 0.0234375 
0 0.6044921875 0.2412109375 0.021484375 0.021484375 
1 0.3232421875 0.115234375 0.021484375 0.021484375 
0 0.515625 0.83203125 0.0224609375 0.0224609375 
1 0.673828125 0.11328125 0.021484375 0.021484375 
0 0.537109375 0.591796875 0.021484375 0.021484375 
0 0.3818359375 0.4990234375 0.0234375 0.0234375 
1 0.501953125 0.1669921875 0.021484375 0.021484375 
1 0.326171875 0.0654296875 0.021484375 0.021484375 
0 0.646484375 0.3427734375 0.0234375 0.0234375 
0 0.671875 0.1416015625 0.0234375 0.0234375 
1 0.478515625 0.5302734375 0.021484375 0.021484375 
0 0.494140625 0.0654296875 0.0234375 0.0234375 
0 0.6416015625 0.263671875 0.0234375 0.0234375 
0 0.408203125 0.4814453125 0.021484375 0.021484375 
0 0.490234375 0.4130859375 0.021484375 0.021484375 
1 0.451171875 0.259765625 0.021484375 0.021484375 
0 0.35546875 0.2646484375 0.0234375 0.0234375 
0 0.310546875 0.044921875 0.021484375 0.021484375 
1 0.4326171875 0.2265625 0.021484375 0.021484375 
0 0.5517578125 0.3173828125 0.0224609375 0.0224609375 
0 0.4873046875 0.6796875 0.021484375 0.021484375 
0 0.4326171875 0.091796875 0.021484375 0.021484375 
0 0.5009765625 0.8212890625 0.021484375 0.021484375 
0 0.5498046875 0.212890625 0.021484375 0.021484375 
0 0.2939453125 0.119140625 0.0234375 0.0234375 
0 0.47265625 0.18359375 0.021484375 0.021484375 
0 0.4853515625 0.8779296875 0.021484375 0.021484375 
0 0.3681640625 0.4765625 0.021484375 0.021484375 
0 0.603515625 0.068359375 0.021484375 0.021484375 
0 0.40625 0.18359375 0.0234375 0.0234375 
0 0.51953125 0.7626953125 0.021484375 0.021484375 
0 0.572265625 0.4384765625 0.0234375 0.0234375 
0 0.4853515625 0.1640625 0.0234375 0.0234375 
1 0.4931640625 0.2451171875 0.021484375 0.021484375 
0 0.318359375 0.2373046875 0.021484375 0.021484375 
0 0.537109375 0.2275390625 0.021484375 0.021484375 
0 0.5029296875 0.6943359375 0.021484375 0.021484375 
0 0.3369140625 0.05078125 0.021484375 0.021484375 
0 0.4345703125 0.263671875 0.0234375 0.0234375 
0 0.6298828125 0.2763671875 0.021484375 0.021484375 
0 0.626953125 0.3408203125 0.0234375 0.0234375 
0 0.5859375 0.6025390625 0.021484375 0.021484375 
0 0.529296875 0.5703125 0.0234375 0.0234375 
0 0.4326171875 0.3994140625 0.0234375 0.0234375 
1 0.595703125 0.171875 0.0224609375 0.0224609375 
0 0.54296875 0.5126953125 0.021484375 0.021484375 
0 0.568359375 0.7197265625 0.0224609375 0.0224609375 
0 0.658203125 0.060546875 0.021484375 0.021484375 
0 0.5107421875 0.4580078125 0.021484375 0.021484375 
0 0.4716796875 0.388671875 0.021484375 0.021484375 
0 0.45703125 0.626953125 0.0224609375 0.0224609375 
0 0.5302734375 0.728515625 0.021484375 0.021484375 
0 0.48828125 0.796875 0.0224609375 0.0224609375 
1 0.5087890625 0.2802734375 0.021484375 0.021484375 
0 0.4306640625 0.2861328125 0.021484375 0.021484375 
0 0.5966796875 0.5634765625 0.0234375 0.0234375 
0 0.5126953125 0.439453125 0.0224609375 0.0224609375 
0 0.666015625 0.2568359375 0.021484375 0.021484375 
0 0.5283203125 0.5078125 0.021484375 0.021484375 
1 0.3544921875 0.37109375 0.021484375 0.021484375 
0 0.572265625 0.49609375 0.021484375 0.021484375 
1 0.5068359375 0.4091796875 0.0224609375 0.0224609375 
0 0.353515625 0.087890625 0.0234375 0.0234375 
0 0.369140625 0.3544921875 0.0234375 0.0234375 
1 0.626953125 0.2158203125 0.021484375 0.021484375 
0 0.583984375 0.54296875 0.021484375 0.021484375 
0 0.3955078125 0.2734375 0.021484375 0.021484375 
0 0.3720703125 0.236328125 0.0234375 0.0234375 
1 0.396484375 0.3134765625 0.021484375 0.021484375 
1 0.4375 0.5048828125 0.021484375 0.021484375 
0 0.47265625 0.896484375 0.01953125 0.01953125 
0 0.6103515625 0.03125 0.0224609375 0.0224609375 
0 0.453125 0.8125 0.025390625 0.025390625 
1 0.3984375 0.458984375 0.021484375 0.021484375 
0 0.5 0.3642578125 0.0234375 0.0234375 
0 0.42578125 0.541015625 0.021484375 0.021484375 
0 0.4462890625 0.560546875 0.021484375 0.021484375 
0 0.6591796875 0.3037109375 0.0234375 0.0234375 
0 0.5107421875 0.8759765625 0.0234375 0.0234375 
0 0.5625 0.1748046875 0.0234375 0.0234375 
0 0.6982421875 0.1298828125 0.021484375 0.021484375 
0 0.4228515625 0.36328125 0.021484375 0.021484375 
0 0.5263671875 0.1044921875 0.021484375 0.021484375 
0 0.3232421875 0.20703125 0.021484375 0.021484375 
0 0.5673828125 0.36328125 0.021484375 0.021484375 
1 0.3466796875 0.3486328125 0.021484375 0.021484375 
1 0.33984375 0.2099609375 0.021484375 0.021484375 
0 0.46875 0.70703125 0.0224609375 0.0224609375 
0 0.5771484375 0.3818359375 0.0234375 0.0234375 
0 0.4658203125 0.4677734375 0.021484375 0.021484375 
1 0.4619140625 0.53515625 0.021484375 0.021484375 
0 0.65234375 0.1396484375 0.0234375 0.0234375 
1 0.6923828125 0.0390625 0.021484375 0.021484375 
1 0.49609375 0.7783203125 0.0234375 0.0234375 
0 0.560546875 0.19921875 0.021484375 0.021484375 
0 0.51171875 0.0595703125 0.0234375 0.0234375 
0 0.5263671875 0.3115234375 0.021484375 0.021484375 
0 0.4912109375 0.4462890625 0.021484375 0.021484375 
1 0.5107421875 0.0810546875 0.021484375 0.021484375 
0 0.6142578125 0.2236328125 0.021484375 0.021484375 
1 0.333984375 0.2353515625 0.0224609375 0.0224609375 
1 0.58984375 0.5771484375 0.021484375 0.021484375 
0 0.4873046875 0.578125 0.021484375 0.021484375 
1 0.365234375 0.142578125 0.0224609375 0.0224609375 
1 0.375 0.2001953125 0.021484375 0.021484375 
0 0.5537109375 0.28125 0.0234375 0.0234375 
0 0.4521484375 0.3251953125 0.021484375 0.021484375 
0 0.4775390625 0.4931640625 0.021484375 0.021484375 
0 0.458984375 0.12890625 0.021484375 0.021484375 
0 0.53515625 0.884765625 0.0224609375 0.0224609375 
0 0.4111328125 0.1015625 0.0224609375 0.0224609375 
0 0.3896484375 0.056640625 0.021484375 0.021484375 
0 0.4228515625 0.568359375 0.021484375 0.021484375 
0 0.3076171875 0.1904296875 0.0224609375 0.0224609375 
0 0.3115234375 0.15234375 0.021484375 0.021484375 
0 0.6435546875 0.203125 0.0234375 0.0234375 
0 0.6201171875 0.1943359375 0.021484375 0.021484375 
0 0.5185546875 0.3876953125 0.0234375 0.0234375 
0 0.53515625 0.7998046875 0.025390625 0.025390625 
0 0.337890625 0.28125 0.021484375 0.021484375 
0 0.515625 0.3427734375 0.021484375 0.021484375 
1 0.546875 0.4716796875 0.0224609375 0.0224609375 
1 0.3388671875 0.2529296875 0.0224609375 0.0224609375 
0 0.4462890625 0.5244140625 0.0234375 0.0234375 
0 0.4462890625 0.1533203125 0.0234375 0.0234375 
0 0.5283203125 0.08984375 0.021484375 0.021484375 
0 0.2939453125 0.0390625 0.021484375 0.021484375 
1 0.5712890625 0.05078125 0.0224609375 0.0224609375 
0 0.484375 0.6396484375 0.0224609375 0.0224609375 
0 0.3515625 0.1875 0.021484375 0.021484375 
0 0.3388671875 0.33203125 0.021484375 0.021484375 
0 0.443359375 0.6630859375 0.021484375 0.021484375 
