0 0.4189453125 0.33203125 0.0234375 0.0234375 
0 0.41015625 0.6474609375 0.0224609375 0.0224609375 
0 0.2978515625 0.0986328125 0.021484375 0.021484375 
1 0.453125 0.6357421875 0.0224609375 0.0224609375 
0 0.2919921875 0.064453125 0.021484375 0.021484375 
0 0.44921875 0.3681640625 0.021484375 0.021484375 
0 0.3759765625 0.33984375 0.0224609375 0.0224609375 
1 0.44921875 0.4697265625 0.021484375 0.021484375 
0 0.4345703125 0.494140625 0.0234375 0.0234375 
1 0.5498046875 0.46875 0.021484375 0.021484375 
1 0.5283203125 0.3173828125 0.021484375 0.021484375 
1 0.525390625 0.2734375 0.0224609375 0.0224609375 
0 0.556640625 0.0546875 0.021484375 0.021484375 
0 0.51171875 0.7646484375 0.0224609375 0.0224609375 
0 0.4775390625 0.615234375 0.0234375 0.0234375 
0 0.6171875 0.2294921875 0.021484375 0.021484375 
0 0.326171875 0.0400390625 0.021484375 0.021484375 
0 0.443359375 0.7177734375 0.0234375 0.0234375 
0 0.408203125 0.169921875 0.0234375 0.0234375 
0 0.3486328125 0.1904296875 0.021484375 0.021484375 
0 0.556640625 0.6181640625 0.021484375 0.021484375 
0 0.5009765625 0.2724609375 0.021484375 0.021484375 
0 0.5615234375 0.2119140625 0.0224609375 0.0224609375 
0 0.47265625 0.23828125 0.021484375 0.021484375 
1 0.4482421875 0.0986328125 0.021484375 0.021484375 
1 0.587890625 0.5361328125 0.021484375 0.021484375 
0 0.6689453125 0.232421875 0.0234375 0.0234375 
1 0.3857421875 0.150390625 0.021484375 0.021484375 
0 0.4013671875 0.2578125 0.021484375 0.021484375 
0 0.5146484375 0.548828125 0.0234375 0.0234375 
1 0.47265625 0.6943359375 0.021484375 0.021484375 
0 0.447265625 0.66015625 0.0234375 0.0234375 
0 0.50390625 0.15625 0.021484375 0.021484375 
0 0.6748046875 0.1005859375 0.0234375 0.0234375 
0 0.591796875 0.5517578125 0.021484375 0.021484375 
1 0.4150390625 0.2900390625 0.021484375 0.021484375 
0 0.5263671875 0.4736328125 0.0234375 0.0234375 
1 0.36328125 0.43359375 0.021484375 0.021484375 
1 0.4521484375 0.1591796875 0.0224609375 0.0224609375 
0 0.52734375 0.5166015625 0.0234375 0.0234375 
0 0.2900390625 0.0341796875 0.021484375 0.021484375 
1 0.291015625 0.12890625 0.021484375 0.021484375 
0 0.3583984375 0.2646484375 0.0224609375 0.0224609375 
0 0.5087890625 0.41796875 0.0234375 0.0234375 
1 0.4609375 0.82421875 0.021484375 0.021484375 
0 0.53125 0.78125 0.021484375 0.021484375 
0 0.5126953125 0.8466796875 0.025390625 0.025390625 
1 0.609375 0.1142578125 0.021484375 0.021484375 
1 0.49609375 0.7939453125 0.0234375 0.0234375 
1 0.5615234375 0.482421875 0.021484375 0.021484375 
0 0.52734375 0.125 0.021484375 0.021484375 
0 0.4541015625 0.142578125 0.021484375 0.021484375 
0 0.3984375 0.32421875 0.021484375 0.021484375 
0 0.4599609375 0.8681640625 0.021484375 0.021484375 
0 0.583984375 0.3759765625 0.021484375 0.021484375 
1 0.330078125 0.150390625 0.021484375 0.021484375 
0 0.619140625 0.46875 0.021484375 0.021484375 
0 0.5009765625 0.703125 0.0234375 0.0234375 
1 0.6767578125 0.212890625 0.021484375 0.021484375 
0 0.34375 0.1748046875 0.0234375 0.0234375 
0 0.48046875 0.7802734375 0.0224609375 0.0224609375 
0 0.6435546875 0.2236328125 0.0234375 0.0234375 
1 0.4521484375 0.1162109375 0.021484375 0.021484375 
0 0.5078125 0.4921875 0.0234375 0.0234375 
0 0.5419921875 0.3955078125 0.0234375 0.0234375 
0 0.5390625 0.0966796875 0.021484375 0.021484375 
0 0.6337890625 0.1416015625 0.021484375 0.021484375 
0 0.2822265625 0.099609375 0.021484375 0.021484375 
1 0.529296875 0.1494140625 0.0224609375 0.0224609375 
1 0.658203125 0.1279296875 0.021484375 0.021484375 
1 0.5478515625 0.54296875 0.021484375 0.021484375 
0 0.4912109375 0.6591796875 0.0234375 0.0234375 
0 0.349609375 0.390625 0.021484375 0.021484375 
1 0.5400390625 0.328125 0.021484375 0.021484375 
0 0.505859375 0.173828125 0.021484375 0.021484375 
0 0.5751953125 0.46484375 0.0234375 0.0234375 
1 0.595703125 0.1806640625 0.0224609375 0.0224609375 
0 0.490234375 0.626953125 0.021484375 0.021484375 
0 0.5693359375 0.0888671875 0.0234375 0.0234375 
1 0.3779296875 0.2626953125 0.021484375 0.021484375 
0 0.6181640625 0.248046875 0.021484375 0.021484375 
0 0.49609375 0.40234375 0.0234375 0.0234375 
0 0.4755859375 0.5810546875 0.021484375 0.021484375 
0 0.3779296875 0.4970703125 0.0234375 0.0234375 
0 0.490234375 0.29296875 0.021484375 0.021484375 
0 0.515625 0.0498046875 0.0234375 0.0234375 
0 0.4287109375 0.177734375 0.0234375 0.0234375 
0 0.5625 0.4072265625 0.0234375 0.0234375 
0 0.4443359375 0.505859375 0.0234375 0.0234375 
1 0.6201171875 0.38671875 0.021484375 0.021484375 
1 0.4775390625 0.505859375 0.0224609375 0.0224609375 
1 0.5400390625 0.73828125 0.0224609375 0.0224609375 
0 0.54296875 0.037109375 0.0234375 0.0234375 
0 0.6396484375 0.177734375 0.021484375 0.021484375 
0 0.4453125 0.2900390625 0.021484375 0.021484375 
1 0.64453125 0.2685546875 0.021484375 0.021484375 
0 0.41796875 0.50390625 0.0234375 0.0234375 
1 0.6240234375 0.26171875 0.0224609375 0.0224609375 
0 0.490234375 0.3681640625 0.0234375 0.0234375 
0 0.44921875 0.59375 0.021484375 0.021484375 
1 0.607421875 0.5244140625 0.0224609375 0.0224609375 
0 0.44140625 0.693359375 0.0234375 0.0234375 
0 0.4931640625 0.05859375 0.021484375 0.021484375 
0 0.3212890625 0.2470703125 0.021484375 0.021484375 
0 0.703125 0.111328125 0.021484375 0.021484375 
1 0.6494140625 0.1611328125 0.021484375 0.021484375 
0 0.4150390625 0.599609375 0.0224609375 0.0224609375 
1 0.63671875 0.1171875 0.021484375 0.021484375 
0 0.34765625 0.2880859375 0.021484375 0.021484375 
0 0.5390625 0.4921875 0.021484375 0.021484375 
0 0.34765625 0.3408203125 0.0234375 0.0234375 
1 0.6201171875 0.4912109375 0.0224609375 0.0224609375 
1 0.6611328125 0.1494140625 0.0224609375 0.0224609375 
1 0.380859375 0.3095703125 0.021484375 0.021484375 
0 0.5478515625 0.67578125 0.021484375 0.021484375 
0 0.6455078125 0.330078125 0.021484375 0.021484375 
1 0.4765625 0.03515625 0.0224609375 0.0224609375 
0 0.5361328125 0.5888671875 0.0234375 0.0234375 
0 0.419921875 0.109375 0.0234375 0.0234375 
0 0.427734375 0.6591796875 0.0234375 0.0234375 
1 0.521484375 0.1884765625 0.021484375 0.021484375 
0 0.302734375 0.0439453125 0.021484375 0.021484375 
0 0.5390625 0.7041015625 0.0224609375 0.0224609375 
0 0.4560546875 0.7080078125 0.021484375 0.021484375 
1 0.650390625 0.2822265625 0.021484375 0.021484375 
0 0.6181640625 0.0927734375 0.021484375 0.021484375 
0 0.349609375 0.125 0.021484375 0.021484375 
0 0.4560546875 0.251953125 0.021484375 0.021484375 
0 0.470703125 0.2705078125 0.0224609375 0.0224609375 
0 0.4306640625 0.43359375 0.0234375 0.0234375 
0 0.470703125 0.642578125 0.0234375 0.0234375 
1 0.6171875 0.294921875 0.0224609375 0.0224609375 
0 0.59375 0.0380859375 0.0234375 0.0234375 
1 0.580078125 0.623046875 0.021484375 0.021484375 
0 0.4375 0.046875 0.0234375 0.0234375 
0 0.552734375 0.3125 0.0234375 0.0234375 
1 0.6767578125 0.0849609375 0.021484375 0.021484375 
0 0.4833984375 0.205078125 0.021484375 0.021484375 
0 0.5673828125 0.5693359375 0.0224609375 0.0224609375 
0 0.4814453125 0.251953125 0.021484375 0.021484375 
0 0.3046875 0.171875 0.0224609375 0.0224609375 
1 0.5234375 0.6708984375 0.021484375 0.021484375 
0 0.404296875 0.0888671875 0.021484375 0.021484375 
1 0.4541015625 0.763671875 0.0234375 0.0234375 
0 0.45703125 0.4931640625 0.021484375 0.021484375 
1 0.5791015625 0.279296875 0.021484375 0.021484375 
1 0.3603515625 0.078125 0.021484375 0.021484375 
0 0.5078125 0.6640625 0.021484375 0.021484375 
0 0.4443359375 0.23828125 0.021484375 0.021484375 
0 0.64453125 0.37109375 0.0234375 0.0234375 
0 0.3271484375 0.11328125 0.0224609375 0.0224609375 
0 0.326171875 0.2861328125 0.021484375 0.021484375 
0 0.509765625 0.228515625 0.0234375 0.0234375 
0 0.435546875 0.7646484375 0.0224609375 0.0224609375 
0 0.5576171875 0.1513671875 0.0234375 0.0234375 
0 0.7080078125 0.0966796875 0.021484375 0.021484375 
0 0.5283203125 0.078125 0.0234375 0.0234375 
0 0.5009765625 0.4736328125 0.021484375 0.021484375 
0 0.568359375 0.6875 0.021484375 0.021484375 
0 0.4296875 0.271484375 0.0234375 0.0234375 
0 0.580078125 0.2431640625 0.021484375 0.021484375 
0 0.3671875 0.3984375 0.021484375 0.021484375 
0 0.4501953125 0.8037109375 0.0224609375 0.0224609375 
1 0.568359375 0.640625 0.021484375 0.021484375 
0 0.58203125 0.494140625 0.021484375 0.021484375 
0 0.521484375 0.2978515625 0.0234375 0.0234375 
0 0.400390625 0.580078125 0.0234375 0.0234375 
0 0.4501953125 0.546875 0.021484375 0.021484375 
0 0.5654296875 0.333984375 0.021484375 0.021484375 
1 0.4677734375 0.458984375 0.0224609375 0.0224609375 
1 0.3193359375 0.22265625 0.021484375 0.021484375 
0 0.53125 0.556640625 0.021484375 0.021484375 
0 0.54296875 0.1640625 0.0234375 0.0234375 
1 0.326171875 0.0625 0.021484375 0.021484375 
0 0.5 0.861328125 0.025390625 0.025390625 
0 0.6904296875 0.1337890625 0.021484375 0.021484375 
0 0.6865234375 0.06640625 0.0234375 0.0234375 
0 0.548828125 0.578125 0.021484375 0.021484375 
0 0.54296875 0.822265625 0.0224609375 0.0224609375 
0 0.470703125 0.845703125 0.0234375 0.0234375 
1 0.337890625 0.3056640625 0.0224609375 0.0224609375 
1 0.4765625 0.47265625 0.021484375 0.021484375 
0 0.6884765625 0.1669921875 0.021484375 0.021484375 
0 0.4912109375 0.3369140625 0.0234375 0.0234375 
1 0.4228515625 0.5615234375 0.021484375 0.021484375 
0 0.466796875 0.896484375 0.021484375 0.021484375 
1 0.361328125 0.3798828125 0.0224609375 0.0224609375 
0 0.333984375 0.2080078125 0.021484375 0.021484375 
0 0.3720703125 0.1005859375 0.021484375 0.021484375 
1 0.4072265625 0.4140625 0.0224609375 0.0224609375 
0 0.5751953125 0.2646484375 0.021484375 0.021484375 
0 0.5537109375 0.5927734375 0.0234375 0.0234375 
1 0.3388671875 0.08984375 0.021484375 0.021484375 
0 0.353515625 0.1591796875 0.021484375 0.021484375 
0 0.4931640625 0.44140625 0.021484375 0.021484375 
1 0.56640625 0.0380859375 0.0224609375 0.0224609375 
0 0.560546875 0.2724609375 0.021484375 0.021484375 
0 0.6513671875 0.080078125 0.0224609375 0.0224609375 
