0 0.4853515625 0.23828125 0.021484375 0.021484375 
1 0.599609375 0.18359375 0.021484375 0.021484375 
0 0.3232421875 0.224609375 0.021484375 0.021484375 
0 0.404296875 0.203125 0.021484375 0.021484375 
1 0.5234375 0.0439453125 0.021484375 0.021484375 
0 0.484375 0.833984375 0.01953125 0.01953125 
0 0.5654296875 0.068359375 0.0234375 0.0234375 
0 0.3603515625 0.1064453125 0.021484375 0.021484375 
0 0.490234375 0.0732421875 0.021484375 0.021484375 
0 0.4697265625 0.544921875 0.021484375 0.021484375 
0 0.56640625 0.720703125 0.0234375 0.0234375 
1 0.6083984375 0.4892578125 0.0224609375 0.0224609375 
0 0.580078125 0.6328125 0.0234375 0.0234375 
0 0.3974609375 0.1123046875 0.021484375 0.021484375 
0 0.341796875 0.1005859375 0.0234375 0.0234375 
1 0.6064453125 0.337890625 0.0224609375 0.0224609375 
1 0.3388671875 0.0703125 0.021484375 0.021484375 
0 0.4423828125 0.09765625 0.021484375 0.021484375 
1 0.4697265625 0.40234375 0.021484375 0.021484375 
1 0.5078125 0.2802734375 0.021484375 0.021484375 
0 0.3154296875 0.162109375 0.0234375 0.0234375 
0 0.373046875 0.0400390625 0.0234375 0.0234375 
0 0.4365234375 0.396484375 0.0234375 0.0234375 
0 0.453125 0.369140625 0.0224609375 0.0224609375 
0 0.5244140625 0.3427734375 0.0234375 0.0234375 
0 0.4970703125 0.15234375 0.021484375 0.021484375 
0 0.3779296875 0.1171875 0.0234375 0.0234375 
0 0.5634765625 0.404296875 0.021484375 0.021484375 
0 0.4091796875 0.494140625 0.021484375 0.021484375 
0 0.3935546875 0.4267578125 0.0234375 0.0234375 
0 0.48828125 0.4912109375 0.021484375 0.021484375 
1 0.625 0.4052734375 0.021484375 0.021484375 
0 0.5869140625 0.4091796875 0.021484375 0.021484375 
0 0.48046875 0.8779296875 0.0234375 0.0234375 
0 0.3935546875 0.09765625 0.0234375 0.0234375 
0 0.3818359375 0.2841796875 0.021484375 0.021484375 
1 0.6552734375 0.0498046875 0.0224609375 0.0224609375 
0 0.5556640625 0.4892578125 0.0234375 0.0234375 
0 0.421875 0.7119140625 0.0234375 0.0234375 
0 0.380859375 0.1943359375 0.021484375 0.021484375 
0 0.3818359375 0.5078125 0.0234375 0.0234375 
0 0.65625 0.216796875 0.021484375 0.021484375 
0 0.49609375 0.3466796875 0.021484375 0.021484375 
1 0.4501953125 0.2490234375 0.021484375 0.021484375 
0 0.3505859375 0.1298828125 0.0224609375 0.0224609375 
0 0.3779296875 0.31640625 0.021484375 0.021484375 
0 0.4736328125 0.65625 0.0224609375 0.0224609375 
0 0.4853515625 0.798828125 0.0224609375 0.0224609375 
1 0.626953125 0.1591796875 0.0224609375 0.0224609375 
0 0.556640625 0.3232421875 0.021484375 0.021484375 
0 0.44140625 0.267578125 0.021484375 0.021484375 
1 0.6240234375 0.3876953125 0.021484375 0.021484375 
0 0.615234375 0.25 0.0234375 0.0234375 
0 0.421875 0.193359375 0.021484375 0.021484375 
0 0.6474609375 0.1220703125 0.021484375 0.021484375 
0 0.3017578125 0.0595703125 0.0224609375 0.0224609375 
1 0.57421875 0.6123046875 0.021484375 0.021484375 
0 0.4716796875 0.8935546875 0.0224609375 0.0224609375 
0 0.650390625 0.248046875 0.021484375 0.021484375 
0 0.4130859375 0.1494140625 0.0224609375 0.0224609375 
0 0.5048828125 0.1201171875 0.0234375 0.0234375 
0 0.5146484375 0.6806640625 0.0234375 0.0234375 
0 0.361328125 0.3203125 0.021484375 0.021484375 
1 0.58984375 0.2958984375 0.021484375 0.021484375 
0 0.482421875 0.5185546875 0.021484375 0.021484375 
0 0.390625 0.564453125 0.0234375 0.0234375 
1 0.5908203125 0.5107421875 0.021484375 0.021484375 
0 0.4560546875 0.064453125 0.021484375 0.021484375 
0 0.4189453125 0.0400390625 0.0224609375 0.0224609375 
1 0.4658203125 0.859375 0.0234375 0.0234375 
1 0.576171875 0.4970703125 0.0224609375 0.0224609375 
0 0.6171875 0.0419921875 0.0224609375 0.0224609375 
1 0.5615234375 0.4423828125 0.0224609375 0.0224609375 
0 0.6318359375 0.2333984375 0.021484375 0.021484375 
0 0.5771484375 0.1689453125 0.021484375 0.021484375 
0 0.51953125 0.6357421875 0.0224609375 0.0224609375 
0 0.34765625 0.1669921875 0.0224609375 0.0224609375 
1 0.6171875 0.080078125 0.021484375 0.021484375 
0 0.35546875 0.41796875 0.0234375 0.0234375 
0 0.5234375 0.13671875 0.021484375 0.021484375 
1 0.423828125 0.650390625 0.0224609375 0.0224609375 
0 0.5341796875 0.46875 0.021484375 0.021484375 
1 0.521484375 0.853515625 0.0234375 0.0234375 
0 0.4794921875 0.0380859375 0.021484375 0.021484375 
0 0.5927734375 0.197265625 0.021484375 0.021484375 
0 0.5009765625 0.4189453125 0.021484375 0.021484375 
0 0.408203125 0.3291015625 0.021484375 0.021484375 
0 0.509765625 0.1806640625 0.0224609375 0.0224609375 
1 0.5087890625 0.78515625 0.021484375 0.021484375 
0 0.4912109375 0.4052734375 0.0234375 0.0234375 
0 0.6025390625 0.1474609375 0.021484375 0.021484375 
0 0.4453125 0.6484375 0.021484375 0.021484375 
0 0.4775390625 0.3828125 0.021484375 0.021484375 
0 0.6025390625 0.568359375 0.021484375 0.021484375 
0 0.443359375 0.599609375 0.0234375 0.0234375 
0 0.646484375 0.1728515625 0.021484375 0.021484375 
0 0.5205078125 0.3974609375 0.0234375 0.0234375 
0 0.525390625 0.7001953125 0.021484375 0.021484375 
1 0.57421875 0.0478515625 0.021484375 0.021484375 
0 0.5703125 0.5419921875 0.021484375 0.021484375 
1 0.58984375 0.6474609375 0.021484375 0.021484375 
0 0.595703125 0.4248046875 0.021484375 0.021484375 
0 0.3935546875 0.5478515625 0.021484375 0.021484375 
0 0.431640625 0.3583984375 0.0234375 0.0234375 
1 0.44140625 0.1181640625 0.021484375 0.021484375 
0 0.4189453125 0.220703125 0.021484375 0.021484375 
1 0.3427734375 0.0498046875 0.021484375 0.021484375 
0 0.4306640625 0.2900390625 0.0234375 0.0234375 
0 0.5 0.3076171875 0.021484375 0.021484375 
1 0.5185546875 0.3076171875 0.021484375 0.021484375 
1 0.525390625 0.1884765625 0.021484375 0.021484375 
