0 0.4296875 0.1337890625 0.021484375 0.021484375 
0 0.51953125 0.7392578125 0.021484375 0.021484375 
0 0.37109375 0.1376953125 0.021484375 0.021484375 
0 0.677734375 0.23828125 0.0224609375 0.0224609375 
0 0.609375 0.4677734375 0.021484375 0.021484375 
0 0.2880859375 0.1318359375 0.0234375 0.0234375 
1 0.353515625 0.2734375 0.0224609375 0.0224609375 
0 0.6181640625 0.0625 0.021484375 0.021484375 
0 0.3994140625 0.5615234375 0.0234375 0.0234375 
0 0.5673828125 0.72265625 0.0234375 0.0234375 
0 0.4638671875 0.857421875 0.01953125 0.01953125 
0 0.3359375 0.3154296875 0.021484375 0.021484375 
0 0.5830078125 0.5634765625 0.0234375 0.0234375 
0 0.5185546875 0.4482421875 0.0234375 0.0234375 
0 0.4833984375 0.3701171875 0.0224609375 0.0224609375 
0 0.443359375 0.2548828125 0.0234375 0.0234375 
0 0.4404296875 0.1513671875 0.021484375 0.021484375 
0 0.3388671875 0.25390625 0.0234375 0.0234375 
0 0.58203125 0.1787109375 0.0224609375 0.0224609375 
0 0.455078125 0.0517578125 0.021484375 0.021484375 
1 0.603515625 0.361328125 0.021484375 0.021484375 
0 0.5205078125 0.033203125 0.0224609375 0.0224609375 
1 0.4912109375 0.6826171875 0.021484375 0.021484375 
0 0.615234375 0.39453125 0.021484375 0.021484375 
0 0.5908203125 0.623046875 0.0234375 0.0234375 
0 0.4296875 0.05859375 0.021484375 0.021484375 
0 0.626953125 0.369140625 0.0224609375 0.0224609375 
1 0.6953125 0.0419921875 0.021484375 0.021484375 
1 0.55859375 0.7099609375 0.0224609375 0.0224609375 
1 0.490234375 0.0986328125 0.021484375 0.021484375 
0 0.494140625 0.529296875 0.021484375 0.021484375 
1 0.345703125 0.162109375 0.021484375 0.021484375 
1 0.515625 0.1328125 0.0224609375 0.0224609375 
0 0.5078125 0.798828125 0.0224609375 0.0224609375 
1 0.4384765625 0.5810546875 0.0224609375 0.0224609375 
0 0.61328125 0.21875 0.0224609375 0.0224609375 
0 0.48046875 0.078125 0.0234375 0.0234375 
1 0.3095703125 0.09375 0.021484375 0.021484375 
0 0.552734375 0.53515625 0.0234375 0.0234375 
1 0.5458984375 0.62890625 0.021484375 0.021484375 
0 0.4052734375 0.10546875 0.021484375 0.021484375 
0 0.4677734375 0.607421875 0.0234375 0.0234375 
1 0.61328125 0.283203125 0.021484375 0.021484375 
0 0.5537109375 0.1591796875 0.0234375 0.0234375 
1 0.458984375 0.486328125 0.021484375 0.021484375 
1 0.63671875 0.306640625 0.021484375 0.021484375 
0 0.359375 0.16796875 0.021484375 0.021484375 
1 0.3583984375 0.0849609375 0.021484375 0.021484375 
0 0.4580078125 0.7470703125 0.0234375 0.0234375 
0 0.548828125 0.5087890625 0.021484375 0.021484375 
0 0.521484375 0.7724609375 0.025390625 0.025390625 
0 0.380859375 0.123046875 0.0234375 0.0234375 
1 0.408203125 0.59765625 0.0224609375 0.0224609375 
0 0.4716796875 0.513671875 0.021484375 0.021484375 
0 0.3779296875 0.2568359375 0.021484375 0.021484375 
0 0.3828125 0.19921875 0.021484375 0.021484375 
0 0.3408203125 0.083984375 0.021484375 0.021484375 
1 0.4697265625 0.2255859375 0.021484375 0.021484375 
0 0.3369140625 0.212890625 0.021484375 0.021484375 
0 0.671875 0.0546875 0.0224609375 0.0224609375 
0 0.4052734375 0.21484375 0.021484375 0.021484375 
0 0.5537109375 0.5537109375 0.021484375 0.021484375 
0 0.388671875 0.337890625 0.021484375 0.021484375 
0 0.4228515625 0.3603515625 0.0224609375 0.0224609375 
1 0.5732421875 0.5107421875 0.021484375 0.021484375 
0 0.4384765625 0.2958984375 0.0234375 0.0234375 
1 0.4775390625 0.884765625 0.021484375 0.021484375 
0 0.3984375 0.376953125 0.0224609375 0.0224609375 
0 0.4765625 0.134765625 0.0234375 0.0234375 
0 0.6171875 0.3310546875 0.0224609375 0.0224609375 
0 0.5234375 0.791015625 0.021484375 0.021484375 
0 0.455078125 0.3740234375 0.021484375 0.021484375 
0 0.576171875 0.3193359375 0.021484375 0.021484375 
0 0.3935546875 0.5029296875 0.021484375 0.021484375 
1 0.4521484375 0.1337890625 0.021484375 0.021484375 
0 0.501953125 0.84375 0.01953125 0.01953125 
1 0.6123046875 0.4365234375 0.0224609375 0.0224609375 
1 0.3818359375 0.4853515625 0.0224609375 0.0224609375 
1 0.658203125 0.1708984375 0.021484375 0.021484375 
1 0.4384765625 0.4853515625 0.0224609375 0.0224609375 
0 0.576171875 0.5361328125 0.021484375 0.021484375 
1 0.5458984375 0.3310546875 0.021484375 0.021484375 
0 0.443359375 0.767578125 0.01953125 0.01953125 
1 0.3720703125 0.107421875 0.021484375 0.021484375 
0 0.576171875 0.462890625 0.0234375 0.0234375 
0 0.5419921875 0.04296875 0.0234375 0.0234375 
0 0.5478515625 0.13671875 0.0224609375 0.0224609375 
0 0.5048828125 0.1923828125 0.021484375 0.021484375 
0 0.45703125 0.8193359375 0.021484375 0.021484375 
0 0.4921875 0.2548828125 0.021484375 0.021484375 
0 0.537109375 0.53125 0.0234375 0.0234375 
0 0.3212890625 0.0322265625 0.021484375 0.021484375 
1 0.5078125 0.267578125 0.0224609375 0.0224609375 
0 0.53515625 0.4609375 0.021484375 0.021484375 
1 0.4775390625 0.33984375 0.0224609375 0.0224609375 
0 0.4326171875 0.4140625 0.021484375 0.021484375 
0 0.4677734375 0.4365234375 0.021484375 0.021484375 
1 0.5791015625 0.3828125 0.021484375 0.021484375 
0 0.513671875 0.828125 0.0224609375 0.0224609375 
1 0.6181640625 0.3037109375 0.021484375 0.021484375 
0 0.6015625 0.2509765625 0.021484375 0.021484375 
0 0.4072265625 0.1748046875 0.021484375 0.021484375 
0 0.31640625 0.1533203125 0.021484375 0.021484375 
0 0.5458984375 0.09375 0.021484375 0.021484375 
0 0.3818359375 0.1708984375 0.021484375 0.021484375 
0 0.322265625 0.1025390625 0.021484375 0.021484375 
1 0.669921875 0.091796875 0.021484375 0.021484375 
0 0.6552734375 0.3349609375 0.021484375 0.021484375 
1 0.49609375 0.8232421875 0.021484375 0.021484375 
0 0.353515625 0.2373046875 0.0224609375 0.0224609375 
0 0.4365234375 0.4423828125 0.021484375 0.021484375 
0 0.4013671875 0.4765625 0.0234375 0.0234375 
0 0.474609375 0.544921875 0.021484375 0.021484375 
0 0.37890625 0.2958984375 0.021484375 0.021484375 
0 0.39453125 0.072265625 0.0234375 0.0234375 
1 0.486328125 0.787109375 0.021484375 0.021484375 
0 0.337890625 0.2705078125 0.021484375 0.021484375 
1 0.6279296875 0.2783203125 0.021484375 0.021484375 
1 0.5791015625 0.10546875 0.0224609375 0.0224609375 
0 0.466796875 0.2685546875 0.021484375 0.021484375 
0 0.5234375 0.5107421875 0.021484375 0.021484375 
0 0.5078125 0.6513671875 0.0234375 0.0234375 
0 0.4736328125 0.8408203125 0.0224609375 0.0224609375 
1 0.4423828125 0.5126953125 0.021484375 0.021484375 
0 0.4521484375 0.5498046875 0.021484375 0.021484375 
0 0.31640625 0.1162109375 0.021484375 0.021484375 
0 0.6015625 0.298828125 0.0224609375 0.0224609375 
0 0.4912109375 0.5927734375 0.0234375 0.0234375 
0 0.5908203125 0.4013671875 0.0234375 0.0234375 
0 0.4833984375 0.8017578125 0.0234375 0.0234375 
0 0.552734375 0.576171875 0.021484375 0.021484375 
0 0.62109375 0.498046875 0.021484375 0.021484375 
1 0.4375 0.314453125 0.0224609375 0.0224609375 
0 0.3251953125 0.1943359375 0.0234375 0.0234375 
0 0.298828125 0.1796875 0.021484375 0.021484375 
1 0.4248046875 0.1484375 0.0224609375 0.0224609375 
1 0.44140625 0.2138671875 0.0224609375 0.0224609375 
0 0.5283203125 0.818359375 0.0234375 0.0234375 
1 0.5361328125 0.677734375 0.021484375 0.021484375 
0 0.59375 0.189453125 0.021484375 0.021484375 
