0 0.345703125 0.26171875 0.021484375 0.021484375 
1 0.4990234375 0.6591796875 0.0224609375 0.0224609375 
0 0.43359375 0.1533203125 0.0234375 0.0234375 
1 0.5615234375 0.2626953125 0.0224609375 0.0224609375 
0 0.453125 0.3544921875 0.021484375 0.021484375 
0 0.4990234375 0.5595703125 0.0234375 0.0234375 
0 0.5556640625 0.47265625 0.021484375 0.021484375 
1 0.560546875 0.375 0.021484375 0.021484375 
0 0.4814453125 0.80078125 0.0224609375 0.0224609375 
1 0.50390625 0.1611328125 0.021484375 0.021484375 
1 0.462890625 0.154296875 0.021484375 0.021484375 
1 0.6123046875 0.5263671875 0.021484375 0.021484375 
0 0.6083984375 0.05859375 0.0224609375 0.0224609375 
1 0.603515625 0.2802734375 0.021484375 0.021484375 
1 0.2919921875 0.13671875 0.0224609375 0.0224609375 
0 0.525390625 0.5166015625 0.021484375 0.021484375 
0 0.53515625 0.7001953125 0.021484375 0.021484375 
1 0.580078125 0.1884765625 0.021484375 0.021484375 
0 0.611328125 0.16015625 0.021484375 0.021484375 
0 0.5107421875 0.19140625 0.021484375 0.021484375 
0 0.38671875 0.228515625 0.0234375 0.0234375 
1 0.638671875 0.234375 0.0224609375 0.0224609375 
0 0.3154296875 0.1455078125 0.0234375 0.0234375 
1 0.3701171875 0.1240234375 0.021484375 0.021484375 
0 0.427734375 0.5751953125 0.021484375 0.021484375 
1 0.5361328125 0.42578125 0.021484375 0.021484375 
0 0.4267578125 0.30078125 0.021484375 0.021484375 
0 0.6240234375 0.455078125 0.0234375 0.0234375 
1 0.62109375 0.4404296875 0.021484375 0.021484375 
1 0.3564453125 0.2412109375 0.0224609375 0.0224609375 
0 0.4677734375 0.640625 0.0234375 0.0234375 
0 0.302734375 0.076171875 0.0234375 0.0234375 
0 0.419921875 0.1259765625 0.0234375 0.0234375 
1 0.5361328125 0.3427734375 0.0224609375 0.0224609375 
1 0.4599609375 0.7578125 0.0234375 0.0234375 
0 0.3671875 0.22265625 0.021484375 0.021484375 
1 0.4951171875 0.6279296875 0.0224609375 0.0224609375 
1 0.6796875 0.07421875 0.0224609375 0.0224609375 
0 0.396484375 0.056640625 0.021484375 0.021484375 
0 0.33984375 0.111328125 0.021484375 0.021484375 
1 0.4287109375 0.6708984375 0.021484375 0.021484375 
0 0.4619140625 0.8134765625 0.025390625 0.025390625 
1 0.33984375 0.0458984375 0.021484375 0.021484375 
0 0.4296875 0.5205078125 0.0224609375 0.0224609375 
0 0.5126953125 0.3779296875 0.021484375 0.021484375 
0 0.4326171875 0.5419921875 0.021484375 0.021484375 
0 0.3759765625 0.1728515625 0.0224609375 0.0224609375 
0 0.658203125 0.16015625 0.021484375 0.021484375 
0 0.5 0.125 0.021484375 0.021484375 
0 0.427734375 0.0830078125 0.0234375 0.0234375 
0 0.4892578125 0.876953125 0.0234375 0.0234375 
0 0.5791015625 0.21484375 0.021484375 0.021484375 
1 0.470703125 0.0771484375 0.0224609375 0.0224609375 
1 0.5146484375 0.6796875 0.021484375 0.021484375 
1 0.5673828125 0.0625 0.0224609375 0.0224609375 
0 0.4033203125 0.1083984375 0.0234375 0.0234375 
0 0.44140625 0.1298828125 0.0234375 0.0234375 
0 0.4501953125 0.658203125 0.021484375 0.021484375 
0 0.6328125 0.2822265625 0.021484375 0.021484375 
0 0.376953125 0.443359375 0.0224609375 0.0224609375 
0 0.44921875 0.76953125 0.0224609375 0.0224609375 
0 0.6123046875 0.21484375 0.021484375 0.021484375 
0 0.5029296875 0.869140625 0.0224609375 0.0224609375 
1 0.4609375 0.0927734375 0.021484375 0.021484375 
1 0.6005859375 0.365234375 0.021484375 0.021484375 
0 0.6611328125 0.3115234375 0.021484375 0.021484375 
0 0.5498046875 0.3125 0.0234375 0.0234375 
1 0.486328125 0.68359375 0.021484375 0.021484375 
1 0.5498046875 0.8046875 0.021484375 0.021484375 
0 0.580078125 0.076171875 0.0234375 0.0234375 
0 0.466796875 0.322265625 0.021484375 0.021484375 
1 0.5146484375 0.5419921875 0.021484375 0.021484375 
0 0.4619140625 0.1357421875 0.0224609375 0.0224609375 
0 0.4130859375 0.3603515625 0.021484375 0.021484375 
0 0.4501953125 0.6220703125 0.0234375 0.0234375 
0 0.6123046875 0.423828125 0.0224609375 0.0224609375 
1 0.5908203125 0.40234375 0.021484375 0.021484375 
0 0.60546875 0.1962890625 0.021484375 0.021484375 
1 0.4921875 0.298828125 0.0224609375 0.0224609375 
0 0.31640625 0.2265625 0.021484375 0.021484375 
0 0.443359375 0.3037109375 0.021484375 0.021484375 
0 0.51953125 0.7470703125 0.021484375 0.021484375 
1 0.654296875 0.083984375 0.0224609375 0.0224609375 
1 0.34765625 0.16015625 0.021484375 0.021484375 
0 0.4951171875 0.1826171875 0.021484375 0.021484375 
0 0.6259765625 0.298828125 0.0224609375 0.0224609375 
1 0.44921875 0.6416015625 0.021484375 0.021484375 
0 0.685546875 0.1357421875 0.0234375 0.0234375 
1 0.5478515625 0.515625 0.021484375 0.021484375 
0 0.5625 0.5498046875 0.0234375 0.0234375 
0 0.4814453125 0.0908203125 0.0224609375 0.0224609375 
1 0.5126953125 0.060546875 0.0224609375 0.0224609375 
1 0.654296875 0.1826171875 0.021484375 0.021484375 
0 0.5791015625 0.533203125 0.0234375 0.0234375 
0 0.419921875 0.4365234375 0.021484375 0.021484375 
0 0.47265625 0.61328125 0.0234375 0.0234375 
1 0.45703125 0.6923828125 0.021484375 0.021484375 
1 0.63671875 0.3349609375 0.021484375 0.021484375 
1 0.431640625 0.330078125 0.0224609375 0.0224609375 
0 0.529296875 0.17578125 0.021484375 0.021484375 
0 0.4755859375 0.34375 0.021484375 0.021484375 
1 0.58203125 0.630859375 0.021484375 0.021484375 
0 0.6171875 0.2470703125 0.021484375 0.021484375 
0 0.458984375 0.3056640625 0.021484375 0.021484375 
0 0.517578125 0.0908203125 0.021484375 0.021484375 
1 0.5712890625 0.345703125 0.021484375 0.021484375 
0 0.4248046875 0.19140625 0.0234375 0.0234375 
0 0.4208984375 0.04296875 0.021484375 0.021484375 
0 0.40625 0.5927734375 0.021484375 0.021484375 
0 0.5400390625 0.5517578125 0.0224609375 0.0224609375 
0 0.419921875 0.5986328125 0.0234375 0.0234375 
0 0.6337890625 0.1044921875 0.021484375 0.021484375 
1 0.513671875 0.486328125 0.021484375 0.021484375 
0 0.55078125 0.07421875 0.0234375 0.0234375 
0 0.3876953125 0.1875 0.0234375 0.0234375 
0 0.6337890625 0.2587890625 0.021484375 0.021484375 
0 0.546875 0.7373046875 0.021484375 0.021484375 
0 0.6455078125 0.0361328125 0.021484375 0.021484375 
0 0.4306640625 0.3857421875 0.0234375 0.0234375 
0 0.52734375 0.2001953125 0.0234375 0.0234375 
0 0.572265625 0.73046875 0.021484375 0.021484375 
1 0.390625 0.5078125 0.021484375 0.021484375 
0 0.4736328125 0.5517578125 0.0234375 0.0234375 
0 0.6689453125 0.087890625 0.0234375 0.0234375 
0 0.5283203125 0.0322265625 0.0224609375 0.0224609375 
1 0.583984375 0.4228515625 0.021484375 0.021484375 
0 0.587890625 0.486328125 0.0234375 0.0234375 
0 0.4755859375 0.2158203125 0.0234375 0.0234375 
0 0.494140625 0.47265625 0.021484375 0.021484375 
0 0.2822265625 0.0478515625 0.0234375 0.0234375 
0 0.458984375 0.3896484375 0.0234375 0.0234375 
0 0.6796875 0.1513671875 0.0224609375 0.0224609375 
0 0.4375 0.6875 0.0224609375 0.0224609375 
1 0.3818359375 0.2734375 0.021484375 0.021484375 
0 0.3916015625 0.53515625 0.021484375 0.021484375 
0 0.5595703125 0.2783203125 0.0234375 0.0234375 
1 0.5693359375 0.658203125 0.0224609375 0.0224609375 
0 0.4677734375 0.373046875 0.0224609375 0.0224609375 
0 0.3984375 0.564453125 0.0224609375 0.0224609375 
0 0.6708984375 0.205078125 0.021484375 0.021484375 
0 0.380859375 0.1435546875 0.0234375 0.0234375 
0 0.333984375 0.13671875 0.0234375 0.0234375 
0 0.55859375 0.70703125 0.021484375 0.021484375 
1 0.408203125 0.2646484375 0.0224609375 0.0224609375 
0 0.470703125 0.568359375 0.021484375 0.021484375 
1 0.5810546875 0.3046875 0.021484375 0.021484375 
1 0.3173828125 0.255859375 0.021484375 0.021484375 
1 0.5732421875 0.1669921875 0.0224609375 0.0224609375 
0 0.51953125 0.2255859375 0.021484375 0.021484375 
0 0.453125 0.2216796875 0.0234375 0.0234375 
0 0.4873046875 0.8583984375 0.0234375 0.0234375 
0 0.447265625 0.490234375 0.0234375 0.0234375 
