0 0.3740234375 0.48046875 0.021484375 0.021484375 
0 0.669921875 0.224609375 0.021484375 0.021484375 
0 0.4111328125 0.615234375 0.0234375 0.0234375 
0 0.5625 0.1767578125 0.0234375 0.0234375 
0 0.5244140625 0.3369140625 0.021484375 0.021484375 
0 0.51171875 0.0986328125 0.021484375 0.021484375 
0 0.662109375 0.27734375 0.021484375 0.021484375 
0 0.568359375 0.552734375 0.021484375 0.021484375 
0 0.560546875 0.26953125 0.0234375 0.0234375 
1 0.4921875 0.6669921875 0.021484375 0.021484375 
1 0.43359375 0.681640625 0.0224609375 0.0224609375 
1 0.31640625 0.1708984375 0.021484375 0.021484375 
0 0.4443359375 0.16015625 0.021484375 0.021484375 
1 0.6044921875 0.302734375 0.0224609375 0.0224609375 
0 0.458984375 0.5849609375 0.021484375 0.021484375 
0 0.2744140625 0.046875 0.0234375 0.0234375 
0 0.513671875 0.25 0.021484375 0.021484375 
0 0.390625 0.0673828125 0.0234375 0.0234375 
0 0.4716796875 0.333984375 0.021484375 0.021484375 
0 0.56640625 0.1376953125 0.0224609375 0.0224609375 
0 0.5126953125 0.6162109375 0.0224609375 0.0224609375 
0 0.4658203125 0.0927734375 0.0224609375 0.0224609375 
0 0.6435546875 0.3359375 0.021484375 0.021484375 
1 0.5009765625 0.5166015625 0.021484375 0.021484375 
0 0.5390625 0.5927734375 0.021484375 0.021484375 
0 0.5341796875 0.30078125 0.021484375 0.021484375 
0 0.611328125 0.3544921875 0.021484375 0.021484375 
0 0.603515625 0.373046875 0.0224609375 0.0224609375 
1 0.357421875 0.1435546875 0.0224609375 0.0224609375 
0 0.568359375 0.4404296875 0.021484375 0.021484375 
0 0.349609375 0.3525390625 0.0234375 0.0234375 
1 0.654296875 0.1640625 0.021484375 0.021484375 
1 0.4306640625 0.041015625 0.0224609375 0.0224609375 
0 0.5478515625 0.8310546875 0.021484375 0.021484375 
0 0.6474609375 0.3154296875 0.0234375 0.0234375 
0 0.5673828125 0.6533203125 0.0234375 0.0234375 
0 0.3671875 0.3486328125 0.0234375 0.0234375 
0 0.6357421875 0.2451171875 0.0234375 0.0234375 
1 0.3779296875 0.201171875 0.021484375 0.021484375 
1 0.44921875 0.267578125 0.021484375 0.021484375 
0 0.5068359375 0.5517578125 0.021484375 0.021484375 
0 0.53515625 0.7236328125 0.0224609375 0.0224609375 
0 0.43359375 0.650390625 0.021484375 0.021484375 
0 0.5048828125 0.681640625 0.021484375 0.021484375 
0 0.3798828125 0.234375 0.0234375 0.0234375 
1 0.4794921875 0.552734375 0.021484375 0.021484375 
0 0.5361328125 0.892578125 0.01953125 0.01953125 
1 0.443359375 0.3427734375 0.021484375 0.021484375 
0 0.673828125 0.1298828125 0.021484375 0.021484375 
0 0.4453125 0.3896484375 0.0224609375 0.0224609375 
0 0.623046875 0.083984375 0.021484375 0.021484375 
0 0.47265625 0.0751953125 0.021484375 0.021484375 
0 0.505859375 0.2333984375 0.021484375 0.021484375 
1 0.6298828125 0.3935546875 0.021484375 0.021484375 
0 0.498046875 0.794921875 0.0234375 0.0234375 
0 0.6015625 0.5771484375 0.021484375 0.021484375 
1 0.546875 0.6953125 0.021484375 0.021484375 
0 0.4296875 0.6982421875 0.021484375 0.021484375 
0 0.515625 0.1162109375 0.021484375 0.021484375 
0 0.59375 0.2099609375 0.0224609375 0.0224609375 
0 0.5517578125 0.4326171875 0.021484375 0.021484375 
0 0.4189453125 0.2216796875 0.021484375 0.021484375 
0 0.486328125 0.3251953125 0.021484375 0.021484375 
0 0.4443359375 0.49609375 0.0234375 0.0234375 
0 0.2822265625 0.1015625 0.021484375 0.021484375 
0 0.576171875 0.4755859375 0.0234375 0.0234375 
1 0.4208984375 0.35546875 0.021484375 0.021484375 
0 0.458984375 0.1875 0.021484375 0.021484375 
1 0.4794921875 0.7529296875 0.021484375 0.021484375 
0 0.5830078125 0.044921875 0.021484375 0.021484375 
0 0.615234375 0.4697265625 0.0234375 0.0234375 
0 0.337890625 0.107421875 0.021484375 0.021484375 
0 0.435546875 0.259765625 0.021484375 0.021484375 
0 0.490234375 0.869140625 0.0224609375 0.0224609375 
0 0.4248046875 0.5888671875 0.021484375 0.021484375 
0 0.41796875 0.1201171875 0.021484375 0.021484375 
0 0.54296875 0.25390625 0.0234375 0.0234375 
1 0.5087890625 0.861328125 0.021484375 0.021484375 
0 0.486328125 0.4072265625 0.0224609375 0.0224609375 
0 0.451171875 0.7646484375 0.01953125 0.01953125 
0 0.6982421875 0.0478515625 0.0224609375 0.0224609375 
0 0.505859375 0.2880859375 0.021484375 0.021484375 
0 0.5283203125 0.69921875 0.021484375 0.021484375 
0 0.42578125 0.4892578125 0.0234375 0.0234375 
1 0.294921875 0.0732421875 0.021484375 0.021484375 
1 0.5625 0.08203125 0.021484375 0.021484375 
0 0.498046875 0.533203125 0.0234375 0.0234375 
1 0.4521484375 0.2412109375 0.021484375 0.021484375 
0 0.5048828125 0.6416015625 0.0224609375 0.0224609375 
1 0.4951171875 0.814453125 0.0234375 0.0234375 
1 0.41796875 0.267578125 0.021484375 0.021484375 
1 0.5390625 0.509765625 0.021484375 0.021484375 
0 0.48828125 0.4609375 0.021484375 0.021484375 
1 0.619140625 0.064453125 0.0224609375 0.0224609375 
0 0.64453125 0.2841796875 0.0234375 0.0234375 
0 0.5146484375 0.490234375 0.0234375 0.0234375 
0 0.455078125 0.0498046875 0.0234375 0.0234375 
0 0.529296875 0.3701171875 0.0234375 0.0234375 
0 0.48828125 0.03125 0.0234375 0.0234375 
0 0.4423828125 0.5771484375 0.0234375 0.0234375 
0 0.576171875 0.1220703125 0.021484375 0.021484375 
0 0.5625 0.330078125 0.021484375 0.021484375 
0 0.34375 0.1689453125 0.021484375 0.021484375 
0 0.5615234375 0.365234375 0.0234375 0.0234375 
0 0.5087890625 0.7685546875 0.021484375 0.021484375 
0 0.466796875 0.27734375 0.0234375 0.0234375 
0 0.4501953125 0.6064453125 0.021484375 0.021484375 
1 0.30859375 0.189453125 0.021484375 0.021484375 
0 0.5537109375 0.193359375 0.0234375 0.0234375 
1 0.40234375 0.1923828125 0.021484375 0.021484375 
0 0.388671875 0.1162109375 0.0234375 0.0234375 
0 0.3896484375 0.0419921875 0.0234375 0.0234375 
0 0.505859375 0.369140625 0.0224609375 0.0224609375 
0 0.5048828125 0.3916015625 0.0234375 0.0234375 
1 0.5537109375 0.1494140625 0.021484375 0.021484375 
0 0.578125 0.1015625 0.021484375 0.021484375 
0 0.51171875 0.216796875 0.021484375 0.021484375 
0 0.697265625 0.078125 0.0224609375 0.0224609375 
0 0.4267578125 0.546875 0.021484375 0.021484375 
0 0.369140625 0.0869140625 0.0224609375 0.0224609375 
1 0.5654296875 0.7626953125 0.0234375 0.0234375 
0 0.5908203125 0.115234375 0.021484375 0.021484375 
