0 0.361328125 0.173828125 0.0234375 0.0234375 
0 0.3974609375 0.396484375 0.021484375 0.021484375 
0 0.46875 0.3994140625 0.0234375 0.0234375 
1 0.580078125 0.1376953125 0.021484375 0.021484375 
0 0.576171875 0.4033203125 0.021484375 0.021484375 
0 0.5224609375 0.2783203125 0.021484375 0.021484375 
1 0.599609375 0.2255859375 0.021484375 0.021484375 
0 0.5068359375 0.076171875 0.021484375 0.021484375 
1 0.59765625 0.2001953125 0.021484375 0.021484375 
0 0.5869140625 0.6640625 0.021484375 0.021484375 
1 0.484375 0.48828125 0.021484375 0.021484375 
0 0.53515625 0.7646484375 0.0234375 0.0234375 
0 0.4443359375 0.470703125 0.0234375 0.0234375 
0 0.5576171875 0.57421875 0.021484375 0.021484375 
0 0.34765625 0.2587890625 0.0234375 0.0234375 
1 0.4677734375 0.2236328125 0.021484375 0.021484375 
0 0.5419921875 0.4658203125 0.021484375 0.021484375 
0 0.595703125 0.47265625 0.0234375 0.0234375 
0 0.42578125 0.5126953125 0.021484375 0.021484375 
0 0.56640625 0.669921875 0.021484375 0.021484375 
0 0.5888671875 0.5810546875 0.021484375 0.021484375 
1 0.490234375 0.53515625 0.0224609375 0.0224609375 
1 0.5205078125 0.6220703125 0.0224609375 0.0224609375 
0 0.5546875 0.0576171875 0.0224609375 0.0224609375 
1 0.5078125 0.4228515625 0.021484375 0.021484375 
0 0.494140625 0.8837890625 0.025390625 0.025390625 
0 0.3701171875 0.259765625 0.0234375 0.0234375 
0 0.4248046875 0.1728515625 0.021484375 0.021484375 
0 0.3798828125 0.3427734375 0.021484375 0.021484375 
0 0.58984375 0.34765625 0.021484375 0.021484375 
0 0.6865234375 0.064453125 0.021484375 0.021484375 
0 0.6640625 0.16796875 0.021484375 0.021484375 
0 0.2978515625 0.1435546875 0.021484375 0.021484375 
1 0.51953125 0.6640625 0.021484375 0.021484375 
0 0.4541015625 0.71484375 0.0234375 0.0234375 
0 0.3349609375 0.28125 0.0224609375 0.0224609375 
0 0.5966796875 0.544921875 0.021484375 0.021484375 
1 0.3818359375 0.15625 0.021484375 0.021484375 
1 0.4736328125 0.0478515625 0.0224609375 0.0224609375 
0 0.4345703125 0.2119140625 0.021484375 0.021484375 
0 0.591796875 0.046875 0.0224609375 0.0224609375 
0 0.3642578125 0.3447265625 0.021484375 0.021484375 
0 0.36328125 0.1513671875 0.021484375 0.021484375 
0 0.37109375 0.1923828125 0.0234375 0.0234375 
0 0.626953125 0.36328125 0.0234375 0.0234375 
0 0.6533203125 0.267578125 0.021484375 0.021484375 
1 0.638671875 0.2080078125 0.021484375 0.021484375 
0 0.4619140625 0.173828125 0.021484375 0.021484375 
0 0.4130859375 0.4755859375 0.0234375 0.0234375 
0 0.4794921875 0.3095703125 0.0224609375 0.0224609375 
0 0.6142578125 0.3154296875 0.0224609375 0.0224609375 
0 0.4921875 0.861328125 0.0224609375 0.0224609375 
0 0.46484375 0.521484375 0.021484375 0.021484375 
0 0.5693359375 0.0556640625 0.021484375 0.021484375 
0 0.5380859375 0.1279296875 0.021484375 0.021484375 
0 0.482421875 0.2890625 0.021484375 0.021484375 
0 0.431640625 0.6728515625 0.0234375 0.0234375 
0 0.3935546875 0.515625 0.021484375 0.021484375 
0 0.546875 0.7802734375 0.021484375 0.021484375 
0 0.3525390625 0.3828125 0.021484375 0.021484375 
1 0.458984375 0.107421875 0.0224609375 0.0224609375 
0 0.5439453125 0.103515625 0.021484375 0.021484375 
0 0.4052734375 0.5869140625 0.021484375 0.021484375 
0 0.6748046875 0.1982421875 0.0224609375 0.0224609375 
0 0.396484375 0.0439453125 0.0234375 0.0234375 
1 0.4833984375 0.7412109375 0.021484375 0.021484375 
0 0.4052734375 0.2783203125 0.021484375 0.021484375 
1 0.544921875 0.3486328125 0.0224609375 0.0224609375 
1 0.5625 0.6123046875 0.0224609375 0.0224609375 
0 0.50390625 0.8505859375 0.0224609375 0.0224609375 
0 0.505859375 0.251953125 0.0234375 0.0234375 
0 0.4755859375 0.10546875 0.021484375 0.021484375 
0 0.333984375 0.3271484375 0.021484375 0.021484375 
1 0.603515625 0.1630859375 0.0224609375 0.0224609375 
0 0.4853515625 0.263671875 0.021484375 0.021484375 
0 0.5205078125 0.302734375 0.021484375 0.021484375 
0 0.498046875 0.0439453125 0.021484375 0.021484375 
0 0.55078125 0.4130859375 0.0234375 0.0234375 
0 0.5224609375 0.86328125 0.01953125 0.01953125 
1 0.638671875 0.16796875 0.021484375 0.021484375 
1 0.5556640625 0.39453125 0.0224609375 0.0224609375 
1 0.458984375 0.2001953125 0.021484375 0.021484375 
0 0.5458984375 0.3828125 0.021484375 0.021484375 
0 0.4951171875 0.7099609375 0.0224609375 0.0224609375 
1 0.55078125 0.8115234375 0.021484375 0.021484375 
0 0.6142578125 0.2021484375 0.021484375 0.021484375 
0 0.361328125 0.22265625 0.021484375 0.021484375 
0 0.3916015625 0.322265625 0.0234375 0.0234375 
1 0.4296875 0.2431640625 0.0224609375 0.0224609375 
0 0.4423828125 0.572265625 0.021484375 0.021484375 
0 0.4912109375 0.6826171875 0.021484375 0.021484375 
0 0.6474609375 0.333984375 0.021484375 0.021484375 
1 0.373046875 0.38671875 0.021484375 0.021484375 
0 0.5537109375 0.529296875 0.021484375 0.021484375 
1 0.53125 0.4228515625 0.021484375 0.021484375 
0 0.5234375 0.5615234375 0.0234375 0.0234375 
1 0.671875 0.220703125 0.021484375 0.021484375 
0 0.3876953125 0.1025390625 0.021484375 0.021484375 
0 0.5439453125 0.6708984375 0.0224609375 0.0224609375 
0 0.4658203125 0.796875 0.0224609375 0.0224609375 
0 0.3427734375 0.1806640625 0.0234375 0.0234375 
0 0.6962890625 0.1015625 0.0224609375 0.0224609375 
0 0.591796875 0.25390625 0.021484375 0.021484375 
0 0.38671875 0.1962890625 0.0234375 0.0234375 
1 0.5771484375 0.0322265625 0.0224609375 0.0224609375 
1 0.494140625 0.20703125 0.021484375 0.021484375 
0 0.6044921875 0.14453125 0.021484375 0.021484375 
1 0.4599609375 0.822265625 0.021484375 0.021484375 
0 0.568359375 0.5068359375 0.021484375 0.021484375 
0 0.4501953125 0.4267578125 0.021484375 0.021484375 
0 0.634765625 0.3427734375 0.021484375 0.021484375 
0 0.513671875 0.775390625 0.025390625 0.025390625 
0 0.580078125 0.45703125 0.021484375 0.021484375 
1 0.5888671875 0.3037109375 0.0224609375 0.0224609375 
0 0.54296875 0.1669921875 0.0224609375 0.0224609375 
0 0.537109375 0.4931640625 0.0224609375 0.0224609375 
0 0.5107421875 0.7431640625 0.021484375 0.021484375 
0 0.4833984375 0.63671875 0.0224609375 0.0224609375 
0 0.3037109375 0.1298828125 0.021484375 0.021484375 
0 0.4599609375 0.34765625 0.0234375 0.0234375 
0 0.4365234375 0.365234375 0.0234375 0.0234375 
0 0.5439453125 0.037109375 0.021484375 0.021484375 
1 0.279296875 0.0615234375 0.021484375 0.021484375 
0 0.5751953125 0.5380859375 0.0234375 0.0234375 
0 0.4111328125 0.23046875 0.0234375 0.0234375 
0 0.4677734375 0.84765625 0.025390625 0.025390625 
0 0.5302734375 0.2490234375 0.021484375 0.021484375 
0 0.4306640625 0.5849609375 0.0234375 0.0234375 
0 0.4794921875 0.4423828125 0.021484375 0.021484375 
1 0.3984375 0.4306640625 0.021484375 0.021484375 
0 0.6865234375 0.0810546875 0.021484375 0.021484375 
0 0.384765625 0.234375 0.021484375 0.021484375 
0 0.546875 0.5517578125 0.021484375 0.021484375 
0 0.3837890625 0.03125 0.0234375 0.0234375 
0 0.6083984375 0.0634765625 0.0234375 0.0234375 
0 0.5263671875 0.31640625 0.021484375 0.021484375 
0 0.4775390625 0.1396484375 0.0224609375 0.0224609375 
0 0.4931640625 0.111328125 0.0234375 0.0234375 
1 0.353515625 0.2041015625 0.0224609375 0.0224609375 
0 0.4208984375 0.05859375 0.0224609375 0.0224609375 
0 0.4111328125 0.4521484375 0.0234375 0.0234375 
0 0.56640625 0.7607421875 0.01953125 0.01953125 
0 0.330078125 0.1943359375 0.0234375 0.0234375 
1 0.3818359375 0.1279296875 0.021484375 0.021484375 
1 0.4296875 0.6259765625 0.0224609375 0.0224609375 
1 0.5224609375 0.1533203125 0.0224609375 0.0224609375 
0 0.5380859375 0.580078125 0.021484375 0.021484375 
0 0.447265625 0.52734375 0.0234375 0.0234375 
1 0.638671875 0.12109375 0.021484375 0.021484375 
0 0.6162109375 0.4306640625 0.021484375 0.021484375 
0 0.6591796875 0.298828125 0.021484375 0.021484375 
0 0.4716796875 0.6494140625 0.021484375 0.021484375 
0 0.58984375 0.50390625 0.0234375 0.0234375 
0 0.40625 0.6240234375 0.0234375 0.0234375 
0 0.3046875 0.0771484375 0.021484375 0.021484375 
0 0.513671875 0.7138671875 0.021484375 0.021484375 
1 0.439453125 0.1201171875 0.021484375 0.021484375 
1 0.4462890625 0.810546875 0.021484375 0.021484375 
1 0.521484375 0.4921875 0.021484375 0.021484375 
0 0.333984375 0.24609375 0.021484375 0.021484375 
0 0.4619140625 0.0849609375 0.021484375 0.021484375 
0 0.4814453125 0.419921875 0.021484375 0.021484375 
1 0.548828125 0.4345703125 0.0224609375 0.0224609375 
0 0.4130859375 0.5576171875 0.0234375 0.0234375 
0 0.373046875 0.306640625 0.021484375 0.021484375 
1 0.6328125 0.31640625 0.021484375 0.021484375 
1 0.46484375 0.3271484375 0.0224609375 0.0224609375 
0 0.447265625 0.7939453125 0.021484375 0.021484375 
0 0.509765625 0.2373046875 0.021484375 0.021484375 
0 0.486328125 0.3994140625 0.021484375 0.021484375 
1 0.54296875 0.7509765625 0.021484375 0.021484375 
0 0.5703125 0.2138671875 0.0224609375 0.0224609375 
1 0.3212890625 0.0595703125 0.021484375 0.021484375 
0 0.3046875 0.1728515625 0.0224609375 0.0224609375 
0 0.5712890625 0.7021484375 0.0234375 0.0234375 
0 0.453125 0.044921875 0.021484375 0.021484375 
0 0.6328125 0.087890625 0.0234375 0.0234375 
0 0.3017578125 0.1904296875 0.021484375 0.021484375 
1 0.5244140625 0.7939453125 0.021484375 0.021484375 
0 0.6455078125 0.2265625 0.0224609375 0.0224609375 
0 0.546875 0.64453125 0.0224609375 0.0224609375 
