1 0.4052734375 0.6162109375 0.0224609375 0.0224609375 
0 0.5166015625 0.478515625 0.0224609375 0.0224609375 
1 0.544921875 0.5126953125 0.0224609375 0.0224609375 
1 0.5205078125 0.697265625 0.021484375 0.021484375 
0 0.6708984375 0.203125 0.0234375 0.0234375 
0 0.5263671875 0.4931640625 0.0234375 0.0234375 
0 0.4931640625 0.3583984375 0.0224609375 0.0224609375 
0 0.5712890625 0.5439453125 0.021484375 0.021484375 
1 0.607421875 0.3046875 0.021484375 0.021484375 
0 0.3408203125 0.3251953125 0.0234375 0.0234375 
0 0.4560546875 0.54296875 0.0234375 0.0234375 
0 0.5576171875 0.2392578125 0.0234375 0.0234375 
0 0.5068359375 0.783203125 0.01953125 0.01953125 
0 0.56640625 0.126953125 0.021484375 0.021484375 
0 0.654296875 0.2548828125 0.021484375 0.021484375 
1 0.427734375 0.55078125 0.021484375 0.021484375 
0 0.541015625 0.1123046875 0.0224609375 0.0224609375 
0 0.6279296875 0.4052734375 0.021484375 0.021484375 
1 0.3857421875 0.400390625 0.021484375 0.021484375 
1 0.6875 0.107421875 0.0224609375 0.0224609375 
1 0.3701171875 0.3720703125 0.021484375 0.021484375 
0 0.5517578125 0.1923828125 0.0224609375 0.0224609375 
0 0.345703125 0.0986328125 0.021484375 0.021484375 
0 0.5087890625 0.458984375 0.021484375 0.021484375 
0 0.5205078125 0.37109375 0.021484375 0.021484375 
0 0.4580078125 0.36328125 0.0224609375 0.0224609375 
0 0.650390625 0.091796875 0.021484375 0.021484375 
0 0.4267578125 0.611328125 0.021484375 0.021484375 
0 0.4970703125 0.52734375 0.021484375 0.021484375 
0 0.388671875 0.5283203125 0.0234375 0.0234375 
0 0.4033203125 0.47265625 0.0234375 0.0234375 
0 0.3681640625 0.4560546875 0.021484375 0.021484375 
0 0.4443359375 0.7353515625 0.021484375 0.021484375 
0 0.517578125 0.3271484375 0.021484375 0.021484375 
1 0.5078125 0.16796875 0.021484375 0.021484375 
1 0.5078125 0.546875 0.0224609375 0.0224609375 
1 0.53125 0.14453125 0.021484375 0.021484375 
1 0.3896484375 0.5595703125 0.021484375 0.021484375 
0 0.4775390625 0.296875 0.0234375 0.0234375 
0 0.546875 0.302734375 0.021484375 0.021484375 
1 0.470703125 0.7666015625 0.0234375 0.0234375 
0 0.5244140625 0.306640625 0.021484375 0.021484375 
1 0.685546875 0.1650390625 0.021484375 0.021484375 
0 0.384765625 0.48828125 0.021484375 0.021484375 
0 0.5224609375 0.1630859375 0.0234375 0.0234375 
0 0.59765625 0.537109375 0.0234375 0.0234375 
0 0.4384765625 0.662109375 0.0224609375 0.0224609375 
0 0.5751953125 0.478515625 0.021484375 0.021484375 
0 0.5927734375 0.3359375 0.021484375 0.021484375 
0 0.4501953125 0.8349609375 0.01953125 0.01953125 
0 0.6640625 0.03125 0.021484375 0.021484375 
1 0.5029296875 0.298828125 0.021484375 0.021484375 
0 0.4560546875 0.1611328125 0.021484375 0.021484375 
1 0.6865234375 0.0673828125 0.021484375 0.021484375 
0 0.5849609375 0.1015625 0.021484375 0.021484375 
1 0.634765625 0.4384765625 0.021484375 0.021484375 
0 0.4814453125 0.6328125 0.0234375 0.0234375 
0 0.5732421875 0.6484375 0.0234375 0.0234375 
0 0.544921875 0.4287109375 0.021484375 0.021484375 
0 0.4482421875 0.5966796875 0.021484375 0.021484375 
0 0.3486328125 0.37890625 0.0234375 0.0234375 
1 0.4013671875 0.3681640625 0.021484375 0.021484375 
0 0.6220703125 0.1494140625 0.021484375 0.021484375 
0 0.50390625 0.150390625 0.021484375 0.021484375 
0 0.46875 0.828125 0.021484375 0.021484375 
1 0.423828125 0.4072265625 0.021484375 0.021484375 
1 0.458984375 0.630859375 0.021484375 0.021484375 
1 0.390625 0.4150390625 0.0224609375 0.0224609375 
1 0.5546875 0.7685546875 0.021484375 0.021484375 
0 0.5224609375 0.1875 0.0224609375 0.0224609375 
0 0.5556640625 0.7451171875 0.021484375 0.021484375 
0 0.3671875 0.2333984375 0.0234375 0.0234375 
0 0.640625 0.3134765625 0.0234375 0.0234375 
0 0.408203125 0.1103515625 0.021484375 0.021484375 
0 0.548828125 0.1630859375 0.021484375 0.021484375 
0 0.3779296875 0.076171875 0.0224609375 0.0224609375 
1 0.474609375 0.2236328125 0.021484375 0.021484375 
1 0.404296875 0.4873046875 0.021484375 0.021484375 
0 0.4072265625 0.41796875 0.0234375 0.0234375 
0 0.447265625 0.49609375 0.0234375 0.0234375 
1 0.47265625 0.5234375 0.021484375 0.021484375 
0 0.599609375 0.2900390625 0.021484375 0.021484375 
1 0.3359375 0.1943359375 0.021484375 0.021484375 
1 0.5166015625 0.34765625 0.021484375 0.021484375 
1 0.5087890625 0.7353515625 0.021484375 0.021484375 
0 0.6015625 0.1025390625 0.021484375 0.021484375 
0 0.4931640625 0.203125 0.0224609375 0.0224609375 
0 0.3388671875 0.166015625 0.0224609375 0.0224609375 
0 0.3818359375 0.2119140625 0.021484375 0.021484375 
0 0.5009765625 0.12890625 0.0224609375 0.0224609375 
0 0.4931640625 0.287109375 0.0234375 0.0234375 
0 0.3623046875 0.0927734375 0.021484375 0.021484375 
1 0.42578125 0.46875 0.0224609375 0.0224609375 
1 0.4580078125 0.3330078125 0.021484375 0.021484375 
0 0.6064453125 0.345703125 0.021484375 0.021484375 
1 0.6044921875 0.4794921875 0.021484375 0.021484375 
0 0.6181640625 0.2177734375 0.021484375 0.021484375 
0 0.3916015625 0.3212890625 0.0234375 0.0234375 
1 0.595703125 0.2314453125 0.021484375 0.021484375 
0 0.4931640625 0.76171875 0.01953125 0.01953125 
0 0.4169921875 0.517578125 0.021484375 0.021484375 
0 0.4697265625 0.8955078125 0.0224609375 0.0224609375 
0 0.6025390625 0.4052734375 0.021484375 0.021484375 
1 0.3857421875 0.458984375 0.021484375 0.021484375 
0 0.3603515625 0.2724609375 0.021484375 0.021484375 
0 0.48046875 0.3876953125 0.0234375 0.0234375 
1 0.4404296875 0.775390625 0.0234375 0.0234375 
1 0.541015625 0.7158203125 0.021484375 0.021484375 
0 0.671875 0.2431640625 0.0234375 0.0234375 
0 0.6552734375 0.2783203125 0.0234375 0.0234375 
0 0.36328125 0.177734375 0.0224609375 0.0224609375 
0 0.6171875 0.5126953125 0.0234375 0.0234375 
1 0.6689453125 0.126953125 0.021484375 0.021484375 
0 0.49609375 0.5654296875 0.0234375 0.0234375 
1 0.4248046875 0.0791015625 0.0224609375 0.0224609375 
0 0.54296875 0.82421875 0.0224609375 0.0224609375 
0 0.5146484375 0.720703125 0.021484375 0.021484375 
0 0.501953125 0.685546875 0.021484375 0.021484375 
1 0.4189453125 0.3916015625 0.021484375 0.021484375 
0 0.31640625 0.046875 0.0234375 0.0234375 
1 0.3125 0.1337890625 0.0224609375 0.0224609375 
0 0.5341796875 0.28515625 0.0234375 0.0234375 
0 0.4814453125 0.18359375 0.021484375 0.021484375 
0 0.4384765625 0.1220703125 0.0234375 0.0234375 
0 0.494140625 0.7275390625 0.021484375 0.021484375 
0 0.6240234375 0.3408203125 0.0224609375 0.0224609375 
0 0.609375 0.259765625 0.021484375 0.021484375 
0 0.60546875 0.3193359375 0.0234375 0.0234375 
0 0.6708984375 0.169921875 0.0224609375 0.0224609375 
0 0.4990234375 0.3818359375 0.0224609375 0.0224609375 
0 0.3681640625 0.15625 0.0224609375 0.0224609375 
0 0.3857421875 0.2490234375 0.0234375 0.0234375 
0 0.646484375 0.1904296875 0.021484375 0.021484375 
0 0.568359375 0.599609375 0.0234375 0.0234375 
0 0.6494140625 0.119140625 0.0234375 0.0234375 
0 0.3154296875 0.21484375 0.0224609375 0.0224609375 
1 0.63671875 0.255859375 0.021484375 0.021484375 
0 0.5673828125 0.3896484375 0.021484375 0.021484375 
0 0.47265625 0.4658203125 0.0234375 0.0234375 
1 0.4541015625 0.666015625 0.021484375 0.021484375 
0 0.5625 0.224609375 0.0234375 0.0234375 
0 0.470703125 0.48828125 0.0234375 0.0234375 
1 0.4072265625 0.5751953125 0.021484375 0.021484375 
1 0.52734375 0.388671875 0.021484375 0.021484375 
1 0.3740234375 0.1025390625 0.021484375 0.021484375 
1 0.49609375 0.8955078125 0.0234375 0.0234375 
0 0.6865234375 0.0830078125 0.021484375 0.021484375 
0 0.4814453125 0.6982421875 0.0234375 0.0234375 
0 0.58984375 0.46484375 0.0234375 0.0234375 
0 0.6240234375 0.19921875 0.0224609375 0.0224609375 
1 0.37109375 0.32421875 0.021484375 0.021484375 
0 0.57421875 0.3251953125 0.0234375 0.0234375 
