0 0.533203125 0.744140625 0.0224609375 0.0224609375 
0 0.5380859375 0.6552734375 0.0224609375 0.0224609375 
0 0.294921875 0.1181640625 0.021484375 0.021484375 
1 0.3818359375 0.330078125 0.0224609375 0.0224609375 
0 0.4521484375 0.35546875 0.021484375 0.021484375 
0 0.4130859375 0.5361328125 0.021484375 0.021484375 
0 0.5087890625 0.4892578125 0.0234375 0.0234375 
0 0.46875 0.5439453125 0.021484375 0.021484375 
1 0.47265625 0.59375 0.021484375 0.021484375 
0 0.529296875 0.13671875 0.021484375 0.021484375 
0 0.638671875 0.263671875 0.021484375 0.021484375 
0 0.4619140625 0.4423828125 0.0224609375 0.0224609375 
0 0.4345703125 0.146484375 0.021484375 0.021484375 
0 0.396484375 0.4091796875 0.0234375 0.0234375 
0 0.5458984375 0.291015625 0.021484375 0.021484375 
0 0.3837890625 0.3720703125 0.021484375 0.021484375 
1 0.5849609375 0.654296875 0.0224609375 0.0224609375 
0 0.3955078125 0.5576171875 0.0234375 0.0234375 
0 0.5234375 0.640625 0.021484375 0.021484375 
1 0.462890625 0.8447265625 0.0234375 0.0234375 
1 0.4375 0.6240234375 0.0224609375 0.0224609375 
0 0.537109375 0.55859375 0.0234375 0.0234375 
1 0.51171875 0.1494140625 0.021484375 0.021484375 
0 0.580078125 0.6201171875 0.021484375 0.021484375 
0 0.6240234375 0.0419921875 0.021484375 0.021484375 
1 0.5888671875 0.232421875 0.021484375 0.021484375 
0 0.39453125 0.4462890625 0.021484375 0.021484375 
0 0.40625 0.49609375 0.021484375 0.021484375 
1 0.4970703125 0.33203125 0.0224609375 0.0224609375 
0 0.626953125 0.0986328125 0.0234375 0.0234375 
1 0.6455078125 0.1025390625 0.021484375 0.021484375 
0 0.3681640625 0.03125 0.021484375 0.021484375 
0 0.3623046875 0.0927734375 0.0234375 0.0234375 
0 0.4365234375 0.5244140625 0.021484375 0.021484375 
0 0.5673828125 0.06640625 0.021484375 0.021484375 
0 0.478515625 0.71484375 0.0224609375 0.0224609375 
0 0.548828125 0.5791015625 0.0234375 0.0234375 
0 0.4716796875 0.3984375 0.0224609375 0.0224609375 
0 0.408203125 0.56640625 0.0224609375 0.0224609375 
0 0.3671875 0.1669921875 0.0234375 0.0234375 
0 0.57421875 0.302734375 0.0234375 0.0234375 
0 0.5048828125 0.1083984375 0.021484375 0.021484375 
0 0.6416015625 0.3984375 0.021484375 0.021484375 
0 0.4384765625 0.447265625 0.021484375 0.021484375 
0 0.6044921875 0.0419921875 0.021484375 0.021484375 
1 0.591796875 0.6318359375 0.021484375 0.021484375 
0 0.42578125 0.1767578125 0.021484375 0.021484375 
0 0.619140625 0.08203125 0.0234375 0.0234375 
1 0.3193359375 0.1962890625 0.021484375 0.021484375 
0 0.5166015625 0.177734375 0.0234375 0.0234375 
0 0.587890625 0.0322265625 0.021484375 0.021484375 
0 0.4794921875 0.84375 0.0224609375 0.0224609375 
0 0.513671875 0.720703125 0.021484375 0.021484375 
0 0.4775390625 0.3427734375 0.021484375 0.021484375 
0 0.556640625 0.1689453125 0.0224609375 0.0224609375 
0 0.3525390625 0.046875 0.021484375 0.021484375 
0 0.38671875 0.1015625 0.0234375 0.0234375 
0 0.51953125 0.8701171875 0.0224609375 0.0224609375 
0 0.3662109375 0.0576171875 0.0234375 0.0234375 
0 0.41796875 0.2578125 0.0234375 0.0234375 
1 0.3359375 0.0927734375 0.021484375 0.021484375 
0 0.6337890625 0.291015625 0.0234375 0.0234375 
0 0.5634765625 0.123046875 0.021484375 0.021484375 
1 0.6572265625 0.080078125 0.021484375 0.021484375 
1 0.533203125 0.810546875 0.0234375 0.0234375 
0 0.56640625 0.6708984375 0.021484375 0.021484375 
0 0.4912109375 0.158203125 0.021484375 0.021484375 
0 0.609375 0.427734375 0.021484375 0.021484375 
0 0.4755859375 0.482421875 0.0234375 0.0234375 
0 0.4296875 0.3798828125 0.0234375 0.0234375 
0 0.537109375 0.7919921875 0.025390625 0.025390625 
1 0.4521484375 0.564453125 0.021484375 0.021484375 
1 0.646484375 0.03515625 0.021484375 0.021484375 
0 0.6953125 0.04296875 0.021484375 0.021484375 
0 0.4150390625 0.2734375 0.021484375 0.021484375 
0 0.4306640625 0.0888671875 0.0224609375 0.0224609375 
0 0.5791015625 0.25 0.021484375 0.021484375 
0 0.48828125 0.5478515625 0.021484375 0.021484375 
0 0.5322265625 0.3662109375 0.021484375 0.021484375 
1 0.625 0.46875 0.021484375 0.021484375 
1 0.3798828125 0.5146484375 0.021484375 0.021484375 
0 0.37109375 0.2294921875 0.0234375 0.0234375 
0 0.51171875 0.5166015625 0.0234375 0.0234375 
1 0.7080078125 0.0859375 0.021484375 0.021484375 
0 0.6357421875 0.1904296875 0.0224609375 0.0224609375 
0 0.4638671875 0.79296875 0.01953125 0.01953125 
0 0.498046875 0.8798828125 0.0234375 0.0234375 
0 0.501953125 0.580078125 0.0234375 0.0234375 
0 0.646484375 0.052734375 0.021484375 0.021484375 
0 0.40625 0.3681640625 0.021484375 0.021484375 
1 0.388671875 0.0576171875 0.0224609375 0.0224609375 
0 0.5166015625 0.4052734375 0.021484375 0.021484375 
0 0.55078125 0.40234375 0.0234375 0.0234375 
0 0.408203125 0.076171875 0.0234375 0.0234375 
0 0.5234375 0.302734375 0.021484375 0.021484375 
1 0.4521484375 0.4267578125 0.0224609375 0.0224609375 
0 0.5107421875 0.603515625 0.021484375 0.021484375 
0 0.509765625 0.341796875 0.021484375 0.021484375 
0 0.703125 0.0654296875 0.021484375 0.021484375 
0 0.4951171875 0.2216796875 0.021484375 0.021484375 
0 0.6142578125 0.5 0.021484375 0.021484375 
0 0.419921875 0.4580078125 0.021484375 0.021484375 
0 0.4248046875 0.2373046875 0.0234375 0.0234375 
0 0.4423828125 0.1904296875 0.021484375 0.021484375 
0 0.533203125 0.51171875 0.021484375 0.021484375 
1 0.5517578125 0.50390625 0.0224609375 0.0224609375 
0 0.4716796875 0.1357421875 0.0234375 0.0234375 
1 0.599609375 0.529296875 0.0224609375 0.0224609375 
1 0.681640625 0.1083984375 0.021484375 0.021484375 
0 0.5458984375 0.71484375 0.021484375 0.021484375 
0 0.578125 0.4150390625 0.021484375 0.021484375 
0 0.55859375 0.20703125 0.021484375 0.021484375 
0 0.4423828125 0.3212890625 0.021484375 0.021484375 
0 0.4677734375 0.7412109375 0.021484375 0.021484375 
1 0.416015625 0.1220703125 0.021484375 0.021484375 
0 0.5625 0.7353515625 0.0234375 0.0234375 
1 0.51953125 0.5771484375 0.0224609375 0.0224609375 
0 0.4365234375 0.75390625 0.0234375 0.0234375 
0 0.55859375 0.775390625 0.025390625 0.025390625 
1 0.5595703125 0.5234375 0.0224609375 0.0224609375 
0 0.392578125 0.3896484375 0.0234375 0.0234375 
1 0.427734375 0.7119140625 0.021484375 0.021484375 
0 0.4697265625 0.6181640625 0.021484375 0.021484375 
0 0.59765625 0.318359375 0.0224609375 0.0224609375 
0 0.3603515625 0.3447265625 0.021484375 0.021484375 
0 0.3544921875 0.130859375 0.0234375 0.0234375 
0 0.5947265625 0.423828125 0.021484375 0.021484375 
0 0.546875 0.3759765625 0.021484375 0.021484375 
1 0.29296875 0.1455078125 0.0224609375 0.0224609375 
0 0.4853515625 0.8671875 0.0224609375 0.0224609375 
0 0.4990234375 0.8955078125 0.0224609375 0.0224609375 
0 0.4501953125 0.373046875 0.0234375 0.0234375 
0 0.494140625 0.396484375 0.021484375 0.021484375 
0 0.365234375 0.4384765625 0.0234375 0.0234375 
