0 0.6376953125 0.1904296875 0.0234375 0.0234375 
1 0.3251953125 0.2080078125 0.021484375 0.021484375 
0 0.568359375 0.09765625 0.0224609375 0.0224609375 
1 0.48828125 0.32421875 0.0224609375 0.0224609375 
0 0.6416015625 0.1591796875 0.0234375 0.0234375 
0 0.3740234375 0.16796875 0.0234375 0.0234375 
0 0.6123046875 0.21484375 0.0234375 0.0234375 
0 0.63671875 0.28125 0.0234375 0.0234375 
0 0.435546875 0.0810546875 0.0234375 0.0234375 
0 0.3408203125 0.0615234375 0.021484375 0.021484375 
0 0.3466796875 0.2529296875 0.021484375 0.021484375 
0 0.5068359375 0.30859375 0.0224609375 0.0224609375 
0 0.4716796875 0.375 0.021484375 0.021484375 
0 0.6337890625 0.228515625 0.021484375 0.021484375 
0 0.5546875 0.44140625 0.021484375 0.021484375 
0 0.33984375 0.1162109375 0.021484375 0.021484375 
0 0.4189453125 0.5771484375 0.021484375 0.021484375 
1 0.6328125 0.3828125 0.021484375 0.021484375 
0 0.576171875 0.1181640625 0.021484375 0.021484375 
0 0.326171875 0.2548828125 0.0234375 0.0234375 
0 0.37109375 0.0859375 0.0234375 0.0234375 
1 0.4990234375 0.2626953125 0.021484375 0.021484375 
0 0.5888671875 0.2783203125 0.021484375 0.021484375 
1 0.3701171875 0.068359375 0.021484375 0.021484375 
0 0.6728515625 0.1767578125 0.0234375 0.0234375 
1 0.5439453125 0.3046875 0.0224609375 0.0224609375 
0 0.560546875 0.765625 0.0224609375 0.0224609375 
1 0.462890625 0.21875 0.0224609375 0.0224609375 
0 0.4111328125 0.072265625 0.0234375 0.0234375 
0 0.484375 0.552734375 0.0234375 0.0234375 
1 0.529296875 0.36328125 0.0224609375 0.0224609375 
0 0.458984375 0.849609375 0.025390625 0.025390625 
0 0.533203125 0.140625 0.021484375 0.021484375 
0 0.5302734375 0.2412109375 0.021484375 0.021484375 
0 0.4853515625 0.2998046875 0.021484375 0.021484375 
0 0.3779296875 0.05078125 0.021484375 0.021484375 
0 0.6669921875 0.193359375 0.021484375 0.021484375 
0 0.3974609375 0.365234375 0.021484375 0.021484375 
0 0.6826171875 0.15625 0.021484375 0.021484375 
0 0.404296875 0.6396484375 0.021484375 0.021484375 
0 0.43359375 0.6015625 0.0224609375 0.0224609375 
1 0.48046875 0.046875 0.0224609375 0.0224609375 
0 0.376953125 0.1044921875 0.021484375 0.021484375 
0 0.625 0.42578125 0.021484375 0.021484375 
0 0.3642578125 0.2978515625 0.021484375 0.021484375 
0 0.5615234375 0.56640625 0.0224609375 0.0224609375 
0 0.5224609375 0.3056640625 0.0224609375 0.0224609375 
1 0.5615234375 0.3740234375 0.021484375 0.021484375 
0 0.4794921875 0.3935546875 0.021484375 0.021484375 
0 0.435546875 0.1279296875 0.021484375 0.021484375 
1 0.603515625 0.453125 0.021484375 0.021484375 
0 0.5771484375 0.1826171875 0.0234375 0.0234375 
0 0.46484375 0.150390625 0.021484375 0.021484375 
1 0.4404296875 0.7744140625 0.0234375 0.0234375 
0 0.578125 0.6796875 0.0234375 0.0234375 
0 0.5537109375 0.033203125 0.021484375 0.021484375 
0 0.5126953125 0.5087890625 0.021484375 0.021484375 
0 0.32421875 0.2822265625 0.021484375 0.021484375 
0 0.4130859375 0.1044921875 0.0224609375 0.0224609375 
0 0.544921875 0.4638671875 0.021484375 0.021484375 
0 0.490234375 0.7451171875 0.021484375 0.021484375 
0 0.55078125 0.1416015625 0.021484375 0.021484375 
1 0.49609375 0.4736328125 0.0224609375 0.0224609375 
0 0.5283203125 0.607421875 0.021484375 0.021484375 
0 0.4287109375 0.2001953125 0.0234375 0.0234375 
0 0.5185546875 0.1337890625 0.0224609375 0.0224609375 
0 0.6748046875 0.109375 0.0234375 0.0234375 
0 0.6064453125 0.5458984375 0.021484375 0.021484375 
1 0.470703125 0.833984375 0.0234375 0.0234375 
0 0.5166015625 0.185546875 0.0234375 0.0234375 
0 0.30859375 0.2060546875 0.0234375 0.0234375 
0 0.5107421875 0.0791015625 0.0234375 0.0234375 
0 0.6708984375 0.2138671875 0.0234375 0.0234375 
0 0.4931640625 0.8798828125 0.021484375 0.021484375 
0 0.6220703125 0.326171875 0.021484375 0.021484375 
0 0.509765625 0.38671875 0.021484375 0.021484375 
0 0.533203125 0.03125 0.021484375 0.021484375 
0 0.2919921875 0.1064453125 0.0234375 0.0234375 
0 0.39453125 0.123046875 0.021484375 0.021484375 
0 0.41015625 0.6630859375 0.0234375 0.0234375 
0 0.51953125 0.2001953125 0.021484375 0.021484375 
0 0.6455078125 0.11328125 0.021484375 0.021484375 
1 0.4833984375 0.1494140625 0.021484375 0.021484375 
0 0.5205078125 0.5498046875 0.0234375 0.0234375 
0 0.55078125 0.4970703125 0.0224609375 0.0224609375 
0 0.634765625 0.0810546875 0.0224609375 0.0224609375 
1 0.548828125 0.2880859375 0.021484375 0.021484375 
0 0.5087890625 0.1083984375 0.0234375 0.0234375 
1 0.5263671875 0.4736328125 0.021484375 0.021484375 
1 0.45703125 0.6630859375 0.021484375 0.021484375 
0 0.455078125 0.6142578125 0.021484375 0.021484375 
1 0.44921875 0.2333984375 0.021484375 0.021484375 
0 0.4912109375 0.1943359375 0.0234375 0.0234375 
1 0.5498046875 0.7314453125 0.0224609375 0.0224609375 
0 0.57421875 0.4599609375 0.0234375 0.0234375 
