0 0.5693359375 0.2392578125 0.021484375 0.021484375 
1 0.48828125 0.7353515625 0.021484375 0.021484375 
1 0.525390625 0.501953125 0.0224609375 0.0224609375 
0 0.3671875 0.25390625 0.021484375 0.021484375 
1 0.6533203125 0.154296875 0.0224609375 0.0224609375 
0 0.54296875 0.716796875 0.0234375 0.0234375 
0 0.490234375 0.509765625 0.021484375 0.021484375 
0 0.5224609375 0.1240234375 0.021484375 0.021484375 
0 0.412109375 0.2275390625 0.021484375 0.021484375 
0 0.5 0.17578125 0.0234375 0.0234375 
0 0.5751953125 0.03125 0.0234375 0.0234375 
0 0.416015625 0.43359375 0.0224609375 0.0224609375 
0 0.6494140625 0.3037109375 0.021484375 0.021484375 
1 0.328125 0.0380859375 0.021484375 0.021484375 
1 0.439453125 0.0458984375 0.021484375 0.021484375 
1 0.3251953125 0.2607421875 0.021484375 0.021484375 
0 0.455078125 0.0849609375 0.0224609375 0.0224609375 
0 0.384765625 0.126953125 0.021484375 0.021484375 
0 0.556640625 0.7255859375 0.0224609375 0.0224609375 
0 0.44921875 0.62890625 0.021484375 0.021484375 
0 0.2763671875 0.072265625 0.0224609375 0.0224609375 
0 0.6494140625 0.25390625 0.0234375 0.0234375 
0 0.4501953125 0.201171875 0.0234375 0.0234375 
0 0.4423828125 0.5673828125 0.021484375 0.021484375 
0 0.4873046875 0.1279296875 0.021484375 0.021484375 
0 0.4365234375 0.1494140625 0.0234375 0.0234375 
0 0.4248046875 0.6376953125 0.0234375 0.0234375 
0 0.611328125 0.3193359375 0.021484375 0.021484375 
0 0.556640625 0.474609375 0.0234375 0.0234375 
0 0.40234375 0.1044921875 0.021484375 0.021484375 
1 0.57421875 0.3740234375 0.0224609375 0.0224609375 
0 0.5888671875 0.423828125 0.0224609375 0.0224609375 
0 0.466796875 0.50390625 0.021484375 0.021484375 
0 0.6025390625 0.0654296875 0.0234375 0.0234375 
0 0.560546875 0.638671875 0.021484375 0.021484375 
0 0.4775390625 0.1552734375 0.021484375 0.021484375 
0 0.44921875 0.69921875 0.0234375 0.0234375 
0 0.470703125 0.89453125 0.01953125 0.01953125 
1 0.52734375 0.03125 0.0224609375 0.0224609375 
0 0.3681640625 0.28125 0.021484375 0.021484375 
0 0.5146484375 0.7958984375 0.01953125 0.01953125 
0 0.5048828125 0.5615234375 0.021484375 0.021484375 
0 0.5322265625 0.3837890625 0.0234375 0.0234375 
1 0.7138671875 0.0517578125 0.0224609375 0.0224609375 
0 0.544921875 0.4150390625 0.0234375 0.0234375 
0 0.5625 0.767578125 0.0234375 0.0234375 
1 0.498046875 0.623046875 0.0224609375 0.0224609375 
1 0.666015625 0.103515625 0.021484375 0.021484375 
0 0.4736328125 0.806640625 0.021484375 0.021484375 
1 0.5185546875 0.2001953125 0.0224609375 0.0224609375 
0 0.58984375 0.1435546875 0.0234375 0.0234375 
0 0.4931640625 0.345703125 0.0234375 0.0234375 
1 0.345703125 0.107421875 0.021484375 0.021484375 
0 0.58203125 0.5078125 0.021484375 0.021484375 
0 0.3701171875 0.103515625 0.0234375 0.0234375 
0 0.4853515625 0.5791015625 0.021484375 0.021484375 
0 0.5419921875 0.5732421875 0.021484375 0.021484375 
0 0.6015625 0.49609375 0.0234375 0.0234375 
0 0.4814453125 0.48046875 0.0224609375 0.0224609375 
1 0.560546875 0.2255859375 0.021484375 0.021484375 
0 0.5380859375 0.2421875 0.0234375 0.0234375 
1 0.3974609375 0.228515625 0.021484375 0.021484375 
0 0.3935546875 0.2978515625 0.0234375 0.0234375 
0 0.53515625 0.21484375 0.021484375 0.021484375 
0 0.474609375 0.115234375 0.021484375 0.021484375 
0 0.5224609375 0.8271484375 0.01953125 0.01953125 
0 0.5595703125 0.2919921875 0.0234375 0.0234375 
0 0.412109375 0.6650390625 0.021484375 0.021484375 
0 0.498046875 0.44140625 0.021484375 0.021484375 
1 0.34375 0.06640625 0.021484375 0.021484375 
0 0.5732421875 0.4033203125 0.0224609375 0.0224609375 
1 0.4921875 0.8271484375 0.0234375 0.0234375 
0 0.4853515625 0.2646484375 0.0234375 0.0234375 
0 0.625 0.3876953125 0.021484375 0.021484375 
0 0.5498046875 0.326171875 0.021484375 0.021484375 
0 0.4755859375 0.7666015625 0.0234375 0.0234375 
0 0.34375 0.2431640625 0.021484375 0.021484375 
1 0.4921875 0.8037109375 0.021484375 0.021484375 
0 0.298828125 0.154296875 0.0234375 0.0234375 
1 0.4892578125 0.3740234375 0.021484375 0.021484375 
0 0.373046875 0.0498046875 0.021484375 0.021484375 
0 0.646484375 0.2822265625 0.021484375 0.021484375 
0 0.4248046875 0.4794921875 0.0234375 0.0234375 
0 0.486328125 0.03515625 0.0234375 0.0234375 
0 0.5302734375 0.337890625 0.0234375 0.0234375 
0 0.4072265625 0.3134765625 0.0234375 0.0234375 
1 0.4150390625 0.2451171875 0.021484375 0.021484375 
0 0.5009765625 0.5302734375 0.0234375 0.0234375 
0 0.5322265625 0.29296875 0.021484375 0.021484375 
0 0.58203125 0.345703125 0.0224609375 0.0224609375 
0 0.51953125 0.1474609375 0.021484375 0.021484375 
1 0.5947265625 0.396484375 0.021484375 0.021484375 
1 0.6083984375 0.2861328125 0.021484375 0.021484375 
0 0.4873046875 0.28125 0.021484375 0.021484375 
0 0.64453125 0.3935546875 0.021484375 0.021484375 
0 0.4345703125 0.318359375 0.021484375 0.021484375 
1 0.26953125 0.048828125 0.0224609375 0.0224609375 
0 0.482421875 0.6572265625 0.0234375 0.0234375 
0 0.60546875 0.3359375 0.021484375 0.021484375 
0 0.4990234375 0.6611328125 0.021484375 0.021484375 
0 0.5419921875 0.19921875 0.0234375 0.0234375 
1 0.63671875 0.087890625 0.021484375 0.021484375 
0 0.634765625 0.263671875 0.021484375 0.021484375 
0 0.408203125 0.6064453125 0.021484375 0.021484375 
0 0.3037109375 0.0419921875 0.021484375 0.021484375 
0 0.58984375 0.279296875 0.021484375 0.021484375 
0 0.5673828125 0.126953125 0.021484375 0.021484375 
0 0.3759765625 0.4599609375 0.0234375 0.0234375 
0 0.548828125 0.03515625 0.0234375 0.0234375 
1 0.6796875 0.1552734375 0.021484375 0.021484375 
0 0.427734375 0.27734375 0.0234375 0.0234375 
0 0.6201171875 0.1494140625 0.021484375 0.021484375 
0 0.3740234375 0.5078125 0.021484375 0.021484375 
0 0.4814453125 0.6083984375 0.021484375 0.021484375 
0 0.4404296875 0.0927734375 0.021484375 0.021484375 
1 0.6689453125 0.166015625 0.021484375 0.021484375 
0 0.51171875 0.767578125 0.0224609375 0.0224609375 
1 0.4365234375 0.775390625 0.0234375 0.0234375 
1 0.3896484375 0.390625 0.0224609375 0.0224609375 
1 0.6328125 0.3564453125 0.0224609375 0.0224609375 
1 0.50390625 0.84765625 0.021484375 0.021484375 
0 0.451171875 0.111328125 0.021484375 0.021484375 
0 0.3564453125 0.126953125 0.021484375 0.021484375 
1 0.5791015625 0.5517578125 0.021484375 0.021484375 
0 0.4970703125 0.251953125 0.0234375 0.0234375 
0 0.4599609375 0.0380859375 0.0224609375 0.0224609375 
0 0.32421875 0.2412109375 0.0234375 0.0234375 
0 0.3984375 0.361328125 0.0234375 0.0234375 
0 0.5869140625 0.1015625 0.021484375 0.021484375 
0 0.345703125 0.2177734375 0.021484375 0.021484375 
0 0.630859375 0.4404296875 0.0234375 0.0234375 
0 0.673828125 0.083984375 0.021484375 0.021484375 
0 0.3544921875 0.3076171875 0.0224609375 0.0224609375 
0 0.599609375 0.2236328125 0.021484375 0.021484375 
0 0.3642578125 0.2080078125 0.0234375 0.0234375 
0 0.4033203125 0.068359375 0.021484375 0.021484375 
1 0.451171875 0.83984375 0.021484375 0.021484375 
1 0.365234375 0.22265625 0.0224609375 0.0224609375 
0 0.5654296875 0.7392578125 0.0224609375 0.0224609375 
0 0.4609375 0.81640625 0.025390625 0.025390625 
0 0.5478515625 0.3916015625 0.0234375 0.0234375 
0 0.4609375 0.2119140625 0.021484375 0.021484375 
1 0.3525390625 0.16015625 0.021484375 0.021484375 
0 0.474609375 0.7490234375 0.0234375 0.0234375 
1 0.5283203125 0.4140625 0.021484375 0.021484375 
0 0.5869140625 0.6650390625 0.0234375 0.0234375 
1 0.302734375 0.0751953125 0.021484375 0.021484375 
0 0.400390625 0.5859375 0.021484375 0.021484375 
0 0.5078125 0.0556640625 0.021484375 0.021484375 
0 0.4130859375 0.6240234375 0.0234375 0.0234375 
1 0.4130859375 0.1513671875 0.0224609375 0.0224609375 
0 0.5302734375 0.5966796875 0.0234375 0.0234375 
0 0.5859375 0.5712890625 0.021484375 0.021484375 
0 0.572265625 0.2998046875 0.021484375 0.021484375 
0 0.4521484375 0.3798828125 0.0234375 0.0234375 
0 0.50390625 0.6826171875 0.0224609375 0.0224609375 
0 0.603515625 0.52734375 0.0234375 0.0234375 
0 0.5322265625 0.7041015625 0.0234375 0.0234375 
0 0.44140625 0.40625 0.0234375 0.0234375 
0 0.5419921875 0.0927734375 0.0224609375 0.0224609375 
0 0.421875 0.130859375 0.021484375 0.021484375 
0 0.5107421875 0.5947265625 0.021484375 0.021484375 
0 0.537109375 0.052734375 0.021484375 0.021484375 
0 0.51953125 0.482421875 0.0234375 0.0234375 
0 0.3564453125 0.05078125 0.021484375 0.021484375 
1 0.546875 0.7021484375 0.021484375 0.021484375 
0 0.4267578125 0.1015625 0.021484375 0.021484375 
1 0.5224609375 0.068359375 0.021484375 0.021484375 
0 0.4677734375 0.349609375 0.021484375 0.021484375 
0 0.54296875 0.53125 0.0234375 0.0234375 
1 0.45703125 0.6630859375 0.021484375 0.021484375 
0 0.5712890625 0.4833984375 0.021484375 0.021484375 
1 0.638671875 0.1787109375 0.0224609375 0.0224609375 
0 0.3994140625 0.140625 0.021484375 0.021484375 
0 0.5029296875 0.1904296875 0.021484375 0.021484375 
0 0.51953125 0.3173828125 0.021484375 0.021484375 
0 0.435546875 0.724609375 0.021484375 0.021484375 
0 0.4931640625 0.4921875 0.0234375 0.0234375 
1 0.4794921875 0.408203125 0.0224609375 0.0224609375 
1 0.451171875 0.6435546875 0.0224609375 0.0224609375 
0 0.611328125 0.482421875 0.0224609375 0.0224609375 
0 0.4189453125 0.046875 0.0234375 0.0234375 
0 0.3740234375 0.357421875 0.021484375 0.021484375 
1 0.384765625 0.4208984375 0.021484375 0.021484375 
0 0.623046875 0.240234375 0.021484375 0.021484375 
0 0.4306640625 0.2568359375 0.021484375 0.021484375 
0 0.5615234375 0.548828125 0.021484375 0.021484375 
