0 0.62890625 0.208984375 0.0234375 0.0234375 
1 0.474609375 0.4814453125 0.021484375 0.021484375 
0 0.595703125 0.220703125 0.021484375 0.021484375 
0 0.5693359375 0.568359375 0.0234375 0.0234375 
0 0.53125 0.2353515625 0.0234375 0.0234375 
0 0.3984375 0.4814453125 0.021484375 0.021484375 
0 0.5634765625 0.4287109375 0.021484375 0.021484375 
0 0.3046875 0.111328125 0.0234375 0.0234375 
0 0.4208984375 0.177734375 0.0224609375 0.0224609375 
0 0.5146484375 0.2412109375 0.021484375 0.021484375 
0 0.44921875 0.708984375 0.0234375 0.0234375 
0 0.6015625 0.275390625 0.021484375 0.021484375 
0 0.5439453125 0.6728515625 0.021484375 0.021484375 
0 0.5673828125 0.1181640625 0.021484375 0.021484375 
1 0.4951171875 0.212890625 0.021484375 0.021484375 
0 0.5302734375 0.279296875 0.021484375 0.021484375 
0 0.3359375 0.1708984375 0.0224609375 0.0224609375 
0 0.484375 0.767578125 0.021484375 0.021484375 
1 0.5390625 0.8623046875 0.0234375 0.0234375 
0 0.4990234375 0.443359375 0.021484375 0.021484375 
1 0.505859375 0.529296875 0.021484375 0.021484375 
0 0.5380859375 0.533203125 0.0234375 0.0234375 
1 0.3828125 0.1943359375 0.021484375 0.021484375 
1 0.541015625 0.7919921875 0.0234375 0.0234375 
1 0.5302734375 0.56640625 0.0224609375 0.0224609375 
0 0.4296875 0.1640625 0.021484375 0.021484375 
0 0.689453125 0.1787109375 0.0224609375 0.0224609375 
0 0.5712890625 0.05078125 0.021484375 0.021484375 
0 0.2783203125 0.0478515625 0.021484375 0.021484375 
0 0.48046875 0.439453125 0.021484375 0.021484375 
0 0.4697265625 0.0361328125 0.021484375 0.021484375 
1 0.4150390625 0.357421875 0.021484375 0.021484375 
0 0.421875 0.3056640625 0.021484375 0.021484375 
1 0.58984375 0.6513671875 0.021484375 0.021484375 
0 0.58203125 0.5546875 0.021484375 0.021484375 
0 0.3056640625 0.0419921875 0.021484375 0.021484375 
0 0.3759765625 0.4990234375 0.021484375 0.021484375 
0 0.3935546875 0.296875 0.021484375 0.021484375 
0 0.560546875 0.1982421875 0.0224609375 0.0224609375 
0 0.5712890625 0.3466796875 0.021484375 0.021484375 
0 0.4833984375 0.5654296875 0.0234375 0.0234375 
0 0.7138671875 0.0361328125 0.0234375 0.0234375 
1 0.548828125 0.2314453125 0.021484375 0.021484375 
0 0.4736328125 0.1650390625 0.021484375 0.021484375 
1 0.353515625 0.3369140625 0.021484375 0.021484375 
1 0.48046875 0.5146484375 0.0224609375 0.0224609375 
1 0.5048828125 0.8564453125 0.021484375 0.021484375 
0 0.67578125 0.091796875 0.0224609375 0.0224609375 
0 0.427734375 0.60546875 0.021484375 0.021484375 
0 0.5380859375 0.1064453125 0.021484375 0.021484375 
0 0.4697265625 0.8037109375 0.0224609375 0.0224609375 
0 0.427734375 0.564453125 0.021484375 0.021484375 
0 0.439453125 0.318359375 0.0234375 0.0234375 
0 0.2734375 0.0322265625 0.021484375 0.021484375 
0 0.359375 0.2861328125 0.0234375 0.0234375 
0 0.5263671875 0.595703125 0.0234375 0.0234375 
0 0.390625 0.4658203125 0.021484375 0.021484375 
0 0.5341796875 0.755859375 0.0224609375 0.0224609375 
0 0.6435546875 0.2841796875 0.021484375 0.021484375 
0 0.359375 0.14453125 0.021484375 0.021484375 
0 0.4697265625 0.8447265625 0.021484375 0.021484375 
1 0.6220703125 0.3388671875 0.0224609375 0.0224609375 
1 0.45703125 0.37890625 0.021484375 0.021484375 
0 0.6103515625 0.4013671875 0.0234375 0.0234375 
0 0.419921875 0.109375 0.021484375 0.021484375 
1 0.439453125 0.1953125 0.021484375 0.021484375 
0 0.419921875 0.525390625 0.0234375 0.0234375 
1 0.6435546875 0.185546875 0.021484375 0.021484375 
1 0.490234375 0.1435546875 0.0224609375 0.0224609375 
0 0.552734375 0.69140625 0.021484375 0.021484375 
0 0.544921875 0.8076171875 0.025390625 0.025390625 
1 0.650390625 0.0927734375 0.0224609375 0.0224609375 
0 0.521484375 0.521484375 0.0234375 0.0234375 
0 0.6279296875 0.2509765625 0.0224609375 0.0224609375 
1 0.443359375 0.6650390625 0.021484375 0.021484375 
0 0.3984375 0.2587890625 0.021484375 0.021484375 
1 0.5009765625 0.671875 0.0224609375 0.0224609375 
0 0.5576171875 0.3310546875 0.021484375 0.021484375 
0 0.322265625 0.181640625 0.021484375 0.021484375 
0 0.513671875 0.4326171875 0.0234375 0.0234375 
0 0.5927734375 0.6025390625 0.021484375 0.021484375 
1 0.572265625 0.380859375 0.021484375 0.021484375 
0 0.345703125 0.2578125 0.021484375 0.021484375 
0 0.5048828125 0.6044921875 0.021484375 0.021484375 
1 0.3642578125 0.2470703125 0.021484375 0.021484375 
0 0.5302734375 0.0849609375 0.0234375 0.0234375 
0 0.5654296875 0.1669921875 0.0224609375 0.0224609375 
0 0.42578125 0.423828125 0.021484375 0.021484375 
0 0.5068359375 0.2744140625 0.0234375 0.0234375 
0 0.5556640625 0.4423828125 0.0224609375 0.0224609375 
1 0.5341796875 0.376953125 0.0224609375 0.0224609375 
0 0.359375 0.0595703125 0.021484375 0.021484375 
1 0.6005859375 0.3486328125 0.021484375 0.021484375 
1 0.56640625 0.6572265625 0.021484375 0.021484375 
0 0.5068359375 0.5546875 0.0234375 0.0234375 
0 0.5986328125 0.365234375 0.0234375 0.0234375 
0 0.4521484375 0.6298828125 0.021484375 0.021484375 
0 0.287109375 0.087890625 0.0224609375 0.0224609375 
0 0.5146484375 0.14453125 0.021484375 0.021484375 
1 0.41796875 0.2275390625 0.0224609375 0.0224609375 
0 0.4736328125 0.5419921875 0.021484375 0.021484375 
0 0.625 0.0546875 0.021484375 0.021484375 
0 0.5810546875 0.251953125 0.0234375 0.0234375 
0 0.5205078125 0.7080078125 0.021484375 0.021484375 
0 0.54296875 0.138671875 0.0234375 0.0234375 
0 0.59375 0.107421875 0.0224609375 0.0224609375 
0 0.6123046875 0.5361328125 0.0234375 0.0234375 
1 0.4482421875 0.267578125 0.0224609375 0.0224609375 
0 0.583984375 0.068359375 0.0234375 0.0234375 
0 0.4521484375 0.8369140625 0.01953125 0.01953125 
0 0.5048828125 0.0888671875 0.0234375 0.0234375 
0 0.3916015625 0.5732421875 0.0234375 0.0234375 
0 0.400390625 0.548828125 0.021484375 0.021484375 
1 0.46484375 0.5078125 0.021484375 0.021484375 
0 0.400390625 0.3779296875 0.0234375 0.0234375 
0 0.3447265625 0.0908203125 0.0224609375 0.0224609375 
0 0.470703125 0.0654296875 0.021484375 0.021484375 
0 0.6455078125 0.203125 0.021484375 0.021484375 
0 0.4375 0.236328125 0.0234375 0.0234375 
0 0.44140625 0.111328125 0.021484375 0.021484375 
0 0.5341796875 0.2109375 0.021484375 0.021484375 
0 0.4677734375 0.4560546875 0.0234375 0.0234375 
0 0.5224609375 0.2998046875 0.0234375 0.0234375 
1 0.4765625 0.8720703125 0.0234375 0.0234375 
1 0.5908203125 0.0419921875 0.021484375 0.021484375 
0 0.318359375 0.255859375 0.0234375 0.0234375 
0 0.4677734375 0.3154296875 0.0234375 0.0234375 
0 0.4873046875 0.732421875 0.0234375 0.0234375 
0 0.623046875 0.0908203125 0.021484375 0.021484375 
1 0.361328125 0.3544921875 0.021484375 0.021484375 
0 0.5986328125 0.5126953125 0.0224609375 0.0224609375 
0 0.4560546875 0.591796875 0.0234375 0.0234375 
0 0.3779296875 0.28125 0.0224609375 0.0224609375 
0 0.5546875 0.765625 0.025390625 0.025390625 
0 0.5234375 0.26171875 0.021484375 0.021484375 
1 0.55859375 0.5146484375 0.021484375 0.021484375 
0 0.5380859375 0.826171875 0.01953125 0.01953125 
1 0.634765625 0.033203125 0.021484375 0.021484375 
0 0.5595703125 0.39453125 0.0234375 0.0234375 
0 0.5439453125 0.2890625 0.021484375 0.021484375 
0 0.501953125 0.126953125 0.021484375 0.021484375 
1 0.5302734375 0.884765625 0.0234375 0.0234375 
0 0.6572265625 0.216796875 0.021484375 0.021484375 
0 0.30078125 0.146484375 0.0224609375 0.0224609375 
0 0.5615234375 0.7216796875 0.021484375 0.021484375 
0 0.4658203125 0.5283203125 0.021484375 0.021484375 
1 0.3408203125 0.1083984375 0.0224609375 0.0224609375 
0 0.3798828125 0.431640625 0.0224609375 0.0224609375 
0 0.634765625 0.2236328125 0.0234375 0.0234375 
0 0.5166015625 0.1826171875 0.021484375 0.021484375 
0 0.6005859375 0.1962890625 0.021484375 0.021484375 
1 0.5244140625 0.1650390625 0.021484375 0.021484375 
0 0.380859375 0.4521484375 0.021484375 0.021484375 
0 0.4443359375 0.17578125 0.021484375 0.021484375 
0 0.44140625 0.642578125 0.021484375 0.021484375 
0 0.5908203125 0.4697265625 0.021484375 0.021484375 
0 0.3681640625 0.1025390625 0.021484375 0.021484375 
0 0.32421875 0.0400390625 0.021484375 0.021484375 
0 0.712890625 0.0654296875 0.021484375 0.021484375 
1 0.400390625 0.076171875 0.0224609375 0.0224609375 
0 0.6083984375 0.3212890625 0.021484375 0.021484375 
0 0.568359375 0.630859375 0.021484375 0.021484375 
0 0.658203125 0.1748046875 0.0234375 0.0234375 
0 0.3642578125 0.3203125 0.0234375 0.0234375 
0 0.419921875 0.13671875 0.021484375 0.021484375 
1 0.3486328125 0.1572265625 0.0224609375 0.0224609375 
0 0.580078125 0.2294921875 0.021484375 0.021484375 
0 0.61328125 0.04296875 0.0234375 0.0234375 
0 0.443359375 0.44921875 0.021484375 0.021484375 
0 0.45703125 0.29296875 0.021484375 0.021484375 
1 0.5537109375 0.0810546875 0.021484375 0.021484375 
0 0.34375 0.2890625 0.0234375 0.0234375 
0 0.5107421875 0.5712890625 0.0234375 0.0234375 
0 0.5078125 0.3330078125 0.021484375 0.021484375 
0 0.5712890625 0.1337890625 0.021484375 0.021484375 
1 0.51953125 0.4931640625 0.021484375 0.021484375 
0 0.36328125 0.37890625 0.0234375 0.0234375 
0 0.52734375 0.041015625 0.0234375 0.0234375 
0 0.5615234375 0.240234375 0.0234375 0.0234375 
1 0.685546875 0.0341796875 0.021484375 0.021484375 
1 0.5390625 0.5830078125 0.021484375 0.021484375 
1 0.515625 0.1015625 0.0224609375 0.0224609375 
0 0.482421875 0.205078125 0.021484375 0.021484375 
0 0.443359375 0.478515625 0.021484375 0.021484375 
0 0.52734375 0.1181640625 0.0234375 0.0234375 
0 0.5576171875 0.140625 0.0234375 0.0234375 
0 0.50390625 0.0556640625 0.021484375 0.021484375 
0 0.5283203125 0.5078125 0.021484375 0.021484375 
0 0.3212890625 0.1044921875 0.021484375 0.021484375 
