1 0.4755859375 0.3916015625 0.021484375 0.021484375 
1 0.46875 0.7802734375 0.021484375 0.021484375 
0 0.583984375 0.205078125 0.0234375 0.0234375 
0 0.484375 0.431640625 0.0234375 0.0234375 
1 0.564453125 0.7021484375 0.021484375 0.021484375 
1 0.6357421875 0.31640625 0.021484375 0.021484375 
1 0.541015625 0.369140625 0.0224609375 0.0224609375 
0 0.4580078125 0.38671875 0.021484375 0.021484375 
1 0.560546875 0.2607421875 0.021484375 0.021484375 
0 0.3251953125 0.091796875 0.021484375 0.021484375 
0 0.4775390625 0.251953125 0.021484375 0.021484375 
0 0.666015625 0.2080078125 0.021484375 0.021484375 
0 0.5244140625 0.201171875 0.021484375 0.021484375 
1 0.345703125 0.32421875 0.021484375 0.021484375 
0 0.529296875 0.482421875 0.021484375 0.021484375 
1 0.490234375 0.607421875 0.021484375 0.021484375 
0 0.431640625 0.259765625 0.0234375 0.0234375 
0 0.4384765625 0.2255859375 0.021484375 0.021484375 
1 0.591796875 0.6103515625 0.0224609375 0.0224609375 
0 0.3759765625 0.2646484375 0.0234375 0.0234375 
1 0.65625 0.0830078125 0.021484375 0.021484375 
1 0.419921875 0.060546875 0.0224609375 0.0224609375 
0 0.5341796875 0.134765625 0.0234375 0.0234375 
1 0.5595703125 0.4765625 0.021484375 0.021484375 
0 0.4755859375 0.8095703125 0.0224609375 0.0224609375 
0 0.5673828125 0.5703125 0.0234375 0.0234375 
0 0.4541015625 0.693359375 0.0234375 0.0234375 
1 0.6220703125 0.2314453125 0.021484375 0.021484375 
1 0.505859375 0.5595703125 0.021484375 0.021484375 
0 0.4521484375 0.1513671875 0.021484375 0.021484375 
0 0.669921875 0.15625 0.021484375 0.021484375 
1 0.466796875 0.765625 0.021484375 0.021484375 
1 0.59765625 0.107421875 0.0224609375 0.0224609375 
0 0.537109375 0.193359375 0.021484375 0.021484375 
1 0.3896484375 0.326171875 0.0224609375 0.0224609375 
0 0.541015625 0.61328125 0.0224609375 0.0224609375 
0 0.3525390625 0.4013671875 0.021484375 0.021484375 
0 0.4658203125 0.5107421875 0.021484375 0.021484375 
0 0.5390625 0.3857421875 0.021484375 0.021484375 
1 0.451171875 0.6552734375 0.021484375 0.021484375 
0 0.5703125 0.333984375 0.021484375 0.021484375 
0 0.6376953125 0.0966796875 0.021484375 0.021484375 
0 0.423828125 0.5869140625 0.0234375 0.0234375 
0 0.5283203125 0.0947265625 0.021484375 0.021484375 
1 0.642578125 0.2666015625 0.021484375 0.021484375 
0 0.4873046875 0.787109375 0.0234375 0.0234375 
0 0.634765625 0.1416015625 0.0234375 0.0234375 
0 0.2822265625 0.078125 0.0224609375 0.0224609375 
0 0.423828125 0.681640625 0.021484375 0.021484375 
1 0.7080078125 0.0908203125 0.021484375 0.021484375 
0 0.490234375 0.5048828125 0.0234375 0.0234375 
0 0.400390625 0.259765625 0.0234375 0.0234375 
0 0.5439453125 0.2734375 0.0234375 0.0234375 
0 0.6064453125 0.3603515625 0.021484375 0.021484375 
0 0.576171875 0.3173828125 0.0234375 0.0234375 
0 0.4716796875 0.8935546875 0.0224609375 0.0224609375 
0 0.296875 0.169921875 0.0234375 0.0234375 
0 0.5341796875 0.4052734375 0.021484375 0.021484375 
0 0.326171875 0.1865234375 0.021484375 0.021484375 
1 0.359375 0.2998046875 0.0224609375 0.0224609375 
1 0.537109375 0.578125 0.0224609375 0.0224609375 
0 0.6181640625 0.18359375 0.0234375 0.0234375 
0 0.517578125 0.7216796875 0.021484375 0.021484375 
0 0.4990234375 0.69921875 0.021484375 0.021484375 
0 0.3876953125 0.2861328125 0.021484375 0.021484375 
0 0.5478515625 0.5927734375 0.021484375 0.021484375 
1 0.5712890625 0.4375 0.021484375 0.021484375 
0 0.51171875 0.193359375 0.0234375 0.0234375 
1 0.423828125 0.4453125 0.0224609375 0.0224609375 
0 0.5341796875 0.76953125 0.0224609375 0.0224609375 
1 0.556640625 0.740234375 0.0224609375 0.0224609375 
1 0.43359375 0.7578125 0.0234375 0.0234375 
1 0.517578125 0.8134765625 0.0234375 0.0234375 
0 0.396484375 0.2216796875 0.021484375 0.021484375 
1 0.7080078125 0.060546875 0.021484375 0.021484375 
1 0.6328125 0.1259765625 0.0224609375 0.0224609375 
0 0.4521484375 0.3447265625 0.0234375 0.0234375 
0 0.4677734375 0.29296875 0.021484375 0.021484375 
0 0.4951171875 0.06640625 0.0234375 0.0234375 
0 0.69921875 0.123046875 0.0234375 0.0234375 
0 0.4326171875 0.5478515625 0.021484375 0.021484375 
0 0.4697265625 0.7431640625 0.021484375 0.021484375 
0 0.4111328125 0.359375 0.0234375 0.0234375 
1 0.419921875 0.216796875 0.021484375 0.021484375 
0 0.5126953125 0.5322265625 0.0234375 0.0234375 
0 0.5830078125 0.458984375 0.021484375 0.021484375 
0 0.359375 0.140625 0.021484375 0.021484375 
1 0.64453125 0.248046875 0.021484375 0.021484375 
0 0.615234375 0.115234375 0.021484375 0.021484375 
0 0.54296875 0.63671875 0.0234375 0.0234375 
1 0.41015625 0.4111328125 0.021484375 0.021484375 
0 0.462890625 0.08984375 0.0234375 0.0234375 
0 0.341796875 0.3623046875 0.021484375 0.021484375 
0 0.330078125 0.04296875 0.0234375 0.0234375 
1 0.556640625 0.0654296875 0.021484375 0.021484375 
0 0.4521484375 0.3203125 0.021484375 0.021484375 
1 0.5234375 0.2880859375 0.0224609375 0.0224609375 
0 0.4345703125 0.1796875 0.021484375 0.021484375 
1 0.43359375 0.41796875 0.0224609375 0.0224609375 
1 0.486328125 0.09765625 0.021484375 0.021484375 
0 0.439453125 0.7001953125 0.021484375 0.021484375 
0 0.4677734375 0.728515625 0.0224609375 0.0224609375 
0 0.6904296875 0.169921875 0.0234375 0.0234375 
1 0.501953125 0.8115234375 0.021484375 0.021484375 
0 0.365234375 0.4228515625 0.0224609375 0.0224609375 
0 0.6181640625 0.29296875 0.021484375 0.021484375 
0 0.4521484375 0.8291015625 0.0224609375 0.0224609375 
0 0.603515625 0.193359375 0.0234375 0.0234375 
0 0.4755859375 0.681640625 0.0224609375 0.0224609375 
0 0.3720703125 0.4482421875 0.021484375 0.021484375 
0 0.4931640625 0.490234375 0.0234375 0.0234375 
0 0.4365234375 0.38671875 0.021484375 0.021484375 
0 0.6416015625 0.38671875 0.0234375 0.0234375 
0 0.5732421875 0.55078125 0.0224609375 0.0224609375 
0 0.603515625 0.154296875 0.021484375 0.021484375 
1 0.5205078125 0.3193359375 0.0224609375 0.0224609375 
0 0.634765625 0.0732421875 0.021484375 0.021484375 
1 0.5263671875 0.892578125 0.021484375 0.021484375 
0 0.56640625 0.6103515625 0.0234375 0.0234375 
1 0.611328125 0.037109375 0.0224609375 0.0224609375 
