0 0.4443359375 0.1689453125 0.0234375 0.0234375 
1 0.3876953125 0.484375 0.021484375 0.021484375 
0 0.5673828125 0.173828125 0.021484375 0.021484375 
0 0.4892578125 0.869140625 0.0224609375 0.0224609375 
0 0.443359375 0.0361328125 0.021484375 0.021484375 
0 0.4970703125 0.748046875 0.021484375 0.021484375 
1 0.4296875 0.16015625 0.021484375 0.021484375 
0 0.607421875 0.087890625 0.0224609375 0.0224609375 
0 0.6494140625 0.3046875 0.0234375 0.0234375 
0 0.607421875 0.484375 0.0234375 0.0234375 
0 0.6279296875 0.3583984375 0.0234375 0.0234375 
0 0.4931640625 0.775390625 0.021484375 0.021484375 
0 0.5078125 0.5458984375 0.021484375 0.021484375 
0 0.5166015625 0.455078125 0.0234375 0.0234375 
0 0.6259765625 0.177734375 0.0234375 0.0234375 
0 0.576171875 0.5859375 0.021484375 0.021484375 
0 0.541015625 0.4091796875 0.0224609375 0.0224609375 
0 0.3974609375 0.4033203125 0.021484375 0.021484375 
0 0.5048828125 0.3251953125 0.0234375 0.0234375 
0 0.42578125 0.3984375 0.021484375 0.021484375 
0 0.5185546875 0.7197265625 0.021484375 0.021484375 
0 0.4736328125 0.234375 0.021484375 0.021484375 
0 0.6904296875 0.1591796875 0.021484375 0.021484375 
0 0.56640625 0.328125 0.021484375 0.021484375 
0 0.47265625 0.32421875 0.0224609375 0.0224609375 
1 0.47265625 0.703125 0.021484375 0.021484375 
0 0.5283203125 0.6123046875 0.0234375 0.0234375 
0 0.5322265625 0.841796875 0.0224609375 0.0224609375 
1 0.47265625 0.369140625 0.021484375 0.021484375 
1 0.38671875 0.123046875 0.021484375 0.021484375 
1 0.55078125 0.5458984375 0.021484375 0.021484375 
0 0.46484375 0.2470703125 0.021484375 0.021484375 
0 0.455078125 0.494140625 0.021484375 0.021484375 
0 0.5615234375 0.5712890625 0.021484375 0.021484375 
0 0.4052734375 0.453125 0.0234375 0.0234375 
0 0.427734375 0.6455078125 0.021484375 0.021484375 
0 0.5146484375 0.619140625 0.021484375 0.021484375 
0 0.4443359375 0.5078125 0.0234375 0.0234375 
0 0.5009765625 0.654296875 0.021484375 0.021484375 
0 0.4013671875 0.6259765625 0.0234375 0.0234375 
1 0.392578125 0.1689453125 0.021484375 0.021484375 
0 0.435546875 0.2197265625 0.021484375 0.021484375 
0 0.2880859375 0.123046875 0.021484375 0.021484375 
0 0.548828125 0.6962890625 0.0234375 0.0234375 
1 0.638671875 0.265625 0.0224609375 0.0224609375 
0 0.515625 0.841796875 0.0224609375 0.0224609375 
1 0.373046875 0.2177734375 0.021484375 0.021484375 
0 0.505859375 0.1591796875 0.021484375 0.021484375 
0 0.30078125 0.130859375 0.021484375 0.021484375 
0 0.40234375 0.4697265625 0.0234375 0.0234375 
0 0.4140625 0.0810546875 0.021484375 0.021484375 
0 0.5146484375 0.5830078125 0.0224609375 0.0224609375 
1 0.5595703125 0.6396484375 0.021484375 0.021484375 
0 0.4609375 0.1474609375 0.021484375 0.021484375 
0 0.5244140625 0.5234375 0.021484375 0.021484375 
0 0.685546875 0.0791015625 0.021484375 0.021484375 
1 0.3759765625 0.2822265625 0.0224609375 0.0224609375 
0 0.5927734375 0.486328125 0.0224609375 0.0224609375 
1 0.4208984375 0.3388671875 0.021484375 0.021484375 
0 0.4990234375 0.2216796875 0.021484375 0.021484375 
0 0.5830078125 0.4736328125 0.0224609375 0.0224609375 
0 0.5537109375 0.25 0.0234375 0.0234375 
0 0.556640625 0.6552734375 0.0234375 0.0234375 
1 0.447265625 0.3642578125 0.021484375 0.021484375 
0 0.53515625 0.6640625 0.021484375 0.021484375 
1 0.5986328125 0.306640625 0.021484375 0.021484375 
1 0.4306640625 0.0712890625 0.0224609375 0.0224609375 
0 0.4208984375 0.529296875 0.021484375 0.021484375 
0 0.654296875 0.0419921875 0.021484375 0.021484375 
0 0.435546875 0.478515625 0.0234375 0.0234375 
0 0.6708984375 0.080078125 0.0234375 0.0234375 
1 0.427734375 0.2529296875 0.0224609375 0.0224609375 
0 0.4853515625 0.064453125 0.0234375 0.0234375 
0 0.4580078125 0.451171875 0.0224609375 0.0224609375 
1 0.421875 0.0498046875 0.021484375 0.021484375 
1 0.2802734375 0.0302734375 0.021484375 0.021484375 
0 0.328125 0.0361328125 0.0234375 0.0234375 
1 0.431640625 0.2021484375 0.021484375 0.021484375 
0 0.68359375 0.1728515625 0.021484375 0.021484375 
0 0.421875 0.2392578125 0.0224609375 0.0224609375 
0 0.541015625 0.7451171875 0.0234375 0.0234375 
0 0.5791015625 0.2763671875 0.021484375 0.021484375 
0 0.5009765625 0.4765625 0.021484375 0.021484375 
0 0.3935546875 0.5224609375 0.0234375 0.0234375 
0 0.6767578125 0.140625 0.021484375 0.021484375 
1 0.5283203125 0.3984375 0.021484375 0.021484375 
0 0.6123046875 0.345703125 0.0234375 0.0234375 
0 0.4873046875 0.0810546875 0.021484375 0.021484375 
0 0.5927734375 0.1923828125 0.021484375 0.021484375 
0 0.4384765625 0.5869140625 0.021484375 0.021484375 
0 0.50390625 0.28125 0.021484375 0.021484375 
0 0.4873046875 0.5068359375 0.0234375 0.0234375 
0 0.4609375 0.615234375 0.021484375 0.021484375 
1 0.529296875 0.8115234375 0.021484375 0.021484375 
1 0.6279296875 0.2255859375 0.021484375 0.021484375 
0 0.640625 0.1064453125 0.021484375 0.021484375 
0 0.5419921875 0.4287109375 0.0234375 0.0234375 
1 0.5126953125 0.34375 0.0224609375 0.0224609375 
0 0.48828125 0.3857421875 0.021484375 0.021484375 
0 0.4931640625 0.6884765625 0.021484375 0.021484375 
1 0.533203125 0.3623046875 0.0224609375 0.0224609375 
0 0.6123046875 0.279296875 0.021484375 0.021484375 
0 0.4912109375 0.10546875 0.0224609375 0.0224609375 
0 0.4326171875 0.6220703125 0.021484375 0.021484375 
0 0.576171875 0.30859375 0.021484375 0.021484375 
0 0.4365234375 0.2998046875 0.021484375 0.021484375 
0 0.501953125 0.79296875 0.025390625 0.025390625 
0 0.5830078125 0.2314453125 0.0234375 0.0234375 
1 0.3828125 0.2529296875 0.021484375 0.021484375 
0 0.5556640625 0.06640625 0.0234375 0.0234375 
0 0.6083984375 0.322265625 0.021484375 0.021484375 
0 0.509765625 0.236328125 0.0234375 0.0234375 
0 0.6279296875 0.462890625 0.021484375 0.021484375 
0 0.529296875 0.8818359375 0.01953125 0.01953125 
0 0.3583984375 0.126953125 0.0234375 0.0234375 
0 0.408203125 0.1064453125 0.021484375 0.021484375 
0 0.603515625 0.5146484375 0.0224609375 0.0224609375 
0 0.51953125 0.2109375 0.021484375 0.021484375 
0 0.62109375 0.0380859375 0.021484375 0.021484375 
0 0.4765625 0.890625 0.01953125 0.01953125 
1 0.623046875 0.4443359375 0.0224609375 0.0224609375 
1 0.453125 0.1162109375 0.021484375 0.021484375 
0 0.4580078125 0.265625 0.0234375 0.0234375 
0 0.5556640625 0.34375 0.0224609375 0.0224609375 
0 0.439453125 0.607421875 0.0224609375 0.0224609375 
0 0.5263671875 0.2880859375 0.021484375 0.021484375 
0 0.60546875 0.169921875 0.0234375 0.0234375 
0 0.54296875 0.1474609375 0.0224609375 0.0224609375 
0 0.4111328125 0.3046875 0.0234375 0.0234375 
1 0.4326171875 0.1064453125 0.021484375 0.021484375 
0 0.3515625 0.34375 0.021484375 0.021484375 
0 0.431640625 0.681640625 0.0234375 0.0234375 
0 0.353515625 0.3701171875 0.021484375 0.021484375 
0 0.5478515625 0.2744140625 0.021484375 0.021484375 
0 0.3798828125 0.0908203125 0.021484375 0.021484375 
0 0.4560546875 0.083984375 0.0234375 0.0234375 
0 0.572265625 0.375 0.0234375 0.0234375 
0 0.419921875 0.3828125 0.0234375 0.0234375 
0 0.595703125 0.611328125 0.021484375 0.021484375 
1 0.5966796875 0.5771484375 0.0224609375 0.0224609375 
1 0.365234375 0.41796875 0.021484375 0.021484375 
0 0.3818359375 0.1884765625 0.0234375 0.0234375 
0 0.3720703125 0.150390625 0.0224609375 0.0224609375 
1 0.494140625 0.140625 0.021484375 0.021484375 
0 0.541015625 0.46875 0.0234375 0.0234375 
1 0.541015625 0.3291015625 0.021484375 0.021484375 
0 0.537109375 0.2080078125 0.0234375 0.0234375 
0 0.693359375 0.1083984375 0.021484375 0.021484375 
0 0.5791015625 0.0576171875 0.021484375 0.021484375 
1 0.4111328125 0.1904296875 0.021484375 0.021484375 
0 0.5712890625 0.544921875 0.0224609375 0.0224609375 
0 0.3115234375 0.033203125 0.0234375 0.0234375 
1 0.380859375 0.4326171875 0.021484375 0.021484375 
1 0.2919921875 0.0576171875 0.021484375 0.021484375 
0 0.5751953125 0.251953125 0.0224609375 0.0224609375 
0 0.4677734375 0.568359375 0.0234375 0.0234375 
0 0.38671875 0.3544921875 0.0234375 0.0234375 
0 0.421875 0.5537109375 0.0234375 0.0234375 
0 0.3515625 0.3154296875 0.0224609375 0.0224609375 
0 0.4287109375 0.4140625 0.0234375 0.0234375 
0 0.3017578125 0.166015625 0.0234375 0.0234375 
0 0.6064453125 0.3955078125 0.021484375 0.021484375 
1 0.607421875 0.416015625 0.021484375 0.021484375 
0 0.466796875 0.404296875 0.021484375 0.021484375 
0 0.5712890625 0.3994140625 0.021484375 0.021484375 
0 0.5849609375 0.1494140625 0.021484375 0.021484375 
0 0.40625 0.5458984375 0.021484375 0.021484375 
0 0.3828125 0.296875 0.0234375 0.0234375 
0 0.546875 0.8046875 0.0224609375 0.0224609375 
0 0.4541015625 0.74609375 0.021484375 0.021484375 
0 0.52734375 0.234375 0.021484375 0.021484375 
0 0.373046875 0.376953125 0.0224609375 0.0224609375 
0 0.318359375 0.1533203125 0.021484375 0.021484375 
0 0.546875 0.5947265625 0.021484375 0.021484375 
1 0.4150390625 0.12109375 0.0224609375 0.0224609375 
0 0.404296875 0.2255859375 0.0234375 0.0234375 
0 0.3671875 0.4541015625 0.021484375 0.021484375 
0 0.369140625 0.3232421875 0.0234375 0.0234375 
0 0.4375 0.2724609375 0.021484375 0.021484375 
0 0.4716796875 0.8759765625 0.021484375 0.021484375 
1 0.3369140625 0.2666015625 0.021484375 0.021484375 
0 0.4775390625 0.12890625 0.021484375 0.021484375 
