0 0.3837890625 0.052734375 0.0224609375 0.0224609375 
1 0.521484375 0.7470703125 0.021484375 0.021484375 
0 0.4638671875 0.5341796875 0.021484375 0.021484375 
0 0.404296875 0.044921875 0.021484375 0.021484375 
0 0.62109375 0.5 0.021484375 0.021484375 
0 0.4697265625 0.234375 0.0234375 0.0234375 
0 0.40234375 0.1806640625 0.021484375 0.021484375 
0 0.3349609375 0.19140625 0.021484375 0.021484375 
0 0.4228515625 0.373046875 0.021484375 0.021484375 
0 0.6630859375 0.2470703125 0.021484375 0.021484375 
0 0.423828125 0.46484375 0.0234375 0.0234375 
0 0.4638671875 0.4560546875 0.021484375 0.021484375 
0 0.4501953125 0.4072265625 0.0234375 0.0234375 
0 0.478515625 0.3359375 0.021484375 0.021484375 
0 0.3408203125 0.1025390625 0.021484375 0.021484375 
0 0.5224609375 0.2275390625 0.021484375 0.021484375 
0 0.3701171875 0.1669921875 0.021484375 0.021484375 
1 0.515625 0.85546875 0.0234375 0.0234375 
0 0.4384765625 0.4189453125 0.0234375 0.0234375 
0 0.6083984375 0.54296875 0.021484375 0.021484375 
0 0.5966796875 0.0478515625 0.0234375 0.0234375 
0 0.556640625 0.66796875 0.021484375 0.021484375 
0 0.642578125 0.1083984375 0.021484375 0.021484375 
1 0.4814453125 0.6669921875 0.021484375 0.021484375 
0 0.404296875 0.3583984375 0.021484375 0.021484375 
1 0.294921875 0.1328125 0.021484375 0.021484375 
0 0.5810546875 0.505859375 0.0234375 0.0234375 
0 0.474609375 0.2548828125 0.0224609375 0.0224609375 
0 0.568359375 0.3076171875 0.0234375 0.0234375 
0 0.3955078125 0.4365234375 0.0234375 0.0234375 
0 0.4853515625 0.5634765625 0.021484375 0.021484375 
1 0.53125 0.5361328125 0.021484375 0.021484375 
0 0.3212890625 0.201171875 0.021484375 0.021484375 
0 0.6201171875 0.4853515625 0.021484375 0.021484375 
0 0.451171875 0.16796875 0.021484375 0.021484375 
0 0.4013671875 0.4833984375 0.021484375 0.021484375 
1 0.54296875 0.4892578125 0.021484375 0.021484375 
1 0.62109375 0.1806640625 0.0224609375 0.0224609375 
0 0.421875 0.1875 0.0234375 0.0234375 
0 0.560546875 0.0419921875 0.021484375 0.021484375 
1 0.5517578125 0.62890625 0.021484375 0.021484375 
0 0.56640625 0.5283203125 0.021484375 0.021484375 
0 0.51953125 0.1328125 0.0234375 0.0234375 
0 0.5029296875 0.5400390625 0.021484375 0.021484375 
0 0.583984375 0.5791015625 0.021484375 0.021484375 
1 0.5869140625 0.4833984375 0.021484375 0.021484375 
0 0.5146484375 0.4794921875 0.021484375 0.021484375 
0 0.5419921875 0.7216796875 0.021484375 0.021484375 
0 0.3330078125 0.146484375 0.021484375 0.021484375 
0 0.361328125 0.4111328125 0.021484375 0.021484375 
0 0.384765625 0.1611328125 0.021484375 0.021484375 
0 0.603515625 0.0869140625 0.0234375 0.0234375 
0 0.6005859375 0.12109375 0.021484375 0.021484375 
0 0.4990234375 0.197265625 0.0234375 0.0234375 
1 0.587890625 0.2236328125 0.0224609375 0.0224609375 
0 0.599609375 0.1796875 0.0234375 0.0234375 
0 0.5439453125 0.1669921875 0.021484375 0.021484375 
0 0.5703125 0.1474609375 0.021484375 0.021484375 
0 0.5029296875 0.6201171875 0.021484375 0.021484375 
0 0.4873046875 0.71875 0.0224609375 0.0224609375 
1 0.5078125 0.646484375 0.021484375 0.021484375 
0 0.3876953125 0.5546875 0.021484375 0.021484375 
0 0.4951171875 0.26171875 0.021484375 0.021484375 
1 0.455078125 0.67578125 0.021484375 0.021484375 
0 0.4833984375 0.228515625 0.0234375 0.0234375 
0 0.4560546875 0.37109375 0.0234375 0.0234375 
0 0.5576171875 0.5517578125 0.0234375 0.0234375 
1 0.390625 0.1142578125 0.021484375 0.021484375 
0 0.3818359375 0.2001953125 0.0234375 0.0234375 
1 0.3095703125 0.0927734375 0.021484375 0.021484375 
0 0.4482421875 0.7353515625 0.021484375 0.021484375 
1 0.5556640625 0.1142578125 0.021484375 0.021484375 
0 0.3525390625 0.380859375 0.0234375 0.0234375 
0 0.5419921875 0.64453125 0.021484375 0.021484375 
0 0.5 0.5146484375 0.021484375 0.021484375 
0 0.646484375 0.3076171875 0.0234375 0.0234375 
0 0.5419921875 0.51953125 0.021484375 0.021484375 
1 0.6630859375 0.2783203125 0.0224609375 0.0224609375 
0 0.4560546875 0.251953125 0.021484375 0.021484375 
0 0.5185546875 0.73046875 0.021484375 0.021484375 
0 0.6015625 0.14453125 0.0224609375 0.0224609375 
1 0.44140625 0.205078125 0.021484375 0.021484375 
0 0.443359375 0.1220703125 0.0224609375 0.0224609375 
0 0.50390625 0.041015625 0.0234375 0.0234375 
0 0.6630859375 0.1064453125 0.0234375 0.0234375 
0 0.5029296875 0.833984375 0.025390625 0.025390625 
0 0.306640625 0.0498046875 0.0234375 0.0234375 
0 0.552734375 0.087890625 0.021484375 0.021484375 
1 0.3671875 0.470703125 0.021484375 0.021484375 
1 0.47265625 0.0732421875 0.0224609375 0.0224609375 
0 0.638671875 0.27734375 0.021484375 0.021484375 
0 0.48046875 0.775390625 0.021484375 0.021484375 
1 0.5810546875 0.5625 0.0224609375 0.0224609375 
0 0.52734375 0.24609375 0.021484375 0.021484375 
1 0.4375 0.3486328125 0.021484375 0.021484375 
1 0.57421875 0.47265625 0.021484375 0.021484375 
0 0.4794921875 0.5234375 0.0234375 0.0234375 
0 0.35546875 0.1328125 0.021484375 0.021484375 
0 0.4765625 0.6064453125 0.021484375 0.021484375 
0 0.4677734375 0.3955078125 0.0234375 0.0234375 
0 0.412109375 0.501953125 0.021484375 0.021484375 
0 0.66015625 0.060546875 0.021484375 0.021484375 
0 0.5927734375 0.3291015625 0.0234375 0.0234375 
0 0.5078125 0.8115234375 0.025390625 0.025390625 
1 0.5927734375 0.302734375 0.0224609375 0.0224609375 
0 0.47265625 0.203125 0.021484375 0.021484375 
0 0.6298828125 0.4375 0.0234375 0.0234375 
0 0.50390625 0.4580078125 0.021484375 0.021484375 
0 0.4169921875 0.3291015625 0.0234375 0.0234375 
0 0.3486328125 0.2392578125 0.021484375 0.021484375 
1 0.3798828125 0.4228515625 0.0224609375 0.0224609375 
0 0.4013671875 0.1376953125 0.021484375 0.021484375 
0 0.5810546875 0.2451171875 0.021484375 0.021484375 
0 0.5771484375 0.5400390625 0.0234375 0.0234375 
0 0.5498046875 0.4716796875 0.0234375 0.0234375 
0 0.5126953125 0.70703125 0.021484375 0.021484375 
0 0.4375 0.2578125 0.021484375 0.021484375 
0 0.4013671875 0.1630859375 0.021484375 0.021484375 
0 0.4091796875 0.3017578125 0.021484375 0.021484375 
1 0.44140625 0.5654296875 0.021484375 0.021484375 
0 0.595703125 0.6162109375 0.021484375 0.021484375 
0 0.671875 0.142578125 0.0224609375 0.0224609375 
1 0.38671875 0.2216796875 0.021484375 0.021484375 
1 0.4189453125 0.048828125 0.021484375 0.021484375 
0 0.486328125 0.0556640625 0.021484375 0.021484375 
0 0.4873046875 0.5869140625 0.021484375 0.021484375 
1 0.412109375 0.6240234375 0.021484375 0.021484375 
0 0.478515625 0.625 0.021484375 0.021484375 
0 0.400390625 0.572265625 0.021484375 0.021484375 
1 0.5341796875 0.861328125 0.0234375 0.0234375 
