1 0.5126953125 0.3583984375 0.0224609375 0.0224609375 
1 0.3603515625 0.0341796875 0.021484375 0.021484375 
0 0.5390625 0.826171875 0.025390625 0.025390625 
1 0.529296875 0.13671875 0.0224609375 0.0224609375 
0 0.4228515625 0.341796875 0.021484375 0.021484375 
0 0.46875 0.6201171875 0.021484375 0.021484375 
0 0.4248046875 0.2431640625 0.021484375 0.021484375 
0 0.55078125 0.4951171875 0.021484375 0.021484375 
0 0.5068359375 0.6630859375 0.021484375 0.021484375 
0 0.6865234375 0.1044921875 0.0234375 0.0234375 
1 0.447265625 0.76953125 0.021484375 0.021484375 
0 0.36328125 0.109375 0.021484375 0.021484375 
1 0.3994140625 0.2333984375 0.021484375 0.021484375 
0 0.666015625 0.2080078125 0.021484375 0.021484375 
1 0.310546875 0.119140625 0.021484375 0.021484375 
0 0.4150390625 0.1845703125 0.021484375 0.021484375 
0 0.5126953125 0.072265625 0.021484375 0.021484375 
0 0.4287109375 0.529296875 0.021484375 0.021484375 
0 0.3642578125 0.3486328125 0.0224609375 0.0224609375 
0 0.4619140625 0.5693359375 0.0234375 0.0234375 
0 0.49609375 0.2255859375 0.0224609375 0.0224609375 
0 0.509765625 0.2763671875 0.021484375 0.021484375 
1 0.6396484375 0.236328125 0.021484375 0.021484375 
1 0.3486328125 0.1572265625 0.021484375 0.021484375 
0 0.603515625 0.2041015625 0.0224609375 0.0224609375 
0 0.46875 0.0380859375 0.021484375 0.021484375 
0 0.5283203125 0.716796875 0.021484375 0.021484375 
0 0.625 0.2958984375 0.0234375 0.0234375 
0 0.6591796875 0.2626953125 0.0234375 0.0234375 
0 0.5849609375 0.1669921875 0.0234375 0.0234375 
0 0.4833984375 0.5400390625 0.0234375 0.0234375 
0 0.53125 0.623046875 0.021484375 0.021484375 
0 0.548828125 0.59375 0.021484375 0.021484375 
0 0.5546875 0.3359375 0.021484375 0.021484375 
1 0.4658203125 0.09765625 0.021484375 0.021484375 
0 0.57421875 0.154296875 0.021484375 0.021484375 
0 0.541015625 0.181640625 0.0234375 0.0234375 
1 0.5244140625 0.6904296875 0.021484375 0.021484375 
0 0.39453125 0.3193359375 0.021484375 0.021484375 
1 0.423828125 0.5537109375 0.0224609375 0.0224609375 
1 0.4619140625 0.44921875 0.021484375 0.021484375 
1 0.4765625 0.3896484375 0.0224609375 0.0224609375 
0 0.4990234375 0.619140625 0.0234375 0.0234375 
0 0.509765625 0.7119140625 0.021484375 0.021484375 
1 0.6552734375 0.29296875 0.0224609375 0.0224609375 
0 0.6123046875 0.1318359375 0.021484375 0.021484375 
0 0.380859375 0.20703125 0.0234375 0.0234375 
1 0.57421875 0.302734375 0.0224609375 0.0224609375 
0 0.408203125 0.4697265625 0.021484375 0.021484375 
0 0.5634765625 0.5634765625 0.0234375 0.0234375 
0 0.2978515625 0.1728515625 0.0234375 0.0234375 
0 0.4755859375 0.8857421875 0.0224609375 0.0224609375 
1 0.5361328125 0.5859375 0.021484375 0.021484375 
0 0.5810546875 0.58984375 0.021484375 0.021484375 
1 0.4443359375 0.56640625 0.0224609375 0.0224609375 
0 0.3681640625 0.3310546875 0.021484375 0.021484375 
0 0.458984375 0.48046875 0.0234375 0.0234375 
0 0.45703125 0.13671875 0.0234375 0.0234375 
0 0.5693359375 0.041015625 0.0224609375 0.0224609375 
0 0.626953125 0.4013671875 0.021484375 0.021484375 
0 0.43359375 0.20703125 0.021484375 0.021484375 
1 0.45703125 0.1767578125 0.021484375 0.021484375 
0 0.53515625 0.19921875 0.021484375 0.021484375 
1 0.6005859375 0.3740234375 0.0224609375 0.0224609375 
0 0.4365234375 0.640625 0.021484375 0.021484375 
0 0.470703125 0.2822265625 0.021484375 0.021484375 
0 0.4521484375 0.462890625 0.021484375 0.021484375 
0 0.392578125 0.26953125 0.0234375 0.0234375 
0 0.3876953125 0.091796875 0.021484375 0.021484375 
1 0.3916015625 0.529296875 0.0224609375 0.0224609375 
1 0.4580078125 0.4033203125 0.021484375 0.021484375 
0 0.5302734375 0.25 0.0234375 0.0234375 
0 0.6396484375 0.0869140625 0.0234375 0.0234375 
0 0.53515625 0.4873046875 0.0234375 0.0234375 
0 0.5439453125 0.2587890625 0.0234375 0.0234375 
0 0.5087890625 0.7822265625 0.0224609375 0.0224609375 
0 0.5498046875 0.05859375 0.021484375 0.021484375 
1 0.6611328125 0.2451171875 0.021484375 0.021484375 
0 0.5576171875 0.4267578125 0.0224609375 0.0224609375 
1 0.4140625 0.3701171875 0.021484375 0.021484375 
0 0.4609375 0.787109375 0.0234375 0.0234375 
0 0.6572265625 0.095703125 0.021484375 0.021484375 
1 0.572265625 0.4912109375 0.021484375 0.021484375 
0 0.478515625 0.7744140625 0.01953125 0.01953125 
0 0.4189453125 0.3271484375 0.021484375 0.021484375 
0 0.3447265625 0.1396484375 0.0234375 0.0234375 
0 0.572265625 0.474609375 0.021484375 0.021484375 
1 0.4580078125 0.74609375 0.0224609375 0.0224609375 
0 0.3876953125 0.109375 0.021484375 0.021484375 
1 0.6083984375 0.541015625 0.021484375 0.021484375 
1 0.6328125 0.2744140625 0.021484375 0.021484375 
0 0.513671875 0.8701171875 0.025390625 0.025390625 
0 0.44140625 0.2373046875 0.021484375 0.021484375 
1 0.48046875 0.4501953125 0.0224609375 0.0224609375 
0 0.546875 0.642578125 0.0224609375 0.0224609375 
0 0.4140625 0.3544921875 0.021484375 0.021484375 
1 0.4482421875 0.689453125 0.0224609375 0.0224609375 
0 0.4423828125 0.287109375 0.0234375 0.0234375 
0 0.3623046875 0.212890625 0.0234375 0.0234375 
0 0.4638671875 0.26171875 0.0234375 0.0234375 
1 0.49609375 0.1640625 0.021484375 0.021484375 
0 0.400390625 0.1689453125 0.021484375 0.021484375 
0 0.5791015625 0.12890625 0.0234375 0.0234375 
0 0.29296875 0.0302734375 0.0234375 0.0234375 
0 0.412109375 0.076171875 0.0224609375 0.0224609375 
0 0.650390625 0.1396484375 0.0224609375 0.0224609375 
0 0.6240234375 0.0341796875 0.021484375 0.021484375 
0 0.5966796875 0.32421875 0.021484375 0.021484375 
0 0.4365234375 0.4091796875 0.021484375 0.021484375 
1 0.60546875 0.4306640625 0.021484375 0.021484375 
0 0.671875 0.1865234375 0.021484375 0.021484375 
0 0.369140625 0.40234375 0.0234375 0.0234375 
1 0.6787109375 0.2294921875 0.021484375 0.021484375 
0 0.541015625 0.2841796875 0.021484375 0.021484375 
0 0.3798828125 0.2578125 0.021484375 0.021484375 
