1 0.4677734375 0.162109375 0.0224609375 0.0224609375 
0 0.5439453125 0.5869140625 0.021484375 0.021484375 
0 0.56640625 0.0693359375 0.021484375 0.021484375 
0 0.4462890625 0.4775390625 0.021484375 0.021484375 
1 0.4951171875 0.63671875 0.021484375 0.021484375 
0 0.3916015625 0.27734375 0.021484375 0.021484375 
0 0.58203125 0.6474609375 0.021484375 0.021484375 
1 0.578125 0.1630859375 0.021484375 0.021484375 
0 0.3955078125 0.388671875 0.0234375 0.0234375 
0 0.404296875 0.3759765625 0.0224609375 0.0224609375 
0 0.375 0.0712890625 0.0234375 0.0234375 
0 0.373046875 0.1904296875 0.021484375 0.021484375 
0 0.45703125 0.5771484375 0.0234375 0.0234375 
0 0.3544921875 0.154296875 0.021484375 0.021484375 
0 0.615234375 0.37109375 0.021484375 0.021484375 
0 0.64453125 0.267578125 0.0234375 0.0234375 
0 0.6787109375 0.0322265625 0.021484375 0.021484375 
0 0.5048828125 0.0390625 0.0234375 0.0234375 
0 0.52734375 0.787109375 0.025390625 0.025390625 
0 0.505859375 0.412109375 0.0234375 0.0234375 
0 0.5498046875 0.6943359375 0.021484375 0.021484375 
0 0.5458984375 0.13671875 0.0234375 0.0234375 
1 0.5908203125 0.3330078125 0.0224609375 0.0224609375 
1 0.5537109375 0.158203125 0.021484375 0.021484375 
1 0.4375 0.6337890625 0.0224609375 0.0224609375 
0 0.392578125 0.2421875 0.021484375 0.021484375 
0 0.5869140625 0.5380859375 0.0234375 0.0234375 
0 0.6376953125 0.384765625 0.0234375 0.0234375 
0 0.6796875 0.169921875 0.021484375 0.021484375 
0 0.337890625 0.224609375 0.0234375 0.0234375 
0 0.6328125 0.404296875 0.021484375 0.021484375 
0 0.5498046875 0.0732421875 0.0224609375 0.0224609375 
0 0.4326171875 0.412109375 0.0234375 0.0234375 
0 0.388671875 0.1982421875 0.021484375 0.021484375 
0 0.3984375 0.4052734375 0.021484375 0.021484375 
1 0.486328125 0.7705078125 0.0234375 0.0234375 
1 0.5439453125 0.2314453125 0.0224609375 0.0224609375 
0 0.5419921875 0.5439453125 0.0234375 0.0234375 
0 0.583984375 0.3779296875 0.021484375 0.021484375 
1 0.662109375 0.109375 0.0224609375 0.0224609375 
1 0.5576171875 0.1845703125 0.0224609375 0.0224609375 
0 0.474609375 0.2216796875 0.0234375 0.0234375 
0 0.560546875 0.671875 0.0234375 0.0234375 
1 0.3876953125 0.125 0.0224609375 0.0224609375 
0 0.52734375 0.59765625 0.0234375 0.0234375 
1 0.50390625 0.208984375 0.0224609375 0.0224609375 
0 0.4345703125 0.0849609375 0.021484375 0.021484375 
0 0.546875 0.3173828125 0.0234375 0.0234375 
0 0.41015625 0.1796875 0.021484375 0.021484375 
0 0.599609375 0.232421875 0.0224609375 0.0224609375 
0 0.4638671875 0.1279296875 0.0234375 0.0234375 
0 0.4931640625 0.8671875 0.0224609375 0.0224609375 
0 0.5283203125 0.7724609375 0.025390625 0.025390625 
1 0.6357421875 0.3330078125 0.0224609375 0.0224609375 
0 0.4658203125 0.546875 0.021484375 0.021484375 
0 0.4140625 0.5791015625 0.021484375 0.021484375 
0 0.4833984375 0.291015625 0.0234375 0.0234375 
0 0.5244140625 0.6845703125 0.021484375 0.021484375 
0 0.4697265625 0.72265625 0.021484375 0.021484375 
0 0.423828125 0.6416015625 0.0234375 0.0234375 
0 0.498046875 0.109375 0.0224609375 0.0224609375 
0 0.5625 0.3037109375 0.0234375 0.0234375 
0 0.6005859375 0.2138671875 0.021484375 0.021484375 
0 0.49609375 0.2646484375 0.0234375 0.0234375 
0 0.453125 0.34765625 0.021484375 0.021484375 
0 0.4501953125 0.3759765625 0.021484375 0.021484375 
0 0.6142578125 0.1171875 0.021484375 0.021484375 
0 0.5302734375 0.5322265625 0.0234375 0.0234375 
0 0.5322265625 0.6650390625 0.021484375 0.021484375 
0 0.5888671875 0.4345703125 0.0234375 0.0234375 
0 0.53125 0.5751953125 0.021484375 0.021484375 
0 0.3291015625 0.1923828125 0.021484375 0.021484375 
1 0.451171875 0.8291015625 0.0234375 0.0234375 
1 0.361328125 0.3701171875 0.021484375 0.021484375 
0 0.6279296875 0.0439453125 0.021484375 0.021484375 
0 0.6318359375 0.240234375 0.021484375 0.021484375 
0 0.4111328125 0.08203125 0.021484375 0.021484375 
1 0.5234375 0.7470703125 0.0224609375 0.0224609375 
0 0.404296875 0.3427734375 0.021484375 0.021484375 
0 0.404296875 0.302734375 0.021484375 0.021484375 
0 0.484375 0.5634765625 0.021484375 0.021484375 
0 0.423828125 0.6796875 0.021484375 0.021484375 
1 0.34765625 0.0849609375 0.021484375 0.021484375 
0 0.6220703125 0.27734375 0.0234375 0.0234375 
