0 0.466796875 0.6904296875 0.021484375 0.021484375 
0 0.6376953125 0.1689453125 0.021484375 0.021484375 
0 0.6318359375 0.4130859375 0.021484375 0.021484375 
0 0.5478515625 0.720703125 0.021484375 0.021484375 
0 0.65625 0.2490234375 0.021484375 0.021484375 
0 0.359375 0.1923828125 0.021484375 0.021484375 
1 0.44140625 0.2958984375 0.021484375 0.021484375 
0 0.43359375 0.2392578125 0.021484375 0.021484375 
0 0.580078125 0.05078125 0.0234375 0.0234375 
0 0.5654296875 0.5517578125 0.0234375 0.0234375 
0 0.396484375 0.5693359375 0.021484375 0.021484375 
0 0.369140625 0.314453125 0.0224609375 0.0224609375 
0 0.57421875 0.0361328125 0.021484375 0.021484375 
1 0.5185546875 0.7158203125 0.0224609375 0.0224609375 
0 0.375 0.330078125 0.0224609375 0.0224609375 
1 0.52734375 0.3759765625 0.021484375 0.021484375 
0 0.52734375 0.4580078125 0.021484375 0.021484375 
0 0.513671875 0.2578125 0.0234375 0.0234375 
0 0.509765625 0.3759765625 0.021484375 0.021484375 
1 0.5419921875 0.4736328125 0.021484375 0.021484375 
0 0.4560546875 0.208984375 0.0234375 0.0234375 
1 0.4150390625 0.078125 0.021484375 0.021484375 
1 0.439453125 0.119140625 0.021484375 0.021484375 
0 0.619140625 0.361328125 0.021484375 0.021484375 
0 0.5087890625 0.5263671875 0.0224609375 0.0224609375 
0 0.5537109375 0.5234375 0.021484375 0.021484375 
0 0.4658203125 0.7841796875 0.021484375 0.021484375 
1 0.609375 0.1669921875 0.021484375 0.021484375 
1 0.44140625 0.541015625 0.021484375 0.021484375 
0 0.4892578125 0.5390625 0.0234375 0.0234375 
0 0.328125 0.119140625 0.0234375 0.0234375 
1 0.4697265625 0.150390625 0.021484375 0.021484375 
0 0.48046875 0.103515625 0.0234375 0.0234375 
0 0.5478515625 0.6513671875 0.0234375 0.0234375 
0 0.546875 0.0869140625 0.0234375 0.0234375 
0 0.4365234375 0.224609375 0.021484375 0.021484375 
1 0.5185546875 0.61328125 0.021484375 0.021484375 
0 0.5234375 0.2841796875 0.0234375 0.0234375 
0 0.6279296875 0.4521484375 0.021484375 0.021484375 
0 0.5673828125 0.5927734375 0.0234375 0.0234375 
0 0.3173828125 0.0888671875 0.021484375 0.021484375 
0 0.5791015625 0.1220703125 0.0234375 0.0234375 
0 0.4716796875 0.6376953125 0.021484375 0.021484375 
0 0.580078125 0.412109375 0.021484375 0.021484375 
0 0.6748046875 0.1005859375 0.0234375 0.0234375 
1 0.6396484375 0.380859375 0.021484375 0.021484375 
0 0.638671875 0.1279296875 0.0224609375 0.0224609375 
0 0.5869140625 0.3291015625 0.0224609375 0.0224609375 
0 0.439453125 0.634765625 0.021484375 0.021484375 
0 0.6005859375 0.5908203125 0.021484375 0.021484375 
1 0.66015625 0.037109375 0.021484375 0.021484375 
1 0.4345703125 0.169921875 0.0224609375 0.0224609375 
0 0.4091796875 0.11328125 0.0224609375 0.0224609375 
0 0.66015625 0.1953125 0.021484375 0.021484375 
0 0.3955078125 0.2841796875 0.021484375 0.021484375 
0 0.3359375 0.31640625 0.021484375 0.021484375 
0 0.5029296875 0.7294921875 0.0224609375 0.0224609375 
0 0.29296875 0.0478515625 0.0234375 0.0234375 
0 0.5947265625 0.5302734375 0.021484375 0.021484375 
0 0.52734375 0.638671875 0.021484375 0.021484375 
0 0.3515625 0.0859375 0.021484375 0.021484375 
1 0.435546875 0.412109375 0.021484375 0.021484375 
0 0.5361328125 0.171875 0.021484375 0.021484375 
1 0.63671875 0.14453125 0.0224609375 0.0224609375 
0 0.5126953125 0.8759765625 0.01953125 0.01953125 
1 0.6845703125 0.072265625 0.0224609375 0.0224609375 
0 0.5078125 0.5048828125 0.021484375 0.021484375 
1 0.5126953125 0.826171875 0.0234375 0.0234375 
0 0.421875 0.67578125 0.021484375 0.021484375 
0 0.5009765625 0.6796875 0.021484375 0.021484375 
1 0.6259765625 0.271484375 0.021484375 0.021484375 
0 0.56640625 0.2392578125 0.021484375 0.021484375 
0 0.59375 0.3125 0.0224609375 0.0224609375 
0 0.3955078125 0.361328125 0.021484375 0.021484375 
1 0.5107421875 0.298828125 0.0224609375 0.0224609375 
1 0.52734375 0.513671875 0.021484375 0.021484375 
0 0.6552734375 0.12890625 0.0234375 0.0234375 
0 0.513671875 0.77734375 0.0234375 0.0234375 
0 0.57421875 0.6904296875 0.021484375 0.021484375 
0 0.30078125 0.181640625 0.021484375 0.021484375 
1 0.677734375 0.0478515625 0.0224609375 0.0224609375 
1 0.556640625 0.07421875 0.021484375 0.021484375 
1 0.6064453125 0.138671875 0.0224609375 0.0224609375 
1 0.6513671875 0.27734375 0.021484375 0.021484375 
0 0.447265625 0.7119140625 0.0234375 0.0234375 
0 0.546875 0.822265625 0.0224609375 0.0224609375 
1 0.490234375 0.7734375 0.0234375 0.0234375 
0 0.3720703125 0.099609375 0.0234375 0.0234375 
0 0.4208984375 0.17578125 0.021484375 0.021484375 
0 0.2978515625 0.064453125 0.021484375 0.021484375 
0 0.5869140625 0.142578125 0.021484375 0.021484375 
1 0.70703125 0.064453125 0.021484375 0.021484375 
0 0.525390625 0.544921875 0.0224609375 0.0224609375 
0 0.53515625 0.03515625 0.021484375 0.021484375 
0 0.642578125 0.2119140625 0.021484375 0.021484375 
0 0.474609375 0.216796875 0.021484375 0.021484375 
0 0.42578125 0.697265625 0.021484375 0.021484375 
0 0.3876953125 0.15234375 0.021484375 0.021484375 
0 0.501953125 0.0693359375 0.0234375 0.0234375 
0 0.3876953125 0.51171875 0.021484375 0.021484375 
1 0.384765625 0.451171875 0.021484375 0.021484375 
0 0.568359375 0.294921875 0.0234375 0.0234375 
0 0.49609375 0.3955078125 0.021484375 0.021484375 
0 0.3193359375 0.1376953125 0.0234375 0.0234375 
0 0.65625 0.05859375 0.0234375 0.0234375 
0 0.408203125 0.0625 0.0224609375 0.0224609375 
0 0.384765625 0.3798828125 0.021484375 0.021484375 
0 0.4375 0.4404296875 0.021484375 0.021484375 
0 0.466796875 0.5751953125 0.021484375 0.021484375 
0 0.505859375 0.83984375 0.021484375 0.021484375 
1 0.2646484375 0.0322265625 0.021484375 0.021484375 
1 0.33203125 0.158203125 0.021484375 0.021484375 
0 0.4794921875 0.802734375 0.0224609375 0.0224609375 
0 0.4296875 0.0302734375 0.021484375 0.021484375 
1 0.3544921875 0.322265625 0.021484375 0.021484375 
1 0.5859375 0.4326171875 0.0224609375 0.0224609375 
0 0.603515625 0.4033203125 0.0234375 0.0234375 
0 0.416015625 0.5712890625 0.021484375 0.021484375 
0 0.5390625 0.2119140625 0.0234375 0.0234375 
0 0.6201171875 0.37890625 0.0224609375 0.0224609375 
0 0.4423828125 0.4697265625 0.021484375 0.021484375 
0 0.4482421875 0.7958984375 0.0224609375 0.0224609375 
0 0.5302734375 0.0869140625 0.021484375 0.021484375 
1 0.6796875 0.171875 0.0224609375 0.0224609375 
1 0.453125 0.482421875 0.021484375 0.021484375 
0 0.396484375 0.33984375 0.0224609375 0.0224609375 
0 0.3623046875 0.0751953125 0.0234375 0.0234375 
0 0.4716796875 0.40234375 0.0234375 0.0234375 
1 0.455078125 0.27734375 0.021484375 0.021484375 
1 0.4111328125 0.46484375 0.021484375 0.021484375 
0 0.5283203125 0.826171875 0.0234375 0.0234375 
1 0.564453125 0.1171875 0.0224609375 0.0224609375 
1 0.6337890625 0.251953125 0.0224609375 0.0224609375 
1 0.5625 0.201171875 0.021484375 0.021484375 
0 0.3896484375 0.037109375 0.0234375 0.0234375 
0 0.4130859375 0.328125 0.0234375 0.0234375 
1 0.6044921875 0.4951171875 0.0224609375 0.0224609375 
0 0.546875 0.5732421875 0.021484375 0.021484375 
1 0.3701171875 0.3515625 0.021484375 0.021484375 
1 0.470703125 0.0712890625 0.021484375 0.021484375 
0 0.5439453125 0.609375 0.021484375 0.021484375 
0 0.5244140625 0.30859375 0.0234375 0.0234375 
0 0.43359375 0.095703125 0.0234375 0.0234375 
0 0.60546875 0.0576171875 0.021484375 0.021484375 
1 0.484375 0.1640625 0.021484375 0.021484375 
0 0.4404296875 0.748046875 0.0234375 0.0234375 
0 0.4853515625 0.2490234375 0.021484375 0.021484375 
0 0.49609375 0.4599609375 0.021484375 0.021484375 
0 0.625 0.072265625 0.0234375 0.0234375 
0 0.6962890625 0.0859375 0.021484375 0.021484375 
0 0.4130859375 0.5966796875 0.021484375 0.021484375 
0 0.560546875 0.2548828125 0.0234375 0.0234375 
0 0.4033203125 0.24609375 0.021484375 0.021484375 
0 0.4736328125 0.2763671875 0.0234375 0.0234375 
0 0.4375 0.3837890625 0.0224609375 0.0224609375 
0 0.556640625 0.3271484375 0.0234375 0.0234375 
0 0.517578125 0.849609375 0.01953125 0.01953125 
0 0.361328125 0.1455078125 0.0224609375 0.0224609375 
0 0.56640625 0.2685546875 0.021484375 0.021484375 
0 0.6123046875 0.283203125 0.021484375 0.021484375 
0 0.576171875 0.6474609375 0.0224609375 0.0224609375 
0 0.4560546875 0.3916015625 0.021484375 0.021484375 
1 0.4931640625 0.19140625 0.021484375 0.021484375 
0 0.51953125 0.06640625 0.021484375 0.021484375 
1 0.62890625 0.4345703125 0.0224609375 0.0224609375 
0 0.611328125 0.197265625 0.0234375 0.0234375 
0 0.458984375 0.765625 0.021484375 0.021484375 
1 0.5888671875 0.4736328125 0.021484375 0.021484375 
0 0.4111328125 0.2763671875 0.021484375 0.021484375 
0 0.6279296875 0.03125 0.021484375 0.021484375 
0 0.4228515625 0.5546875 0.0234375 0.0234375 
