0 0.4384765625 0.0947265625 0.021484375 0.021484375 
1 0.404296875 0.4521484375 0.021484375 0.021484375 
0 0.4345703125 0.3525390625 0.0234375 0.0234375 
1 0.4482421875 0.740234375 0.021484375 0.021484375 
0 0.591796875 0.1083984375 0.0234375 0.0234375 
0 0.4580078125 0.4697265625 0.021484375 0.021484375 
0 0.458984375 0.2724609375 0.021484375 0.021484375 
0 0.455078125 0.0986328125 0.0234375 0.0234375 
0 0.4990234375 0.3828125 0.021484375 0.021484375 
0 0.33984375 0.142578125 0.021484375 0.021484375 
0 0.451171875 0.759765625 0.0234375 0.0234375 
0 0.5966796875 0.158203125 0.0234375 0.0234375 
1 0.3369140625 0.224609375 0.021484375 0.021484375 
0 0.4794921875 0.0546875 0.021484375 0.021484375 
0 0.46875 0.7294921875 0.0224609375 0.0224609375 
0 0.451171875 0.5 0.021484375 0.021484375 
0 0.4169921875 0.55859375 0.0234375 0.0234375 
0 0.3876953125 0.0390625 0.021484375 0.021484375 
0 0.52734375 0.80078125 0.021484375 0.021484375 
0 0.5712890625 0.548828125 0.021484375 0.021484375 
0 0.61328125 0.4931640625 0.021484375 0.021484375 
0 0.5986328125 0.5556640625 0.021484375 0.021484375 
0 0.416015625 0.3212890625 0.0234375 0.0234375 
0 0.666015625 0.16015625 0.0224609375 0.0224609375 
0 0.3642578125 0.16015625 0.0234375 0.0234375 
1 0.64453125 0.1572265625 0.021484375 0.021484375 
0 0.4306640625 0.3876953125 0.0234375 0.0234375 
1 0.3193359375 0.1650390625 0.021484375 0.021484375 
0 0.359375 0.1826171875 0.021484375 0.021484375 
0 0.4091796875 0.1943359375 0.021484375 0.021484375 
1 0.3857421875 0.36328125 0.021484375 0.021484375 
1 0.5439453125 0.3759765625 0.021484375 0.021484375 
0 0.37890625 0.3486328125 0.021484375 0.021484375 
0 0.4736328125 0.3095703125 0.0234375 0.0234375 
0 0.4970703125 0.5126953125 0.0234375 0.0234375 
0 0.3564453125 0.3203125 0.0234375 0.0234375 
0 0.5625 0.2626953125 0.0234375 0.0234375 
1 0.44140625 0.6728515625 0.021484375 0.021484375 
0 0.4697265625 0.2939453125 0.021484375 0.021484375 
0 0.5244140625 0.3720703125 0.021484375 0.021484375 
0 0.673828125 0.1396484375 0.021484375 0.021484375 
0 0.46484375 0.794921875 0.0224609375 0.0224609375 
1 0.3837890625 0.2587890625 0.021484375 0.021484375 
0 0.306640625 0.0361328125 0.0234375 0.0234375 
1 0.578125 0.4365234375 0.021484375 0.021484375 
0 0.3974609375 0.16796875 0.021484375 0.021484375 
1 0.439453125 0.51953125 0.021484375 0.021484375 
1 0.505859375 0.52734375 0.021484375 0.021484375 
0 0.3134765625 0.083984375 0.021484375 0.021484375 
0 0.3388671875 0.0498046875 0.0234375 0.0234375 
1 0.6337890625 0.2822265625 0.0224609375 0.0224609375 
0 0.498046875 0.876953125 0.021484375 0.021484375 
1 0.6748046875 0.2451171875 0.021484375 0.021484375 
1 0.6142578125 0.41796875 0.021484375 0.021484375 
0 0.435546875 0.494140625 0.0234375 0.0234375 
0 0.3916015625 0.1953125 0.0224609375 0.0224609375 
0 0.5634765625 0.4921875 0.021484375 0.021484375 
0 0.544921875 0.5380859375 0.0234375 0.0234375 
1 0.41796875 0.0625 0.021484375 0.021484375 
1 0.4501953125 0.3212890625 0.021484375 0.021484375 
0 0.5478515625 0.4345703125 0.0224609375 0.0224609375 
0 0.55078125 0.3525390625 0.0234375 0.0234375 
1 0.5703125 0.6142578125 0.021484375 0.021484375 
1 0.568359375 0.6572265625 0.021484375 0.021484375 
0 0.431640625 0.5654296875 0.0224609375 0.0224609375 
1 0.2900390625 0.109375 0.0224609375 0.0224609375 
0 0.6318359375 0.177734375 0.0224609375 0.0224609375 
1 0.6015625 0.29296875 0.0224609375 0.0224609375 
0 0.443359375 0.1103515625 0.021484375 0.021484375 
1 0.3017578125 0.19140625 0.021484375 0.021484375 
0 0.3701171875 0.3671875 0.021484375 0.021484375 
0 0.525390625 0.513671875 0.0224609375 0.0224609375 
0 0.419921875 0.517578125 0.021484375 0.021484375 
0 0.47265625 0.2314453125 0.0234375 0.0234375 
0 0.4169921875 0.29296875 0.0234375 0.0234375 
0 0.5517578125 0.708984375 0.021484375 0.021484375 
0 0.58984375 0.521484375 0.0234375 0.0234375 
0 0.4755859375 0.57421875 0.0224609375 0.0224609375 
1 0.5126953125 0.2353515625 0.021484375 0.021484375 
0 0.416015625 0.4150390625 0.0234375 0.0234375 
0 0.5166015625 0.498046875 0.021484375 0.021484375 
0 0.5517578125 0.181640625 0.0234375 0.0234375 
0 0.4833984375 0.6533203125 0.0234375 0.0234375 
0 0.6005859375 0.3076171875 0.0234375 0.0234375 
0 0.4111328125 0.263671875 0.0234375 0.0234375 
0 0.560546875 0.4580078125 0.0234375 0.0234375 
0 0.3662109375 0.2236328125 0.021484375 0.021484375 
0 0.462890625 0.078125 0.021484375 0.021484375 
0 0.509765625 0.72265625 0.0224609375 0.0224609375 
0 0.646484375 0.2734375 0.0234375 0.0234375 
