1 0.515625 0.3525390625 0.021484375 0.021484375 
1 0.4013671875 0.3046875 0.0224609375 0.0224609375 
1 0.4638671875 0.07421875 0.021484375 0.021484375 
0 0.576171875 0.4951171875 0.021484375 0.021484375 
0 0.6279296875 0.14453125 0.021484375 0.021484375 
0 0.4228515625 0.3974609375 0.021484375 0.021484375 
0 0.4384765625 0.0361328125 0.0234375 0.0234375 
1 0.5712890625 0.658203125 0.021484375 0.021484375 
0 0.703125 0.0458984375 0.0234375 0.0234375 
1 0.5185546875 0.1806640625 0.0224609375 0.0224609375 
0 0.6025390625 0.1142578125 0.0224609375 0.0224609375 
0 0.533203125 0.357421875 0.0234375 0.0234375 
0 0.373046875 0.447265625 0.0234375 0.0234375 
0 0.54296875 0.677734375 0.0234375 0.0234375 
1 0.51953125 0.0537109375 0.021484375 0.021484375 
0 0.5390625 0.1884765625 0.021484375 0.021484375 
1 0.646484375 0.12890625 0.021484375 0.021484375 
1 0.525390625 0.6611328125 0.0224609375 0.0224609375 
0 0.625 0.09375 0.0224609375 0.0224609375 
0 0.630859375 0.1728515625 0.021484375 0.021484375 
0 0.4091796875 0.2236328125 0.0234375 0.0234375 
0 0.5517578125 0.240234375 0.0234375 0.0234375 
0 0.4765625 0.416015625 0.0234375 0.0234375 
1 0.5390625 0.5361328125 0.021484375 0.021484375 
1 0.541015625 0.8642578125 0.021484375 0.021484375 
0 0.46484375 0.2880859375 0.021484375 0.021484375 
0 0.5087890625 0.1416015625 0.0234375 0.0234375 
1 0.583984375 0.3447265625 0.0224609375 0.0224609375 
0 0.587890625 0.2451171875 0.021484375 0.021484375 
0 0.3056640625 0.037109375 0.0224609375 0.0224609375 
0 0.4638671875 0.7001953125 0.021484375 0.021484375 
1 0.3486328125 0.138671875 0.0224609375 0.0224609375 
1 0.609375 0.521484375 0.0224609375 0.0224609375 
1 0.2861328125 0.0400390625 0.021484375 0.021484375 
1 0.41015625 0.3779296875 0.021484375 0.021484375 
0 0.5029296875 0.603515625 0.021484375 0.021484375 
0 0.3193359375 0.1796875 0.0224609375 0.0224609375 
1 0.7197265625 0.0400390625 0.0224609375 0.0224609375 
0 0.5595703125 0.359375 0.0234375 0.0234375 
0 0.5419921875 0.759765625 0.021484375 0.021484375 
1 0.3603515625 0.3916015625 0.0224609375 0.0224609375 
0 0.3974609375 0.568359375 0.021484375 0.021484375 
0 0.330078125 0.2353515625 0.021484375 0.021484375 
1 0.6748046875 0.1552734375 0.0224609375 0.0224609375 
0 0.640625 0.0419921875 0.021484375 0.021484375 
1 0.4130859375 0.259765625 0.021484375 0.021484375 
1 0.703125 0.0712890625 0.0224609375 0.0224609375 
1 0.548828125 0.30078125 0.021484375 0.021484375 
0 0.466796875 0.6416015625 0.0234375 0.0234375 
1 0.6005859375 0.4697265625 0.021484375 0.021484375 
0 0.6240234375 0.2763671875 0.021484375 0.021484375 
0 0.400390625 0.5458984375 0.021484375 0.021484375 
1 0.3935546875 0.3994140625 0.0224609375 0.0224609375 
0 0.4296875 0.7041015625 0.0234375 0.0234375 
0 0.455078125 0.62109375 0.021484375 0.021484375 
0 0.359375 0.287109375 0.021484375 0.021484375 
0 0.451171875 0.6064453125 0.021484375 0.021484375 
0 0.4970703125 0.814453125 0.01953125 0.01953125 
1 0.4384765625 0.58984375 0.021484375 0.021484375 
0 0.47265625 0.57421875 0.021484375 0.021484375 
0 0.587890625 0.40625 0.0224609375 0.0224609375 
0 0.505859375 0.490234375 0.021484375 0.021484375 
1 0.349609375 0.23828125 0.0224609375 0.0224609375 
0 0.5009765625 0.5615234375 0.021484375 0.021484375 
0 0.3955078125 0.044921875 0.021484375 0.021484375 
1 0.4833984375 0.7138671875 0.021484375 0.021484375 
0 0.45703125 0.5595703125 0.021484375 0.021484375 
0 0.5009765625 0.8359375 0.021484375 0.021484375 
0 0.3583984375 0.203125 0.021484375 0.021484375 
1 0.505859375 0.2373046875 0.021484375 0.021484375 
0 0.6044921875 0.1650390625 0.021484375 0.021484375 
0 0.55078125 0.2060546875 0.0234375 0.0234375 
0 0.5400390625 0.626953125 0.0234375 0.0234375 
0 0.294921875 0.0869140625 0.021484375 0.021484375 
1 0.486328125 0.734375 0.0224609375 0.0224609375 
0 0.5263671875 0.5146484375 0.0224609375 0.0224609375 
0 0.56640625 0.318359375 0.0234375 0.0234375 
0 0.4521484375 0.4287109375 0.021484375 0.021484375 
0 0.486328125 0.435546875 0.021484375 0.021484375 
0 0.4580078125 0.2001953125 0.0234375 0.0234375 
0 0.650390625 0.3232421875 0.0234375 0.0234375 
0 0.5341796875 0.552734375 0.0234375 0.0234375 
0 0.3251953125 0.107421875 0.0234375 0.0234375 
1 0.525390625 0.3818359375 0.021484375 0.021484375 
0 0.35546875 0.078125 0.0234375 0.0234375 
0 0.4912109375 0.2607421875 0.021484375 0.021484375 
0 0.4921875 0.6328125 0.0234375 0.0234375 
0 0.552734375 0.4296875 0.021484375 0.021484375 
0 0.3125 0.208984375 0.021484375 0.021484375 
0 0.4599609375 0.177734375 0.021484375 0.021484375 
0 0.6630859375 0.0439453125 0.021484375 0.021484375 
0 0.36328125 0.3671875 0.021484375 0.021484375 
1 0.4619140625 0.8466796875 0.021484375 0.021484375 
0 0.37890625 0.3466796875 0.021484375 0.021484375 
1 0.5263671875 0.853515625 0.0234375 0.0234375 
0 0.3330078125 0.080078125 0.0234375 0.0234375 
0 0.376953125 0.3046875 0.021484375 0.021484375 
0 0.4482421875 0.236328125 0.021484375 0.021484375 
1 0.6064453125 0.4033203125 0.021484375 0.021484375 
0 0.625 0.4404296875 0.021484375 0.021484375 
0 0.5244140625 0.03515625 0.021484375 0.021484375 
0 0.578125 0.470703125 0.0234375 0.0234375 
0 0.43359375 0.4599609375 0.021484375 0.021484375 
1 0.6787109375 0.126953125 0.0224609375 0.0224609375 
0 0.4677734375 0.2392578125 0.021484375 0.021484375 
0 0.3447265625 0.3544921875 0.0234375 0.0234375 
1 0.400390625 0.4443359375 0.0224609375 0.0224609375 
0 0.5634765625 0.5673828125 0.0234375 0.0234375 
0 0.3798828125 0.376953125 0.0234375 0.0234375 
0 0.5166015625 0.865234375 0.025390625 0.025390625 
0 0.5087890625 0.5791015625 0.021484375 0.021484375 
1 0.3671875 0.091796875 0.021484375 0.021484375 
0 0.439453125 0.5546875 0.021484375 0.021484375 
0 0.3232421875 0.28515625 0.0234375 0.0234375 
0 0.3037109375 0.1337890625 0.021484375 0.021484375 
0 0.6484375 0.1806640625 0.0234375 0.0234375 
0 0.4228515625 0.083984375 0.021484375 0.021484375 
0 0.55859375 0.087890625 0.021484375 0.021484375 
1 0.56640625 0.5087890625 0.0224609375 0.0224609375 
0 0.419921875 0.51171875 0.0224609375 0.0224609375 
1 0.6103515625 0.19921875 0.0224609375 0.0224609375 
1 0.591796875 0.2685546875 0.021484375 0.021484375 
0 0.630859375 0.353515625 0.021484375 0.021484375 
1 0.466796875 0.7890625 0.021484375 0.021484375 
0 0.4111328125 0.1728515625 0.0234375 0.0234375 
0 0.4462890625 0.1005859375 0.0234375 0.0234375 
0 0.6142578125 0.07421875 0.021484375 0.021484375 
0 0.453125 0.12890625 0.0224609375 0.0224609375 
0 0.5966796875 0.375 0.021484375 0.021484375 
1 0.6474609375 0.3701171875 0.021484375 0.021484375 
0 0.443359375 0.0576171875 0.0234375 0.0234375 
0 0.587890625 0.4384765625 0.0234375 0.0234375 
1 0.435546875 0.3583984375 0.021484375 0.021484375 
0 0.5615234375 0.7587890625 0.01953125 0.01953125 
0 0.59375 0.19921875 0.0234375 0.0234375 
1 0.44140625 0.7353515625 0.021484375 0.021484375 
0 0.2666015625 0.0380859375 0.021484375 0.021484375 
0 0.384765625 0.2490234375 0.021484375 0.021484375 
1 0.52734375 0.70703125 0.021484375 0.021484375 
0 0.4814453125 0.134765625 0.021484375 0.021484375 
0 0.642578125 0.2626953125 0.0234375 0.0234375 
0 0.6259765625 0.3203125 0.0234375 0.0234375 
0 0.6767578125 0.2158203125 0.0234375 0.0234375 
0 0.4052734375 0.61328125 0.021484375 0.021484375 
0 0.4794921875 0.0693359375 0.021484375 0.021484375 
0 0.4169921875 0.4921875 0.0234375 0.0234375 
0 0.5126953125 0.314453125 0.0234375 0.0234375 
0 0.587890625 0.1015625 0.0234375 0.0234375 
1 0.662109375 0.25390625 0.021484375 0.021484375 
0 0.388671875 0.03125 0.0234375 0.0234375 
1 0.685546875 0.0986328125 0.0224609375 0.0224609375 
