0 0.5244140625 0.85546875 0.0234375 0.0234375 
0 0.5146484375 0.2744140625 0.0234375 0.0234375 
0 0.400390625 0.3046875 0.0234375 0.0234375 
0 0.6630859375 0.263671875 0.0234375 0.0234375 
1 0.5126953125 0.2509765625 0.021484375 0.021484375 
1 0.4150390625 0.423828125 0.021484375 0.021484375 
0 0.4541015625 0.4140625 0.021484375 0.021484375 
0 0.599609375 0.125 0.0234375 0.0234375 
0 0.3994140625 0.091796875 0.0224609375 0.0224609375 
0 0.3095703125 0.1259765625 0.021484375 0.021484375 
1 0.5537109375 0.2626953125 0.0224609375 0.0224609375 
0 0.3740234375 0.3935546875 0.021484375 0.021484375 
0 0.5302734375 0.2705078125 0.0234375 0.0234375 
1 0.4091796875 0.158203125 0.021484375 0.021484375 
0 0.4990234375 0.552734375 0.0234375 0.0234375 
1 0.435546875 0.75390625 0.0234375 0.0234375 
0 0.4228515625 0.3701171875 0.021484375 0.021484375 
1 0.330078125 0.185546875 0.0224609375 0.0224609375 
0 0.4599609375 0.236328125 0.0224609375 0.0224609375 
0 0.484375 0.51953125 0.0234375 0.0234375 
1 0.560546875 0.619140625 0.021484375 0.021484375 
0 0.6171875 0.1455078125 0.0234375 0.0234375 
0 0.626953125 0.1865234375 0.021484375 0.021484375 
0 0.41015625 0.1142578125 0.021484375 0.021484375 
0 0.58984375 0.2548828125 0.0224609375 0.0224609375 
0 0.5029296875 0.0908203125 0.0234375 0.0234375 
1 0.5986328125 0.388671875 0.021484375 0.021484375 
0 0.4443359375 0.572265625 0.021484375 0.021484375 
1 0.5771484375 0.32421875 0.021484375 0.021484375 
1 0.6162109375 0.205078125 0.021484375 0.021484375 
0 0.3583984375 0.0673828125 0.021484375 0.021484375 
0 0.3955078125 0.15234375 0.021484375 0.021484375 
0 0.5634765625 0.3076171875 0.021484375 0.021484375 
0 0.62890625 0.4599609375 0.0234375 0.0234375 
0 0.501953125 0.6943359375 0.0234375 0.0234375 
0 0.3779296875 0.4951171875 0.021484375 0.021484375 
0 0.5869140625 0.09765625 0.0234375 0.0234375 
1 0.4345703125 0.431640625 0.021484375 0.021484375 
0 0.5380859375 0.326171875 0.021484375 0.021484375 
0 0.4775390625 0.7265625 0.021484375 0.021484375 
0 0.51171875 0.5126953125 0.021484375 0.021484375 
0 0.580078125 0.6396484375 0.021484375 0.021484375 
0 0.4462890625 0.513671875 0.0234375 0.0234375 
1 0.6708984375 0.181640625 0.021484375 0.021484375 
0 0.5546875 0.3466796875 0.021484375 0.021484375 
0 0.5810546875 0.1982421875 0.0234375 0.0234375 
0 0.5341796875 0.8798828125 0.0224609375 0.0224609375 
0 0.5986328125 0.0380859375 0.021484375 0.021484375 
0 0.5517578125 0.0498046875 0.021484375 0.021484375 
0 0.33203125 0.248046875 0.021484375 0.021484375 
1 0.474609375 0.25 0.021484375 0.021484375 
1 0.494140625 0.7177734375 0.021484375 0.021484375 
1 0.4873046875 0.2197265625 0.021484375 0.021484375 
0 0.6123046875 0.3291015625 0.021484375 0.021484375 
0 0.5087890625 0.466796875 0.021484375 0.021484375 
0 0.3896484375 0.1318359375 0.021484375 0.021484375 
0 0.3642578125 0.3095703125 0.021484375 0.021484375 
0 0.54296875 0.703125 0.0224609375 0.0224609375 
0 0.3818359375 0.2236328125 0.0234375 0.0234375 
0 0.5517578125 0.138671875 0.0234375 0.0234375 
0 0.51953125 0.62890625 0.021484375 0.021484375 
0 0.5087890625 0.0732421875 0.0234375 0.0234375 
0 0.560546875 0.419921875 0.0234375 0.0234375 
1 0.5693359375 0.099609375 0.021484375 0.021484375 
0 0.580078125 0.384765625 0.0234375 0.0234375 
0 0.5390625 0.6083984375 0.021484375 0.021484375 
1 0.474609375 0.5439453125 0.021484375 0.021484375 
1 0.6728515625 0.1630859375 0.0224609375 0.0224609375 
0 0.4619140625 0.08984375 0.0234375 0.0234375 
0 0.3662109375 0.2099609375 0.021484375 0.021484375 
0 0.361328125 0.2412109375 0.021484375 0.021484375 
0 0.5908203125 0.3525390625 0.0224609375 0.0224609375 
0 0.345703125 0.12109375 0.0234375 0.0234375 
1 0.59765625 0.5546875 0.021484375 0.021484375 
0 0.5107421875 0.5341796875 0.021484375 0.021484375 
0 0.349609375 0.1416015625 0.0234375 0.0234375 
1 0.55859375 0.734375 0.021484375 0.021484375 
0 0.5224609375 0.1689453125 0.0234375 0.0234375 
1 0.37109375 0.357421875 0.021484375 0.021484375 
0 0.4580078125 0.107421875 0.021484375 0.021484375 
1 0.4462890625 0.3447265625 0.021484375 0.021484375 
0 0.4833984375 0.8076171875 0.0234375 0.0234375 
0 0.4423828125 0.2158203125 0.021484375 0.021484375 
0 0.5263671875 0.837890625 0.025390625 0.025390625 
0 0.26953125 0.033203125 0.021484375 0.021484375 
0 0.34765625 0.0947265625 0.021484375 0.021484375 
1 0.5380859375 0.0859375 0.021484375 0.021484375 
1 0.650390625 0.36328125 0.021484375 0.021484375 
0 0.421875 0.595703125 0.021484375 0.021484375 
0 0.482421875 0.6630859375 0.021484375 0.021484375 
0 0.505859375 0.1962890625 0.021484375 0.021484375 
0 0.4208984375 0.4716796875 0.021484375 0.021484375 
0 0.4912109375 0.44921875 0.021484375 0.021484375 
0 0.4990234375 0.28125 0.021484375 0.021484375 
1 0.458984375 0.8359375 0.021484375 0.021484375 
1 0.564453125 0.5234375 0.021484375 0.021484375 
0 0.4453125 0.0888671875 0.0234375 0.0234375 
0 0.6015625 0.5234375 0.0224609375 0.0224609375 
1 0.5849609375 0.6728515625 0.0224609375 0.0224609375 
0 0.560546875 0.5087890625 0.021484375 0.021484375 
0 0.2880859375 0.0517578125 0.0234375 0.0234375 
0 0.400390625 0.2119140625 0.0234375 0.0234375 
0 0.431640625 0.078125 0.021484375 0.021484375 
0 0.4521484375 0.7353515625 0.021484375 0.021484375 
0 0.619140625 0.2939453125 0.021484375 0.021484375 
0 0.3232421875 0.083984375 0.021484375 0.021484375 
0 0.59765625 0.302734375 0.0234375 0.0234375 
1 0.5048828125 0.41796875 0.0224609375 0.0224609375 
0 0.53125 0.224609375 0.021484375 0.021484375 
1 0.4599609375 0.634765625 0.021484375 0.021484375 
0 0.56640625 0.4677734375 0.021484375 0.021484375 
0 0.3056640625 0.1611328125 0.0234375 0.0234375 
1 0.5361328125 0.548828125 0.0224609375 0.0224609375 
1 0.5654296875 0.1142578125 0.0224609375 0.0224609375 
0 0.57421875 0.5712890625 0.021484375 0.021484375 
0 0.673828125 0.1142578125 0.0234375 0.0234375 
0 0.37890625 0.1962890625 0.0234375 0.0234375 
0 0.4912109375 0.0625 0.0234375 0.0234375 
0 0.6513671875 0.173828125 0.021484375 0.021484375 
0 0.5224609375 0.421875 0.021484375 0.021484375 
0 0.4814453125 0.1005859375 0.021484375 0.021484375 
0 0.337890625 0.31640625 0.021484375 0.021484375 
0 0.5029296875 0.73828125 0.0224609375 0.0224609375 
0 0.3701171875 0.41796875 0.0224609375 0.0224609375 
0 0.3544921875 0.2548828125 0.0234375 0.0234375 
0 0.59765625 0.57421875 0.021484375 0.021484375 
0 0.583984375 0.0771484375 0.021484375 0.021484375 
0 0.490234375 0.30859375 0.021484375 0.021484375 
0 0.470703125 0.7119140625 0.0224609375 0.0224609375 
0 0.6630859375 0.0986328125 0.0234375 0.0234375 
1 0.4580078125 0.3017578125 0.021484375 0.021484375 
0 0.5048828125 0.3642578125 0.021484375 0.021484375 
1 0.3740234375 0.4365234375 0.0224609375 0.0224609375 
0 0.6298828125 0.0791015625 0.0234375 0.0234375 
0 0.3564453125 0.2900390625 0.0224609375 0.0224609375 
0 0.4072265625 0.4814453125 0.021484375 0.021484375 
0 0.412109375 0.4052734375 0.0224609375 0.0224609375 
0 0.4150390625 0.4462890625 0.021484375 0.021484375 
1 0.3955078125 0.3203125 0.0224609375 0.0224609375 
0 0.6787109375 0.1953125 0.021484375 0.021484375 
0 0.5615234375 0.2265625 0.0234375 0.0234375 
0 0.3857421875 0.263671875 0.021484375 0.021484375 
1 0.423828125 0.0537109375 0.0224609375 0.0224609375 
0 0.419921875 0.1748046875 0.021484375 0.021484375 
0 0.46484375 0.765625 0.0224609375 0.0224609375 
1 0.685546875 0.1728515625 0.021484375 0.021484375 
0 0.349609375 0.0517578125 0.021484375 0.021484375 
1 0.435546875 0.67578125 0.021484375 0.021484375 
