0 0.39453125 0.1103515625 0.0234375 0.0234375 
0 0.423828125 0.2373046875 0.021484375 0.021484375 
1 0.33203125 0.2900390625 0.021484375 0.021484375 
0 0.4677734375 0.767578125 0.0224609375 0.0224609375 
1 0.4443359375 0.201171875 0.021484375 0.021484375 
0 0.4873046875 0.2294921875 0.021484375 0.021484375 
1 0.4638671875 0.41015625 0.021484375 0.021484375 
0 0.45703125 0.54296875 0.0234375 0.0234375 
0 0.6064453125 0.2724609375 0.021484375 0.021484375 
0 0.5380859375 0.3115234375 0.0234375 0.0234375 
1 0.4091796875 0.0625 0.021484375 0.021484375 
1 0.494140625 0.6083984375 0.021484375 0.021484375 
0 0.5859375 0.091796875 0.021484375 0.021484375 
1 0.4599609375 0.56640625 0.021484375 0.021484375 
1 0.7041015625 0.0888671875 0.0224609375 0.0224609375 
0 0.58984375 0.3857421875 0.021484375 0.021484375 
0 0.5244140625 0.646484375 0.0224609375 0.0224609375 
0 0.6298828125 0.099609375 0.021484375 0.021484375 
0 0.3857421875 0.5244140625 0.0234375 0.0234375 
0 0.6162109375 0.5009765625 0.021484375 0.021484375 
0 0.4794921875 0.666015625 0.021484375 0.021484375 
0 0.6455078125 0.05859375 0.021484375 0.021484375 
1 0.4521484375 0.234375 0.021484375 0.021484375 
0 0.3681640625 0.39453125 0.021484375 0.021484375 
0 0.658203125 0.2646484375 0.0224609375 0.0224609375 
0 0.646484375 0.2197265625 0.021484375 0.021484375 
0 0.384765625 0.4306640625 0.021484375 0.021484375 
0 0.3798828125 0.1953125 0.021484375 0.021484375 
0 0.48828125 0.28515625 0.021484375 0.021484375 
0 0.3125 0.2275390625 0.0234375 0.0234375 
0 0.36328125 0.322265625 0.021484375 0.021484375 
0 0.453125 0.6376953125 0.021484375 0.021484375 
0 0.625 0.2646484375 0.021484375 0.021484375 
0 0.26953125 0.03125 0.0234375 0.0234375 
0 0.517578125 0.693359375 0.0224609375 0.0224609375 
0 0.447265625 0.6962890625 0.021484375 0.021484375 
1 0.3974609375 0.5859375 0.0224609375 0.0224609375 
0 0.5654296875 0.23046875 0.021484375 0.021484375 
0 0.5068359375 0.2353515625 0.021484375 0.021484375 
1 0.615234375 0.3798828125 0.021484375 0.021484375 
0 0.427734375 0.6572265625 0.021484375 0.021484375 
0 0.5673828125 0.38671875 0.0224609375 0.0224609375 
0 0.67578125 0.150390625 0.021484375 0.021484375 
0 0.3974609375 0.4013671875 0.021484375 0.021484375 
1 0.5078125 0.4423828125 0.0224609375 0.0224609375 
0 0.5849609375 0.630859375 0.021484375 0.021484375 
1 0.45703125 0.34375 0.0224609375 0.0224609375 
1 0.65234375 0.1044921875 0.021484375 0.021484375 
0 0.697265625 0.134765625 0.021484375 0.021484375 
1 0.5849609375 0.28515625 0.021484375 0.021484375 
0 0.5458984375 0.0859375 0.0234375 0.0234375 
0 0.482421875 0.853515625 0.0224609375 0.0224609375 
0 0.44140625 0.3212890625 0.021484375 0.021484375 
0 0.4755859375 0.5712890625 0.0224609375 0.0224609375 
0 0.4560546875 0.826171875 0.0224609375 0.0224609375 
0 0.337890625 0.244140625 0.021484375 0.021484375 
0 0.3984375 0.095703125 0.0234375 0.0234375 
0 0.59765625 0.41796875 0.021484375 0.021484375 
0 0.6513671875 0.33203125 0.021484375 0.021484375 
0 0.5439453125 0.3642578125 0.0234375 0.0234375 
1 0.53125 0.5068359375 0.021484375 0.021484375 
0 0.392578125 0.26953125 0.0234375 0.0234375 
0 0.5166015625 0.513671875 0.021484375 0.021484375 
0 0.591796875 0.5859375 0.021484375 0.021484375 
0 0.4765625 0.796875 0.0234375 0.0234375 
0 0.5166015625 0.75 0.021484375 0.021484375 
0 0.599609375 0.1005859375 0.021484375 0.021484375 
0 0.5205078125 0.66796875 0.021484375 0.021484375 
0 0.52734375 0.7294921875 0.0234375 0.0234375 
0 0.62890625 0.451171875 0.021484375 0.021484375 
0 0.4091796875 0.564453125 0.021484375 0.021484375 
0 0.4482421875 0.1083984375 0.021484375 0.021484375 
0 0.4130859375 0.1123046875 0.021484375 0.021484375 
0 0.3505859375 0.400390625 0.0234375 0.0234375 
0 0.490234375 0.53125 0.0234375 0.0234375 
0 0.5078125 0.8740234375 0.0224609375 0.0224609375 
0 0.5791015625 0.552734375 0.0234375 0.0234375 
0 0.4140625 0.490234375 0.021484375 0.021484375 
1 0.34375 0.1708984375 0.021484375 0.021484375 
0 0.58984375 0.0576171875 0.021484375 0.021484375 
1 0.611328125 0.1396484375 0.0224609375 0.0224609375 
0 0.5341796875 0.0673828125 0.0234375 0.0234375 
1 0.67578125 0.1884765625 0.0224609375 0.0224609375 
1 0.513671875 0.16796875 0.021484375 0.021484375 
0 0.4072265625 0.2548828125 0.021484375 0.021484375 
0 0.5546875 0.2822265625 0.0234375 0.0234375 
0 0.44140625 0.42578125 0.0234375 0.0234375 
0 0.5634765625 0.466796875 0.0234375 0.0234375 
0 0.384765625 0.25390625 0.0234375 0.0234375 
0 0.5244140625 0.1904296875 0.0224609375 0.0224609375 
1 0.3701171875 0.16796875 0.021484375 0.021484375 
0 0.27734375 0.052734375 0.0234375 0.0234375 
1 0.51171875 0.4619140625 0.021484375 0.021484375 
0 0.55078125 0.552734375 0.0234375 0.0234375 
0 0.5341796875 0.87890625 0.01953125 0.01953125 
0 0.3701171875 0.4619140625 0.021484375 0.021484375 
0 0.3662109375 0.2216796875 0.0234375 0.0234375 
0 0.5654296875 0.36328125 0.0224609375 0.0224609375 
0 0.478515625 0.634765625 0.021484375 0.021484375 
0 0.478515625 0.6181640625 0.0234375 0.0234375 
0 0.3291015625 0.0419921875 0.0234375 0.0234375 
0 0.427734375 0.1376953125 0.021484375 0.021484375 
0 0.4453125 0.3720703125 0.021484375 0.021484375 
0 0.470703125 0.0615234375 0.0234375 0.0234375 
0 0.5322265625 0.48046875 0.021484375 0.021484375 
0 0.490234375 0.3701171875 0.0224609375 0.0224609375 
0 0.5849609375 0.361328125 0.021484375 0.021484375 
0 0.322265625 0.2724609375 0.0234375 0.0234375 
0 0.619140625 0.326171875 0.021484375 0.021484375 
0 0.3544921875 0.2119140625 0.0224609375 0.0224609375 
0 0.40625 0.208984375 0.021484375 0.021484375 
