0 0.37109375 0.388671875 0.0234375 0.0234375 
0 0.498046875 0.6611328125 0.021484375 0.021484375 
1 0.45703125 0.5478515625 0.0224609375 0.0224609375 
0 0.4619140625 0.28515625 0.0234375 0.0234375 
0 0.4765625 0.2578125 0.021484375 0.021484375 
0 0.576171875 0.0693359375 0.0234375 0.0234375 
0 0.3154296875 0.1728515625 0.021484375 0.021484375 
0 0.5068359375 0.611328125 0.021484375 0.021484375 
0 0.478515625 0.583984375 0.021484375 0.021484375 
0 0.380859375 0.2783203125 0.0234375 0.0234375 
0 0.57421875 0.5859375 0.021484375 0.021484375 
0 0.6240234375 0.0458984375 0.0224609375 0.0224609375 
0 0.4658203125 0.46484375 0.0234375 0.0234375 
0 0.50390625 0.1591796875 0.021484375 0.021484375 
0 0.3662109375 0.2412109375 0.021484375 0.021484375 
0 0.4267578125 0.099609375 0.021484375 0.021484375 
0 0.458984375 0.5751953125 0.0234375 0.0234375 
1 0.474609375 0.15234375 0.021484375 0.021484375 
0 0.587890625 0.517578125 0.0234375 0.0234375 
0 0.4775390625 0.8515625 0.025390625 0.025390625 
0 0.392578125 0.41015625 0.021484375 0.021484375 
0 0.3984375 0.037109375 0.021484375 0.021484375 
0 0.48828125 0.6044921875 0.021484375 0.021484375 
0 0.5185546875 0.81640625 0.021484375 0.021484375 
1 0.337890625 0.12109375 0.021484375 0.021484375 
0 0.369140625 0.4423828125 0.021484375 0.021484375 
1 0.4814453125 0.20703125 0.021484375 0.021484375 
0 0.423828125 0.697265625 0.021484375 0.021484375 
0 0.576171875 0.4619140625 0.0234375 0.0234375 
0 0.3310546875 0.2724609375 0.0234375 0.0234375 
0 0.2978515625 0.171875 0.0234375 0.0234375 
0 0.4052734375 0.234375 0.021484375 0.021484375 
0 0.5869140625 0.6435546875 0.021484375 0.021484375 
0 0.5859375 0.599609375 0.0234375 0.0234375 
0 0.4970703125 0.056640625 0.0224609375 0.0224609375 
0 0.3876953125 0.0546875 0.021484375 0.021484375 
0 0.603515625 0.3681640625 0.021484375 0.021484375 
1 0.4970703125 0.5712890625 0.021484375 0.021484375 
0 0.4072265625 0.341796875 0.0234375 0.0234375 
0 0.3310546875 0.173828125 0.0234375 0.0234375 
1 0.34375 0.283203125 0.0224609375 0.0224609375 
0 0.4736328125 0.6201171875 0.0234375 0.0234375 
0 0.5966796875 0.458984375 0.021484375 0.021484375 
0 0.3056640625 0.091796875 0.0234375 0.0234375 
0 0.6640625 0.1884765625 0.021484375 0.021484375 
0 0.3798828125 0.1328125 0.021484375 0.021484375 
0 0.4521484375 0.23046875 0.021484375 0.021484375 
0 0.552734375 0.5302734375 0.021484375 0.021484375 
0 0.2998046875 0.1533203125 0.0224609375 0.0224609375 
0 0.583984375 0.4150390625 0.021484375 0.021484375 
0 0.5732421875 0.154296875 0.021484375 0.021484375 
0 0.5361328125 0.6357421875 0.0224609375 0.0224609375 
1 0.6650390625 0.2939453125 0.021484375 0.021484375 
0 0.3427734375 0.1005859375 0.0234375 0.0234375 
0 0.4375 0.2890625 0.021484375 0.021484375 
1 0.6083984375 0.291015625 0.021484375 0.021484375 
0 0.4326171875 0.2119140625 0.021484375 0.021484375 
0 0.4609375 0.80078125 0.025390625 0.025390625 
0 0.455078125 0.787109375 0.0224609375 0.0224609375 
1 0.55859375 0.751953125 0.0234375 0.0234375 
1 0.451171875 0.5927734375 0.021484375 0.021484375 
0 0.5947265625 0.2470703125 0.021484375 0.021484375 
0 0.5439453125 0.4873046875 0.021484375 0.021484375 
0 0.521484375 0.8427734375 0.021484375 0.021484375 
0 0.4287109375 0.607421875 0.021484375 0.021484375 
0 0.6650390625 0.0625 0.0224609375 0.0224609375 
1 0.515625 0.7587890625 0.0234375 0.0234375 
0 0.564453125 0.5458984375 0.021484375 0.021484375 
0 0.6240234375 0.2470703125 0.021484375 0.021484375 
1 0.638671875 0.1611328125 0.021484375 0.021484375 
1 0.3974609375 0.5322265625 0.021484375 0.021484375 
0 0.6396484375 0.3955078125 0.0234375 0.0234375 
1 0.521484375 0.796875 0.021484375 0.021484375 
0 0.4541015625 0.3798828125 0.021484375 0.021484375 
0 0.5458984375 0.4541015625 0.0234375 0.0234375 
0 0.302734375 0.1279296875 0.0234375 0.0234375 
0 0.52734375 0.482421875 0.0234375 0.0234375 
0 0.50390625 0.1015625 0.0234375 0.0234375 
0 0.4951171875 0.041015625 0.021484375 0.021484375 
0 0.576171875 0.03125 0.0224609375 0.0224609375 
0 0.654296875 0.3193359375 0.021484375 0.021484375 
0 0.57421875 0.4912109375 0.021484375 0.021484375 
0 0.615234375 0.103515625 0.0224609375 0.0224609375 
0 0.3564453125 0.4130859375 0.0224609375 0.0224609375 
0 0.53125 0.400390625 0.021484375 0.021484375 
0 0.60546875 0.078125 0.021484375 0.021484375 
1 0.4853515625 0.7158203125 0.0224609375 0.0224609375 
0 0.591796875 0.1630859375 0.021484375 0.021484375 
0 0.5615234375 0.1787109375 0.0234375 0.0234375 
0 0.5087890625 0.03515625 0.021484375 0.021484375 
1 0.345703125 0.185546875 0.0224609375 0.0224609375 
1 0.6962890625 0.1513671875 0.021484375 0.021484375 
0 0.5078125 0.8359375 0.0224609375 0.0224609375 
0 0.5537109375 0.6552734375 0.021484375 0.021484375 
0 0.3984375 0.068359375 0.0234375 0.0234375 
0 0.490234375 0.0859375 0.021484375 0.021484375 
0 0.3115234375 0.0302734375 0.0234375 0.0234375 
0 0.412109375 0.123046875 0.0234375 0.0234375 
1 0.3193359375 0.189453125 0.021484375 0.021484375 
0 0.4697265625 0.69921875 0.0234375 0.0234375 
0 0.4365234375 0.6640625 0.021484375 0.021484375 
0 0.55078125 0.828125 0.025390625 0.025390625 
0 0.38671875 0.3330078125 0.021484375 0.021484375 
0 0.6123046875 0.328125 0.021484375 0.021484375 
0 0.451171875 0.69140625 0.021484375 0.021484375 
1 0.5615234375 0.203125 0.021484375 0.021484375 
0 0.5087890625 0.2333984375 0.021484375 0.021484375 
1 0.6376953125 0.205078125 0.021484375 0.021484375 
0 0.416015625 0.271484375 0.0224609375 0.0224609375 
0 0.416015625 0.41015625 0.021484375 0.021484375 
1 0.330078125 0.1357421875 0.021484375 0.021484375 
0 0.4130859375 0.658203125 0.0234375 0.0234375 
0 0.4296875 0.474609375 0.021484375 0.021484375 
1 0.4345703125 0.55859375 0.0224609375 0.0224609375 
0 0.541015625 0.23828125 0.021484375 0.021484375 
1 0.638671875 0.23828125 0.021484375 0.021484375 
0 0.30078125 0.0703125 0.021484375 0.021484375 
1 0.4873046875 0.396484375 0.0224609375 0.0224609375 
