0 0.4326171875 0.28125 0.0234375 0.0234375 
0 0.552734375 0.3330078125 0.0224609375 0.0224609375 
0 0.517578125 0.3056640625 0.0234375 0.0234375 
0 0.4169921875 0.4716796875 0.0224609375 0.0224609375 
1 0.5458984375 0.3935546875 0.021484375 0.021484375 
0 0.3935546875 0.0361328125 0.0234375 0.0234375 
0 0.4794921875 0.3115234375 0.0234375 0.0234375 
0 0.6435546875 0.0322265625 0.0234375 0.0234375 
0 0.67578125 0.1884765625 0.0234375 0.0234375 
0 0.345703125 0.23828125 0.021484375 0.021484375 
0 0.5009765625 0.19921875 0.0234375 0.0234375 
0 0.3916015625 0.2744140625 0.0234375 0.0234375 
1 0.615234375 0.330078125 0.0224609375 0.0224609375 
0 0.5751953125 0.2734375 0.0234375 0.0234375 
1 0.443359375 0.1259765625 0.021484375 0.021484375 
1 0.396484375 0.203125 0.0224609375 0.0224609375 
1 0.400390625 0.1171875 0.021484375 0.021484375 
1 0.693359375 0.125 0.021484375 0.021484375 
0 0.6494140625 0.08984375 0.0224609375 0.0224609375 
0 0.392578125 0.2412109375 0.0224609375 0.0224609375 
1 0.5380859375 0.2275390625 0.0224609375 0.0224609375 
0 0.556640625 0.232421875 0.0234375 0.0234375 
0 0.294921875 0.1611328125 0.021484375 0.021484375 
1 0.529296875 0.609375 0.021484375 0.021484375 
0 0.5283203125 0.4375 0.021484375 0.021484375 
1 0.55859375 0.111328125 0.021484375 0.021484375 
0 0.5126953125 0.7451171875 0.021484375 0.021484375 
1 0.5625 0.7021484375 0.021484375 0.021484375 
0 0.529296875 0.576171875 0.021484375 0.021484375 
0 0.4638671875 0.5546875 0.021484375 0.021484375 
0 0.427734375 0.2587890625 0.021484375 0.021484375 
0 0.5341796875 0.1806640625 0.021484375 0.021484375 
0 0.421875 0.634765625 0.0234375 0.0234375 
0 0.576171875 0.2080078125 0.0234375 0.0234375 
0 0.4794921875 0.8134765625 0.025390625 0.025390625 
0 0.4677734375 0.6513671875 0.0234375 0.0234375 
0 0.4609375 0.5859375 0.0224609375 0.0224609375 
0 0.5205078125 0.2041015625 0.0224609375 0.0224609375 
0 0.6123046875 0.193359375 0.0234375 0.0234375 
0 0.4658203125 0.4091796875 0.021484375 0.021484375 
0 0.6923828125 0.0712890625 0.0234375 0.0234375 
1 0.5703125 0.6494140625 0.021484375 0.021484375 
0 0.525390625 0.697265625 0.0234375 0.0234375 
0 0.4091796875 0.61328125 0.0234375 0.0234375 
0 0.4677734375 0.4814453125 0.0224609375 0.0224609375 
1 0.470703125 0.533203125 0.0224609375 0.0224609375 
1 0.349609375 0.29296875 0.021484375 0.021484375 
0 0.595703125 0.064453125 0.021484375 0.021484375 
1 0.455078125 0.490234375 0.0224609375 0.0224609375 
0 0.4501953125 0.755859375 0.0234375 0.0234375 
0 0.404296875 0.0703125 0.021484375 0.021484375 
0 0.67578125 0.2421875 0.0234375 0.0234375 
0 0.4296875 0.62109375 0.021484375 0.021484375 
1 0.478515625 0.833984375 0.0234375 0.0234375 
0 0.4951171875 0.58203125 0.021484375 0.021484375 
0 0.4677734375 0.7392578125 0.021484375 0.021484375 
1 0.453125 0.150390625 0.0224609375 0.0224609375 
0 0.34375 0.18359375 0.0234375 0.0234375 
0 0.5654296875 0.3447265625 0.0234375 0.0234375 
0 0.5712890625 0.2255859375 0.021484375 0.021484375 
0 0.380859375 0.388671875 0.0234375 0.0234375 
0 0.5087890625 0.556640625 0.021484375 0.021484375 
0 0.3671875 0.345703125 0.0234375 0.0234375 
0 0.603515625 0.0458984375 0.021484375 0.021484375 
0 0.3408203125 0.0302734375 0.0224609375 0.0224609375 
0 0.486328125 0.6298828125 0.021484375 0.021484375 
0 0.4052734375 0.431640625 0.021484375 0.021484375 
1 0.6025390625 0.3466796875 0.0224609375 0.0224609375 
0 0.4521484375 0.0546875 0.021484375 0.021484375 
0 0.4267578125 0.58203125 0.0234375 0.0234375 
0 0.3935546875 0.40625 0.0234375 0.0234375 
0 0.5546875 0.4404296875 0.021484375 0.021484375 
0 0.5263671875 0.240234375 0.0224609375 0.0224609375 
0 0.5185546875 0.3916015625 0.021484375 0.021484375 
0 0.35546875 0.1396484375 0.021484375 0.021484375 
1 0.5263671875 0.1591796875 0.0224609375 0.0224609375 
0 0.60546875 0.2900390625 0.0234375 0.0234375 
0 0.41796875 0.33203125 0.021484375 0.021484375 
0 0.3291015625 0.22265625 0.021484375 0.021484375 
0 0.439453125 0.40234375 0.021484375 0.021484375 
1 0.5302734375 0.0341796875 0.0224609375 0.0224609375 
0 0.64453125 0.158203125 0.021484375 0.021484375 
1 0.576171875 0.0361328125 0.021484375 0.021484375 
0 0.4326171875 0.35546875 0.0234375 0.0234375 
0 0.6455078125 0.1884765625 0.021484375 0.021484375 
0 0.5732421875 0.5498046875 0.0234375 0.0234375 
0 0.6103515625 0.3740234375 0.021484375 0.021484375 
1 0.37890625 0.21875 0.021484375 0.021484375 
0 0.623046875 0.4482421875 0.021484375 0.021484375 
0 0.33203125 0.1357421875 0.0234375 0.0234375 
0 0.5 0.263671875 0.021484375 0.021484375 
1 0.5107421875 0.71875 0.0224609375 0.0224609375 
