0 0.5576171875 0.478515625 0.0234375 0.0234375 
0 0.5048828125 0.3779296875 0.021484375 0.021484375 
1 0.484375 0.8544921875 0.0234375 0.0234375 
0 0.630859375 0.0771484375 0.0234375 0.0234375 
0 0.43359375 0.3662109375 0.021484375 0.021484375 
0 0.5537109375 0.5380859375 0.021484375 0.021484375 
1 0.4453125 0.248046875 0.0224609375 0.0224609375 
0 0.5390625 0.419921875 0.0234375 0.0234375 
1 0.478515625 0.1396484375 0.0224609375 0.0224609375 
1 0.44921875 0.7529296875 0.021484375 0.021484375 
0 0.5087890625 0.57421875 0.021484375 0.021484375 
0 0.49609375 0.4462890625 0.021484375 0.021484375 
0 0.6240234375 0.166015625 0.021484375 0.021484375 
0 0.560546875 0.5537109375 0.021484375 0.021484375 
0 0.484375 0.89453125 0.0224609375 0.0224609375 
0 0.505859375 0.2216796875 0.021484375 0.021484375 
0 0.59375 0.4814453125 0.021484375 0.021484375 
1 0.66796875 0.1689453125 0.021484375 0.021484375 
0 0.40234375 0.517578125 0.021484375 0.021484375 
0 0.2919921875 0.1064453125 0.0234375 0.0234375 
0 0.568359375 0.125 0.0224609375 0.0224609375 
0 0.49609375 0.681640625 0.0234375 0.0234375 
0 0.462890625 0.6201171875 0.021484375 0.021484375 
0 0.6162109375 0.1328125 0.021484375 0.021484375 
1 0.6103515625 0.4208984375 0.021484375 0.021484375 
0 0.412109375 0.20703125 0.021484375 0.021484375 
0 0.3662109375 0.2451171875 0.021484375 0.021484375 
0 0.4697265625 0.638671875 0.021484375 0.021484375 
0 0.517578125 0.361328125 0.0234375 0.0234375 
0 0.4755859375 0.6630859375 0.021484375 0.021484375 
1 0.6240234375 0.0556640625 0.0224609375 0.0224609375 
1 0.4345703125 0.7421875 0.021484375 0.021484375 
0 0.462890625 0.4375 0.021484375 0.021484375 
1 0.345703125 0.33984375 0.0224609375 0.0224609375 
0 0.3134765625 0.0322265625 0.0234375 0.0234375 
0 0.4697265625 0.69921875 0.0234375 0.0234375 
0 0.4814453125 0.240234375 0.021484375 0.021484375 
0 0.521484375 0.5546875 0.0234375 0.0234375 
0 0.421875 0.244140625 0.0234375 0.0234375 
1 0.408203125 0.22265625 0.0224609375 0.0224609375 
0 0.453125 0.0927734375 0.0224609375 0.0224609375 
0 0.41796875 0.662109375 0.021484375 0.021484375 
0 0.419921875 0.4072265625 0.021484375 0.021484375 
0 0.33203125 0.0439453125 0.021484375 0.021484375 
0 0.5498046875 0.5888671875 0.021484375 0.021484375 
0 0.349609375 0.2763671875 0.021484375 0.021484375 
0 0.50390625 0.787109375 0.021484375 0.021484375 
0 0.490234375 0.1904296875 0.0224609375 0.0224609375 
0 0.4140625 0.1787109375 0.021484375 0.021484375 
0 0.552734375 0.345703125 0.021484375 0.021484375 
1 0.58984375 0.40625 0.0224609375 0.0224609375 
0 0.490234375 0.740234375 0.021484375 0.021484375 
0 0.6376953125 0.3857421875 0.021484375 0.021484375 
0 0.505859375 0.1650390625 0.021484375 0.021484375 
0 0.572265625 0.419921875 0.0234375 0.0234375 
0 0.4814453125 0.21875 0.021484375 0.021484375 
0 0.6533203125 0.095703125 0.021484375 0.021484375 
0 0.501953125 0.396484375 0.021484375 0.021484375 
0 0.392578125 0.1826171875 0.0224609375 0.0224609375 
1 0.6962890625 0.1142578125 0.0224609375 0.0224609375 
1 0.48046875 0.5859375 0.021484375 0.021484375 
0 0.6044921875 0.14453125 0.0224609375 0.0224609375 
0 0.685546875 0.04296875 0.021484375 0.021484375 
0 0.4453125 0.453125 0.0224609375 0.0224609375 
0 0.5205078125 0.4267578125 0.0234375 0.0234375 
1 0.6435546875 0.2978515625 0.021484375 0.021484375 
0 0.55078125 0.0771484375 0.0224609375 0.0224609375 
1 0.625 0.4072265625 0.0224609375 0.0224609375 
0 0.470703125 0.478515625 0.0234375 0.0234375 
1 0.4296875 0.04296875 0.021484375 0.021484375 
0 0.4345703125 0.2158203125 0.0234375 0.0234375 
0 0.6171875 0.365234375 0.021484375 0.021484375 
0 0.4462890625 0.119140625 0.0234375 0.0234375 
0 0.6416015625 0.259765625 0.021484375 0.021484375 
1 0.544921875 0.3798828125 0.021484375 0.021484375 
0 0.478515625 0.5654296875 0.0234375 0.0234375 
1 0.517578125 0.4736328125 0.021484375 0.021484375 
0 0.46484375 0.720703125 0.021484375 0.021484375 
0 0.3779296875 0.3427734375 0.0234375 0.0234375 
1 0.3671875 0.4052734375 0.021484375 0.021484375 
0 0.4287109375 0.3056640625 0.0234375 0.0234375 
0 0.5107421875 0.5263671875 0.0224609375 0.0224609375 
0 0.642578125 0.3154296875 0.021484375 0.021484375 
0 0.455078125 0.8271484375 0.021484375 0.021484375 
0 0.5595703125 0.3046875 0.021484375 0.021484375 
0 0.4130859375 0.5029296875 0.021484375 0.021484375 
0 0.533203125 0.3896484375 0.0234375 0.0234375 
0 0.337890625 0.265625 0.021484375 0.021484375 
1 0.6103515625 0.3994140625 0.021484375 0.021484375 
1 0.41796875 0.6416015625 0.021484375 0.021484375 
0 0.568359375 0.51171875 0.021484375 0.021484375 
0 0.6083984375 0.2255859375 0.021484375 0.021484375 
1 0.4892578125 0.2529296875 0.021484375 0.021484375 
0 0.599609375 0.2041015625 0.0234375 0.0234375 
0 0.4326171875 0.5400390625 0.0224609375 0.0224609375 
1 0.4404296875 0.7275390625 0.021484375 0.021484375 
1 0.3779296875 0.359375 0.021484375 0.021484375 
0 0.4814453125 0.2841796875 0.0234375 0.0234375 
0 0.5595703125 0.4482421875 0.0234375 0.0234375 
0 0.4951171875 0.232421875 0.021484375 0.021484375 
0 0.5986328125 0.5166015625 0.021484375 0.021484375 
0 0.51953125 0.337890625 0.021484375 0.021484375 
