1 0.6328125 0.134765625 0.021484375 0.021484375 
0 0.517578125 0.1513671875 0.021484375 0.021484375 
1 0.4404296875 0.6689453125 0.021484375 0.021484375 
0 0.541015625 0.58984375 0.021484375 0.021484375 
0 0.654296875 0.166015625 0.021484375 0.021484375 
0 0.4970703125 0.1142578125 0.021484375 0.021484375 
0 0.5712890625 0.1103515625 0.021484375 0.021484375 
0 0.4462890625 0.08203125 0.021484375 0.021484375 
0 0.5302734375 0.875 0.0224609375 0.0224609375 
0 0.5830078125 0.1494140625 0.0234375 0.0234375 
0 0.451171875 0.83203125 0.0224609375 0.0224609375 
0 0.484375 0.5810546875 0.021484375 0.021484375 
0 0.4130859375 0.255859375 0.0224609375 0.0224609375 
0 0.42578125 0.1044921875 0.0234375 0.0234375 
0 0.4814453125 0.125 0.021484375 0.021484375 
0 0.58984375 0.505859375 0.021484375 0.021484375 
0 0.3525390625 0.220703125 0.0234375 0.0234375 
0 0.384765625 0.1474609375 0.021484375 0.021484375 
0 0.42578125 0.6728515625 0.0234375 0.0234375 
0 0.546875 0.4638671875 0.0234375 0.0234375 
0 0.453125 0.603515625 0.021484375 0.021484375 
0 0.46875 0.3662109375 0.021484375 0.021484375 
0 0.6357421875 0.1591796875 0.021484375 0.021484375 
0 0.6220703125 0.197265625 0.0234375 0.0234375 
0 0.4619140625 0.1083984375 0.021484375 0.021484375 
1 0.455078125 0.6552734375 0.0224609375 0.0224609375 
0 0.4775390625 0.244140625 0.021484375 0.021484375 
0 0.37109375 0.0439453125 0.0234375 0.0234375 
0 0.453125 0.1572265625 0.021484375 0.021484375 
1 0.6298828125 0.2587890625 0.021484375 0.021484375 
0 0.533203125 0.134765625 0.021484375 0.021484375 
0 0.427734375 0.2216796875 0.021484375 0.021484375 
0 0.5517578125 0.6064453125 0.0234375 0.0234375 
0 0.6103515625 0.1044921875 0.0234375 0.0234375 
1 0.4892578125 0.78125 0.0234375 0.0234375 
0 0.4443359375 0.1806640625 0.0234375 0.0234375 
0 0.5625 0.162109375 0.021484375 0.021484375 
0 0.478515625 0.83984375 0.0234375 0.0234375 
1 0.447265625 0.2841796875 0.021484375 0.021484375 
0 0.5458984375 0.6591796875 0.021484375 0.021484375 
0 0.595703125 0.34375 0.021484375 0.021484375 
0 0.388671875 0.2490234375 0.021484375 0.021484375 
0 0.419921875 0.427734375 0.0224609375 0.0224609375 
0 0.6572265625 0.138671875 0.021484375 0.021484375 
0 0.458984375 0.18359375 0.0224609375 0.0224609375 
0 0.6337890625 0.34765625 0.021484375 0.021484375 
1 0.6142578125 0.07421875 0.021484375 0.021484375 
1 0.5400390625 0.703125 0.021484375 0.021484375 
0 0.337890625 0.0634765625 0.021484375 0.021484375 
1 0.3876953125 0.310546875 0.021484375 0.021484375 
0 0.5322265625 0.4345703125 0.0224609375 0.0224609375 
1 0.49609375 0.802734375 0.021484375 0.021484375 
1 0.4609375 0.8525390625 0.021484375 0.021484375 
0 0.4453125 0.4453125 0.0234375 0.0234375 
0 0.521484375 0.0615234375 0.021484375 0.021484375 
0 0.373046875 0.11328125 0.0234375 0.0234375 
0 0.4169921875 0.2802734375 0.0234375 0.0234375 
0 0.404296875 0.5771484375 0.021484375 0.021484375 
0 0.5556640625 0.3291015625 0.0234375 0.0234375 
0 0.4619140625 0.87109375 0.0224609375 0.0224609375 
0 0.6181640625 0.4462890625 0.0234375 0.0234375 
1 0.4326171875 0.2705078125 0.021484375 0.021484375 
0 0.6357421875 0.38671875 0.0234375 0.0234375 
0 0.427734375 0.0419921875 0.0234375 0.0234375 
0 0.55859375 0.51171875 0.021484375 0.021484375 
0 0.3251953125 0.1708984375 0.0234375 0.0234375 
0 0.578125 0.23828125 0.021484375 0.021484375 
0 0.5185546875 0.0380859375 0.021484375 0.021484375 
1 0.408203125 0.2177734375 0.021484375 0.021484375 
1 0.3759765625 0.478515625 0.0224609375 0.0224609375 
0 0.3505859375 0.1787109375 0.021484375 0.021484375 
0 0.333984375 0.3154296875 0.0234375 0.0234375 
0 0.380859375 0.2197265625 0.0234375 0.0234375 
1 0.6376953125 0.0498046875 0.0224609375 0.0224609375 
0 0.517578125 0.84765625 0.021484375 0.021484375 
0 0.4931640625 0.3974609375 0.0224609375 0.0224609375 
0 0.4365234375 0.1572265625 0.0234375 0.0234375 
0 0.3388671875 0.208984375 0.021484375 0.021484375 
0 0.55078125 0.771484375 0.0234375 0.0234375 
0 0.5244140625 0.3544921875 0.021484375 0.021484375 
0 0.4169921875 0.375 0.021484375 0.021484375 
0 0.4775390625 0.890625 0.021484375 0.021484375 
0 0.333984375 0.1123046875 0.021484375 0.021484375 
0 0.57421875 0.0771484375 0.021484375 0.021484375 
0 0.4619140625 0.345703125 0.0234375 0.0234375 
0 0.50390625 0.544921875 0.021484375 0.021484375 
1 0.4736328125 0.677734375 0.0224609375 0.0224609375 
0 0.5927734375 0.0380859375 0.0234375 0.0234375 
1 0.55078125 0.5615234375 0.021484375 0.021484375 
1 0.2939453125 0.15625 0.0224609375 0.0224609375 
0 0.5703125 0.7109375 0.0234375 0.0234375 
0 0.427734375 0.390625 0.021484375 0.021484375 
0 0.6826171875 0.208984375 0.021484375 0.021484375 
0 0.4111328125 0.6083984375 0.0234375 0.0234375 
0 0.4814453125 0.41796875 0.021484375 0.021484375 
0 0.4658203125 0.6435546875 0.021484375 0.021484375 
0 0.4287109375 0.3271484375 0.021484375 0.021484375 
0 0.5244140625 0.3740234375 0.0234375 0.0234375 
0 0.552734375 0.1416015625 0.021484375 0.021484375 
0 0.4833984375 0.5634765625 0.021484375 0.021484375 
0 0.68359375 0.0947265625 0.0234375 0.0234375 
1 0.533203125 0.5361328125 0.0224609375 0.0224609375 
1 0.6728515625 0.2587890625 0.021484375 0.021484375 
1 0.61328125 0.39453125 0.0224609375 0.0224609375 
0 0.6767578125 0.03515625 0.021484375 0.021484375 
0 0.6435546875 0.0810546875 0.021484375 0.021484375 
0 0.666015625 0.189453125 0.021484375 0.021484375 
1 0.3525390625 0.091796875 0.021484375 0.021484375 
1 0.498046875 0.662109375 0.021484375 0.021484375 
0 0.541015625 0.3779296875 0.021484375 0.021484375 
1 0.3759765625 0.4267578125 0.021484375 0.021484375 
1 0.5234375 0.6904296875 0.0224609375 0.0224609375 
0 0.482421875 0.7412109375 0.0234375 0.0234375 
1 0.365234375 0.3896484375 0.021484375 0.021484375 
0 0.5234375 0.599609375 0.0224609375 0.0224609375 
0 0.5185546875 0.3212890625 0.0234375 0.0234375 
0 0.5751953125 0.4248046875 0.021484375 0.021484375 
1 0.44921875 0.3916015625 0.021484375 0.021484375 
0 0.3984375 0.3251953125 0.0234375 0.0234375 
0 0.47265625 0.03125 0.021484375 0.021484375 
0 0.4150390625 0.5888671875 0.021484375 0.021484375 
0 0.4599609375 0.4140625 0.021484375 0.021484375 
0 0.654296875 0.2724609375 0.0224609375 0.0224609375 
0 0.5224609375 0.5791015625 0.0224609375 0.0224609375 
1 0.576171875 0.1318359375 0.021484375 0.021484375 
1 0.6083984375 0.509765625 0.021484375 0.021484375 
0 0.4931640625 0.638671875 0.021484375 0.021484375 
0 0.4599609375 0.6298828125 0.021484375 0.021484375 
0 0.3662109375 0.333984375 0.021484375 0.021484375 
0 0.4599609375 0.0693359375 0.0234375 0.0234375 
0 0.5166015625 0.435546875 0.021484375 0.021484375 
0 0.6240234375 0.232421875 0.0234375 0.0234375 
1 0.5234375 0.453125 0.021484375 0.021484375 
0 0.431640625 0.7509765625 0.021484375 0.021484375 
1 0.5458984375 0.5234375 0.0224609375 0.0224609375 
0 0.697265625 0.03125 0.021484375 0.021484375 
0 0.486328125 0.51171875 0.0234375 0.0234375 
0 0.6376953125 0.3046875 0.021484375 0.021484375 
1 0.5693359375 0.2216796875 0.021484375 0.021484375 
0 0.4951171875 0.1669921875 0.021484375 0.021484375 
0 0.4140625 0.3994140625 0.0234375 0.0234375 
0 0.380859375 0.3828125 0.0234375 0.0234375 
0 0.4501953125 0.19921875 0.021484375 0.021484375 
0 0.490234375 0.763671875 0.025390625 0.025390625 
0 0.5283203125 0.482421875 0.021484375 0.021484375 
0 0.62109375 0.3310546875 0.0234375 0.0234375 
0 0.353515625 0.15625 0.021484375 0.021484375 
0 0.67578125 0.125 0.0234375 0.0234375 
0 0.6318359375 0.291015625 0.021484375 0.021484375 
0 0.291015625 0.0419921875 0.021484375 0.021484375 
1 0.46484375 0.5712890625 0.021484375 0.021484375 
0 0.591796875 0.572265625 0.021484375 0.021484375 
0 0.6083984375 0.5625 0.021484375 0.021484375 
0 0.5390625 0.8564453125 0.021484375 0.021484375 
0 0.677734375 0.228515625 0.0234375 0.0234375 
0 0.599609375 0.3251953125 0.021484375 0.021484375 
1 0.5576171875 0.28125 0.021484375 0.021484375 
0 0.404296875 0.1767578125 0.021484375 0.021484375 
0 0.5966796875 0.298828125 0.0224609375 0.0224609375 
1 0.5556640625 0.7080078125 0.021484375 0.021484375 
0 0.5751953125 0.6220703125 0.021484375 0.021484375 
1 0.48046875 0.0517578125 0.021484375 0.021484375 
1 0.6171875 0.29296875 0.0224609375 0.0224609375 
0 0.3525390625 0.0576171875 0.021484375 0.021484375 
0 0.2783203125 0.0498046875 0.0234375 0.0234375 
0 0.4580078125 0.0458984375 0.0224609375 0.0224609375 
0 0.466796875 0.4677734375 0.021484375 0.021484375 
0 0.599609375 0.458984375 0.021484375 0.021484375 
0 0.5244140625 0.716796875 0.021484375 0.021484375 
0 0.4375 0.783203125 0.0234375 0.0234375 
0 0.5146484375 0.7529296875 0.01953125 0.01953125 
0 0.611328125 0.05859375 0.021484375 0.021484375 
0 0.5751953125 0.0341796875 0.0234375 0.0234375 
0 0.4609375 0.587890625 0.0234375 0.0234375 
1 0.4716796875 0.7158203125 0.021484375 0.021484375 
0 0.49609375 0.734375 0.0224609375 0.0224609375 
0 0.59765625 0.1171875 0.0224609375 0.0224609375 
0 0.4091796875 0.626953125 0.021484375 0.021484375 
0 0.572265625 0.52734375 0.021484375 0.021484375 
0 0.5 0.0322265625 0.0234375 0.0234375 
0 0.5107421875 0.3486328125 0.021484375 0.021484375 
0 0.3974609375 0.552734375 0.021484375 0.021484375 
0 0.6416015625 0.0322265625 0.021484375 0.021484375 
0 0.291015625 0.1376953125 0.021484375 0.021484375 
0 0.5458984375 0.357421875 0.0234375 0.0234375 
