0 0.5712890625 0.625 0.0234375 0.0234375 
0 0.5400390625 0.3798828125 0.0234375 0.0234375 
0 0.59375 0.09375 0.021484375 0.021484375 
1 0.2734375 0.052734375 0.0224609375 0.0224609375 
0 0.6162109375 0.1689453125 0.0234375 0.0234375 
0 0.5869140625 0.373046875 0.021484375 0.021484375 
0 0.6533203125 0.0703125 0.021484375 0.021484375 
0 0.3564453125 0.2333984375 0.021484375 0.021484375 
1 0.40625 0.1318359375 0.021484375 0.021484375 
0 0.4970703125 0.8330078125 0.0224609375 0.0224609375 
0 0.541015625 0.123046875 0.0234375 0.0234375 
0 0.3623046875 0.2783203125 0.021484375 0.021484375 
0 0.51953125 0.5625 0.0234375 0.0234375 
1 0.7041015625 0.099609375 0.021484375 0.021484375 
1 0.42578125 0.4921875 0.021484375 0.021484375 
0 0.341796875 0.1806640625 0.0234375 0.0234375 
0 0.376953125 0.4306640625 0.0234375 0.0234375 
0 0.4970703125 0.771484375 0.0224609375 0.0224609375 
0 0.494140625 0.5966796875 0.0234375 0.0234375 
0 0.32421875 0.236328125 0.0234375 0.0234375 
0 0.455078125 0.52734375 0.0234375 0.0234375 
0 0.5595703125 0.791015625 0.021484375 0.021484375 
0 0.4326171875 0.2177734375 0.0234375 0.0234375 
1 0.6650390625 0.0947265625 0.021484375 0.021484375 
0 0.4716796875 0.3486328125 0.0234375 0.0234375 
0 0.53125 0.8125 0.01953125 0.01953125 
0 0.4619140625 0.43359375 0.0234375 0.0234375 
0 0.68359375 0.111328125 0.021484375 0.021484375 
1 0.408203125 0.4404296875 0.021484375 0.021484375 
1 0.4248046875 0.4501953125 0.021484375 0.021484375 
1 0.484375 0.16015625 0.021484375 0.021484375 
0 0.3740234375 0.296875 0.021484375 0.021484375 
0 0.517578125 0.3486328125 0.021484375 0.021484375 
0 0.5361328125 0.869140625 0.01953125 0.01953125 
0 0.560546875 0.244140625 0.0234375 0.0234375 
1 0.4765625 0.5166015625 0.021484375 0.021484375 
0 0.4677734375 0.0751953125 0.021484375 0.021484375 
0 0.416015625 0.6630859375 0.021484375 0.021484375 
0 0.4853515625 0.869140625 0.025390625 0.025390625 
0 0.5615234375 0.54296875 0.021484375 0.021484375 
1 0.4658203125 0.85546875 0.021484375 0.021484375 
0 0.5947265625 0.3076171875 0.021484375 0.021484375 
0 0.3955078125 0.201171875 0.021484375 0.021484375 
1 0.416015625 0.337890625 0.021484375 0.021484375 
0 0.3779296875 0.1025390625 0.0234375 0.0234375 
1 0.455078125 0.810546875 0.021484375 0.021484375 
1 0.6845703125 0.1474609375 0.021484375 0.021484375 
1 0.4140625 0.2265625 0.021484375 0.021484375 
0 0.3115234375 0.1875 0.0234375 0.0234375 
0 0.390625 0.412109375 0.0234375 0.0234375 
1 0.55859375 0.7578125 0.0234375 0.0234375 
1 0.4453125 0.64453125 0.021484375 0.021484375 
0 0.482421875 0.544921875 0.0234375 0.0234375 
0 0.541015625 0.71875 0.0234375 0.0234375 
0 0.416015625 0.0849609375 0.021484375 0.021484375 
1 0.4521484375 0.197265625 0.021484375 0.021484375 
0 0.369140625 0.18359375 0.021484375 0.021484375 
0 0.6064453125 0.4228515625 0.021484375 0.021484375 
0 0.3271484375 0.1591796875 0.021484375 0.021484375 
0 0.505859375 0.298828125 0.021484375 0.021484375 
0 0.5458984375 0.33203125 0.021484375 0.021484375 
1 0.4990234375 0.4814453125 0.021484375 0.021484375 
0 0.4130859375 0.572265625 0.0234375 0.0234375 
0 0.6083984375 0.373046875 0.0234375 0.0234375 
0 0.3515625 0.072265625 0.021484375 0.021484375 
0 0.5068359375 0.4658203125 0.0234375 0.0234375 
0 0.4599609375 0.7255859375 0.021484375 0.021484375 
0 0.5859375 0.1455078125 0.021484375 0.021484375 
0 0.5615234375 0.1337890625 0.021484375 0.021484375 
0 0.4326171875 0.1396484375 0.021484375 0.021484375 
0 0.4111328125 0.1943359375 0.021484375 0.021484375 
0 0.59375 0.2421875 0.021484375 0.021484375 
0 0.5546875 0.103515625 0.0234375 0.0234375 
0 0.451171875 0.7861328125 0.0224609375 0.0224609375 
0 0.48046875 0.607421875 0.021484375 0.021484375 
1 0.4853515625 0.4150390625 0.021484375 0.021484375 
1 0.5498046875 0.392578125 0.021484375 0.021484375 
0 0.5322265625 0.0341796875 0.021484375 0.021484375 
0 0.4326171875 0.744140625 0.0234375 0.0234375 
0 0.5234375 0.1435546875 0.0234375 0.0234375 
0 0.431640625 0.0869140625 0.021484375 0.021484375 
0 0.58203125 0.509765625 0.0224609375 0.0224609375 
0 0.2978515625 0.1064453125 0.0234375 0.0234375 
0 0.4990234375 0.85546875 0.021484375 0.021484375 
0 0.478515625 0.142578125 0.021484375 0.021484375 
1 0.578125 0.3271484375 0.021484375 0.021484375 
0 0.3427734375 0.333984375 0.021484375 0.021484375 
0 0.4775390625 0.2978515625 0.021484375 0.021484375 
0 0.70703125 0.0380859375 0.0234375 0.0234375 
1 0.517578125 0.599609375 0.0224609375 0.0224609375 
0 0.4951171875 0.2001953125 0.0234375 0.0234375 
1 0.515625 0.48828125 0.0224609375 0.0224609375 
0 0.443359375 0.3642578125 0.0234375 0.0234375 
0 0.576171875 0.5927734375 0.021484375 0.021484375 
0 0.3701171875 0.3466796875 0.0234375 0.0234375 
0 0.3759765625 0.169921875 0.021484375 0.021484375 
