0 0.560546875 0.4521484375 0.0234375 0.0234375 
1 0.3876953125 0.501953125 0.0224609375 0.0224609375 
0 0.654296875 0.2705078125 0.021484375 0.021484375 
0 0.4091796875 0.4423828125 0.0234375 0.0234375 
0 0.5498046875 0.259765625 0.021484375 0.021484375 
0 0.373046875 0.3154296875 0.0224609375 0.0224609375 
1 0.4765625 0.29296875 0.021484375 0.021484375 
0 0.65234375 0.1640625 0.0224609375 0.0224609375 
0 0.380859375 0.033203125 0.0224609375 0.0224609375 
1 0.634765625 0.2197265625 0.0224609375 0.0224609375 
0 0.533203125 0.52734375 0.021484375 0.021484375 
0 0.66796875 0.279296875 0.021484375 0.021484375 
0 0.67578125 0.0830078125 0.021484375 0.021484375 
1 0.56640625 0.236328125 0.021484375 0.021484375 
0 0.46484375 0.6826171875 0.0234375 0.0234375 
1 0.3505859375 0.404296875 0.021484375 0.021484375 
1 0.5791015625 0.3427734375 0.0224609375 0.0224609375 
0 0.359375 0.2890625 0.0234375 0.0234375 
0 0.4794921875 0.400390625 0.021484375 0.021484375 
0 0.3212890625 0.2412109375 0.021484375 0.021484375 
0 0.6015625 0.423828125 0.0234375 0.0234375 
1 0.4345703125 0.09765625 0.021484375 0.021484375 
1 0.3408203125 0.109375 0.021484375 0.021484375 
1 0.5908203125 0.326171875 0.021484375 0.021484375 
1 0.5205078125 0.7529296875 0.0234375 0.0234375 
0 0.310546875 0.154296875 0.0234375 0.0234375 
0 0.625 0.0986328125 0.021484375 0.021484375 
0 0.48046875 0.1943359375 0.0234375 0.0234375 
0 0.4365234375 0.0498046875 0.0224609375 0.0224609375 
0 0.4345703125 0.5263671875 0.0234375 0.0234375 
1 0.560546875 0.423828125 0.021484375 0.021484375 
1 0.5048828125 0.6357421875 0.0224609375 0.0224609375 
1 0.3701171875 0.4150390625 0.021484375 0.021484375 
0 0.609375 0.0302734375 0.0224609375 0.0224609375 
0 0.5927734375 0.1025390625 0.021484375 0.021484375 
0 0.5830078125 0.0712890625 0.021484375 0.021484375 
0 0.4013671875 0.2685546875 0.021484375 0.021484375 
1 0.490234375 0.359375 0.021484375 0.021484375 
0 0.390625 0.333984375 0.0234375 0.0234375 
0 0.55078125 0.7314453125 0.021484375 0.021484375 
0 0.494140625 0.7802734375 0.0224609375 0.0224609375 
0 0.4716796875 0.2109375 0.0224609375 0.0224609375 
0 0.5478515625 0.1767578125 0.021484375 0.021484375 
0 0.4560546875 0.169921875 0.021484375 0.021484375 
0 0.369140625 0.0966796875 0.021484375 0.021484375 
0 0.5859375 0.6396484375 0.0234375 0.0234375 
1 0.654296875 0.0498046875 0.0224609375 0.0224609375 
1 0.3935546875 0.5244140625 0.0224609375 0.0224609375 
1 0.505859375 0.41796875 0.0224609375 0.0224609375 
0 0.4775390625 0.7373046875 0.0234375 0.0234375 
0 0.607421875 0.4638671875 0.0234375 0.0234375 
0 0.5087890625 0.56640625 0.0234375 0.0234375 
0 0.591796875 0.0380859375 0.021484375 0.021484375 
1 0.4384765625 0.708984375 0.0224609375 0.0224609375 
1 0.5791015625 0.08984375 0.0224609375 0.0224609375 
0 0.578125 0.3134765625 0.021484375 0.021484375 
0 0.630859375 0.2880859375 0.0234375 0.0234375 
0 0.6162109375 0.2744140625 0.021484375 0.021484375 
0 0.3056640625 0.068359375 0.0234375 0.0234375 
0 0.68359375 0.11328125 0.021484375 0.021484375 
0 0.451171875 0.8134765625 0.0224609375 0.0224609375 
0 0.4853515625 0.7099609375 0.0234375 0.0234375 
0 0.4287109375 0.0771484375 0.0224609375 0.0224609375 
1 0.5986328125 0.5791015625 0.0224609375 0.0224609375 
0 0.416015625 0.3037109375 0.021484375 0.021484375 
0 0.4453125 0.40625 0.021484375 0.021484375 
1 0.646484375 0.35546875 0.0224609375 0.0224609375 
0 0.40625 0.646484375 0.021484375 0.021484375 
0 0.4619140625 0.5517578125 0.0234375 0.0234375 
1 0.3427734375 0.26171875 0.021484375 0.021484375 
0 0.435546875 0.3701171875 0.0224609375 0.0224609375 
0 0.49609375 0.248046875 0.021484375 0.021484375 
0 0.478515625 0.60546875 0.0224609375 0.0224609375 
0 0.478515625 0.837890625 0.021484375 0.021484375 
0 0.642578125 0.310546875 0.021484375 0.021484375 
0 0.41796875 0.396484375 0.0234375 0.0234375 
1 0.5693359375 0.11328125 0.0224609375 0.0224609375 
0 0.716796875 0.0302734375 0.0234375 0.0234375 
0 0.4560546875 0.0888671875 0.021484375 0.021484375 
0 0.4853515625 0.5869140625 0.0234375 0.0234375 
0 0.53125 0.84375 0.025390625 0.025390625 
0 0.6103515625 0.373046875 0.0224609375 0.0224609375 
1 0.6650390625 0.2158203125 0.0224609375 0.0224609375 
0 0.373046875 0.11328125 0.021484375 0.021484375 
0 0.587890625 0.251953125 0.0234375 0.0234375 
0 0.3896484375 0.2548828125 0.021484375 0.021484375 
0 0.5361328125 0.740234375 0.021484375 0.021484375 
0 0.36328125 0.384765625 0.0234375 0.0234375 
0 0.326171875 0.1015625 0.0234375 0.0234375 
0 0.3896484375 0.0859375 0.021484375 0.021484375 
1 0.521484375 0.1728515625 0.021484375 0.021484375 
0 0.4111328125 0.1943359375 0.021484375 0.021484375 
0 0.60546875 0.533203125 0.0234375 0.0234375 
0 0.482421875 0.1298828125 0.021484375 0.021484375 
0 0.5283203125 0.3017578125 0.021484375 0.021484375 
0 0.490234375 0.333984375 0.0234375 0.0234375 
0 0.359375 0.037109375 0.021484375 0.021484375 
0 0.3720703125 0.0791015625 0.021484375 0.021484375 
0 0.482421875 0.650390625 0.0234375 0.0234375 
0 0.5048828125 0.875 0.0224609375 0.0224609375 
0 0.3544921875 0.0732421875 0.0234375 0.0234375 
0 0.515625 0.2939453125 0.021484375 0.021484375 
0 0.521484375 0.21484375 0.0224609375 0.0224609375 
1 0.42578125 0.6806640625 0.021484375 0.021484375 
0 0.44921875 0.3427734375 0.021484375 0.021484375 
0 0.47265625 0.3408203125 0.021484375 0.021484375 
0 0.5712890625 0.1376953125 0.021484375 0.021484375 
0 0.40625 0.42578125 0.021484375 0.021484375 
0 0.357421875 0.1435546875 0.0224609375 0.0224609375 
1 0.5166015625 0.1337890625 0.021484375 0.021484375 
0 0.4560546875 0.12890625 0.021484375 0.021484375 
0 0.5 0.68359375 0.021484375 0.021484375 
0 0.4072265625 0.0927734375 0.021484375 0.021484375 
0 0.3505859375 0.2490234375 0.0224609375 0.0224609375 
1 0.4365234375 0.2431640625 0.021484375 0.021484375 
0 0.6083984375 0.3974609375 0.0224609375 0.0224609375 
1 0.443359375 0.5986328125 0.021484375 0.021484375 
0 0.46484375 0.2744140625 0.021484375 0.021484375 
0 0.5234375 0.6591796875 0.021484375 0.021484375 
0 0.6494140625 0.14453125 0.021484375 0.021484375 
1 0.5419921875 0.2041015625 0.021484375 0.021484375 
0 0.5771484375 0.3623046875 0.0224609375 0.0224609375 
1 0.49609375 0.8359375 0.0234375 0.0234375 
0 0.3857421875 0.3916015625 0.021484375 0.021484375 
0 0.3984375 0.349609375 0.0234375 0.0234375 
0 0.4541015625 0.7724609375 0.0234375 0.0234375 
0 0.4306640625 0.72265625 0.0234375 0.0234375 
0 0.3896484375 0.4853515625 0.0224609375 0.0224609375 
0 0.326171875 0.138671875 0.0234375 0.0234375 
1 0.537109375 0.8251953125 0.021484375 0.021484375 
0 0.5498046875 0.2978515625 0.0234375 0.0234375 
0 0.4208984375 0.21875 0.021484375 0.021484375 
0 0.6484375 0.37109375 0.0234375 0.0234375 
0 0.5810546875 0.5205078125 0.0234375 0.0234375 
0 0.3740234375 0.2119140625 0.021484375 0.021484375 
0 0.458984375 0.7353515625 0.021484375 0.021484375 
1 0.5439453125 0.099609375 0.0224609375 0.0224609375 
0 0.4833984375 0.1025390625 0.0234375 0.0234375 
0 0.626953125 0.1806640625 0.021484375 0.021484375 
1 0.384765625 0.1845703125 0.021484375 0.021484375 
0 0.4580078125 0.052734375 0.021484375 0.021484375 
0 0.5439453125 0.4013671875 0.021484375 0.021484375 
0 0.2919921875 0.0751953125 0.021484375 0.021484375 
