0 0.603515625 0.1533203125 0.0224609375 0.0224609375 
0 0.6259765625 0.1826171875 0.021484375 0.021484375 
1 0.4306640625 0.140625 0.021484375 0.021484375 
1 0.4033203125 0.244140625 0.0224609375 0.0224609375 
1 0.599609375 0.1181640625 0.0224609375 0.0224609375 
0 0.462890625 0.48046875 0.0234375 0.0234375 
1 0.388671875 0.548828125 0.021484375 0.021484375 
0 0.65234375 0.0595703125 0.021484375 0.021484375 
1 0.490234375 0.279296875 0.0224609375 0.0224609375 
0 0.4248046875 0.296875 0.021484375 0.021484375 
0 0.458984375 0.8349609375 0.0234375 0.0234375 
0 0.46484375 0.5 0.0234375 0.0234375 
1 0.6884765625 0.130859375 0.021484375 0.021484375 
1 0.4296875 0.38671875 0.021484375 0.021484375 
0 0.51171875 0.4443359375 0.021484375 0.021484375 
0 0.5224609375 0.7685546875 0.025390625 0.025390625 
0 0.5859375 0.2548828125 0.021484375 0.021484375 
0 0.52734375 0.2607421875 0.0234375 0.0234375 
0 0.6533203125 0.22265625 0.0224609375 0.0224609375 
0 0.5146484375 0.189453125 0.0224609375 0.0224609375 
0 0.546875 0.5693359375 0.0234375 0.0234375 
0 0.3564453125 0.2470703125 0.0234375 0.0234375 
0 0.5400390625 0.716796875 0.0224609375 0.0224609375 
0 0.63671875 0.2958984375 0.021484375 0.021484375 
1 0.513671875 0.8505859375 0.021484375 0.021484375 
1 0.6083984375 0.40234375 0.021484375 0.021484375 
0 0.5361328125 0.45703125 0.0224609375 0.0224609375 
0 0.5302734375 0.8447265625 0.01953125 0.01953125 
0 0.4970703125 0.1611328125 0.021484375 0.021484375 
1 0.451171875 0.5595703125 0.0224609375 0.0224609375 
0 0.439453125 0.1796875 0.0234375 0.0234375 
0 0.5615234375 0.7412109375 0.0234375 0.0234375 
0 0.345703125 0.2998046875 0.0234375 0.0234375 
0 0.279296875 0.08984375 0.021484375 0.021484375 
0 0.4658203125 0.55859375 0.0224609375 0.0224609375 
0 0.412109375 0.091796875 0.021484375 0.021484375 
0 0.48046875 0.3427734375 0.021484375 0.021484375 
1 0.591796875 0.5537109375 0.021484375 0.021484375 
0 0.4365234375 0.6591796875 0.021484375 0.021484375 
0 0.4091796875 0.1171875 0.021484375 0.021484375 
0 0.451171875 0.638671875 0.021484375 0.021484375 
0 0.388671875 0.3642578125 0.0224609375 0.0224609375 
0 0.66796875 0.109375 0.0234375 0.0234375 
1 0.34375 0.1513671875 0.0224609375 0.0224609375 
1 0.412109375 0.6611328125 0.021484375 0.021484375 
0 0.421875 0.5390625 0.0234375 0.0234375 
0 0.3740234375 0.1572265625 0.0234375 0.0234375 
0 0.544921875 0.6103515625 0.0234375 0.0234375 
0 0.380859375 0.0888671875 0.021484375 0.021484375 
0 0.560546875 0.115234375 0.021484375 0.021484375 
0 0.4697265625 0.208984375 0.0234375 0.0234375 
0 0.3291015625 0.0673828125 0.0234375 0.0234375 
0 0.3818359375 0.2060546875 0.021484375 0.021484375 
1 0.5810546875 0.109375 0.021484375 0.021484375 
0 0.4482421875 0.2734375 0.0224609375 0.0224609375 
0 0.3515625 0.3525390625 0.021484375 0.021484375 
0 0.5546875 0.466796875 0.0224609375 0.0224609375 
0 0.6806640625 0.1923828125 0.021484375 0.021484375 
0 0.42578125 0.1552734375 0.021484375 0.021484375 
0 0.490234375 0.591796875 0.0234375 0.0234375 
0 0.591796875 0.6181640625 0.021484375 0.021484375 
1 0.501953125 0.6875 0.021484375 0.021484375 
0 0.5654296875 0.5068359375 0.0234375 0.0234375 
1 0.4296875 0.3603515625 0.021484375 0.021484375 
0 0.57421875 0.572265625 0.0234375 0.0234375 
0 0.6123046875 0.462890625 0.021484375 0.021484375 
1 0.623046875 0.2099609375 0.021484375 0.021484375 
0 0.4755859375 0.416015625 0.0234375 0.0234375 
0 0.3662109375 0.4345703125 0.0234375 0.0234375 
1 0.4814453125 0.228515625 0.0224609375 0.0224609375 
0 0.494140625 0.6162109375 0.021484375 0.021484375 
1 0.33984375 0.3232421875 0.021484375 0.021484375 
0 0.58203125 0.3681640625 0.0234375 0.0234375 
0 0.478515625 0.0927734375 0.021484375 0.021484375 
0 0.41015625 0.599609375 0.0234375 0.0234375 
1 0.65625 0.2412109375 0.0224609375 0.0224609375 
0 0.611328125 0.310546875 0.021484375 0.021484375 
0 0.373046875 0.484375 0.021484375 0.021484375 
0 0.388671875 0.48828125 0.0234375 0.0234375 
0 0.59765625 0.2021484375 0.0234375 0.0234375 
0 0.4990234375 0.10546875 0.021484375 0.021484375 
0 0.4677734375 0.130859375 0.021484375 0.021484375 
0 0.52734375 0.859375 0.0224609375 0.0224609375 
1 0.3701171875 0.2880859375 0.021484375 0.021484375 
0 0.48046875 0.3818359375 0.0234375 0.0234375 
0 0.3515625 0.138671875 0.0224609375 0.0224609375 
0 0.486328125 0.1865234375 0.021484375 0.021484375 
0 0.5771484375 0.216796875 0.021484375 0.021484375 
0 0.3955078125 0.1796875 0.021484375 0.021484375 
0 0.5048828125 0.3125 0.021484375 0.021484375 
0 0.45703125 0.62109375 0.0234375 0.0234375 
0 0.521484375 0.8837890625 0.021484375 0.021484375 
0 0.37890625 0.4189453125 0.021484375 0.021484375 
1 0.552734375 0.2236328125 0.021484375 0.021484375 
1 0.3505859375 0.271484375 0.021484375 0.021484375 
1 0.4951171875 0.810546875 0.021484375 0.021484375 
1 0.408203125 0.3564453125 0.021484375 0.021484375 
0 0.5771484375 0.5205078125 0.0234375 0.0234375 
0 0.474609375 0.6455078125 0.0234375 0.0234375 
0 0.5859375 0.392578125 0.0234375 0.0234375 
0 0.6259765625 0.2275390625 0.0224609375 0.0224609375 
0 0.4912109375 0.2548828125 0.0234375 0.0234375 
