1 0.392578125 0.4658203125 0.021484375 0.021484375 
0 0.5322265625 0.5322265625 0.021484375 0.021484375 
0 0.3818359375 0.4765625 0.021484375 0.021484375 
0 0.6005859375 0.087890625 0.0224609375 0.0224609375 
1 0.6103515625 0.302734375 0.021484375 0.021484375 
0 0.4267578125 0.5302734375 0.021484375 0.021484375 
0 0.494140625 0.7880859375 0.0224609375 0.0224609375 
1 0.4482421875 0.73828125 0.021484375 0.021484375 
1 0.5302734375 0.7724609375 0.0234375 0.0234375 
1 0.447265625 0.408203125 0.021484375 0.021484375 
0 0.4248046875 0.236328125 0.0234375 0.0234375 
1 0.599609375 0.4150390625 0.0224609375 0.0224609375 
0 0.484375 0.1953125 0.021484375 0.021484375 
0 0.5078125 0.6083984375 0.0224609375 0.0224609375 
1 0.4609375 0.544921875 0.021484375 0.021484375 
0 0.4609375 0.8359375 0.021484375 0.021484375 
0 0.55078125 0.5693359375 0.021484375 0.021484375 
0 0.3193359375 0.0361328125 0.021484375 0.021484375 
1 0.2763671875 0.083984375 0.021484375 0.021484375 
1 0.48046875 0.0751953125 0.021484375 0.021484375 
1 0.4677734375 0.056640625 0.021484375 0.021484375 
0 0.453125 0.1982421875 0.021484375 0.021484375 
0 0.6552734375 0.052734375 0.0234375 0.0234375 
1 0.423828125 0.623046875 0.021484375 0.021484375 
1 0.373046875 0.2607421875 0.021484375 0.021484375 
1 0.6435546875 0.2119140625 0.021484375 0.021484375 
0 0.5009765625 0.0947265625 0.021484375 0.021484375 
0 0.5419921875 0.1904296875 0.021484375 0.021484375 
0 0.3115234375 0.146484375 0.0234375 0.0234375 
0 0.2998046875 0.1337890625 0.021484375 0.021484375 
1 0.61328125 0.2783203125 0.021484375 0.021484375 
0 0.4833984375 0.39453125 0.021484375 0.021484375 
0 0.41015625 0.2060546875 0.021484375 0.021484375 
1 0.4130859375 0.5126953125 0.021484375 0.021484375 
1 0.521484375 0.263671875 0.0224609375 0.0224609375 
0 0.6015625 0.373046875 0.021484375 0.021484375 
0 0.4462890625 0.470703125 0.021484375 0.021484375 
0 0.3125 0.1982421875 0.021484375 0.021484375 
0 0.42578125 0.568359375 0.0234375 0.0234375 
0 0.677734375 0.2060546875 0.021484375 0.021484375 
1 0.4853515625 0.2197265625 0.021484375 0.021484375 
0 0.4140625 0.5576171875 0.0234375 0.0234375 
1 0.5390625 0.6787109375 0.0224609375 0.0224609375 
0 0.6455078125 0.1044921875 0.021484375 0.021484375 
0 0.3681640625 0.234375 0.0234375 0.0234375 
1 0.5615234375 0.236328125 0.0224609375 0.0224609375 
0 0.4453125 0.7822265625 0.0224609375 0.0224609375 
1 0.548828125 0.6318359375 0.021484375 0.021484375 
0 0.5556640625 0.71484375 0.021484375 0.021484375 
0 0.7080078125 0.0703125 0.021484375 0.021484375 
0 0.314453125 0.212890625 0.0234375 0.0234375 
0 0.451171875 0.4326171875 0.0234375 0.0234375 
0 0.35546875 0.095703125 0.0234375 0.0234375 
0 0.6376953125 0.3037109375 0.0224609375 0.0224609375 
1 0.4091796875 0.4306640625 0.021484375 0.021484375 
0 0.345703125 0.1298828125 0.0234375 0.0234375 
1 0.3837890625 0.3310546875 0.021484375 0.021484375 
0 0.3857421875 0.0703125 0.0234375 0.0234375 
1 0.4814453125 0.26953125 0.021484375 0.021484375 
0 0.41015625 0.599609375 0.0234375 0.0234375 
0 0.376953125 0.0966796875 0.0234375 0.0234375 
0 0.408203125 0.2666015625 0.021484375 0.021484375 
0 0.6015625 0.4296875 0.021484375 0.021484375 
0 0.521484375 0.5673828125 0.021484375 0.021484375 
0 0.44921875 0.8037109375 0.01953125 0.01953125 
0 0.3349609375 0.265625 0.021484375 0.021484375 
0 0.427734375 0.5908203125 0.0234375 0.0234375 
1 0.6015625 0.2607421875 0.021484375 0.021484375 
0 0.42578125 0.4775390625 0.021484375 0.021484375 
1 0.634765625 0.0576171875 0.0224609375 0.0224609375 
0 0.5361328125 0.3984375 0.0234375 0.0234375 
0 0.552734375 0.1708984375 0.0234375 0.0234375 
0 0.4892578125 0.6591796875 0.021484375 0.021484375 
1 0.5810546875 0.42578125 0.021484375 0.021484375 
0 0.51953125 0.8896484375 0.021484375 0.021484375 
0 0.58203125 0.4931640625 0.021484375 0.021484375 
1 0.654296875 0.2451171875 0.0224609375 0.0224609375 
0 0.423828125 0.0732421875 0.0224609375 0.0224609375 
0 0.3896484375 0.298828125 0.0224609375 0.0224609375 
0 0.3017578125 0.1611328125 0.021484375 0.021484375 
0 0.509765625 0.5 0.021484375 0.021484375 
0 0.41796875 0.359375 0.021484375 0.021484375 
1 0.5888671875 0.6083984375 0.021484375 0.021484375 
0 0.482421875 0.052734375 0.021484375 0.021484375 
1 0.4482421875 0.556640625 0.021484375 0.021484375 
0 0.4921875 0.24609375 0.021484375 0.021484375 
0 0.541015625 0.759765625 0.0224609375 0.0224609375 
0 0.41015625 0.0419921875 0.021484375 0.021484375 
0 0.3671875 0.0400390625 0.0234375 0.0234375 
0 0.34375 0.32421875 0.021484375 0.021484375 
0 0.5224609375 0.2431640625 0.021484375 0.021484375 
0 0.44921875 0.166015625 0.0234375 0.0234375 
0 0.5888671875 0.4560546875 0.0234375 0.0234375 
0 0.580078125 0.513671875 0.021484375 0.021484375 
0 0.515625 0.7880859375 0.0224609375 0.0224609375 
0 0.462890625 0.568359375 0.021484375 0.021484375 
0 0.4609375 0.6376953125 0.021484375 0.021484375 
0 0.4921875 0.560546875 0.0234375 0.0234375 
0 0.470703125 0.77734375 0.021484375 0.021484375 
1 0.572265625 0.1826171875 0.021484375 0.021484375 
1 0.4912109375 0.8759765625 0.0234375 0.0234375 
0 0.568359375 0.126953125 0.021484375 0.021484375 
1 0.4814453125 0.3291015625 0.021484375 0.021484375 
1 0.5322265625 0.857421875 0.021484375 0.021484375 
1 0.3955078125 0.041015625 0.021484375 0.021484375 
1 0.6806640625 0.0517578125 0.021484375 0.021484375 
