1 0.4658203125 0.21875 0.021484375 0.021484375 
0 0.4931640625 0.5703125 0.021484375 0.021484375 
0 0.642578125 0.400390625 0.021484375 0.021484375 
0 0.6064453125 0.291015625 0.021484375 0.021484375 
0 0.4951171875 0.6455078125 0.021484375 0.021484375 
0 0.4677734375 0.501953125 0.0234375 0.0234375 
0 0.568359375 0.048828125 0.021484375 0.021484375 
0 0.3271484375 0.1123046875 0.0234375 0.0234375 
0 0.4501953125 0.240234375 0.021484375 0.021484375 
0 0.630859375 0.068359375 0.021484375 0.021484375 
0 0.5361328125 0.1806640625 0.021484375 0.021484375 
0 0.6318359375 0.4208984375 0.0234375 0.0234375 
0 0.486328125 0.2392578125 0.0234375 0.0234375 
0 0.5673828125 0.439453125 0.021484375 0.021484375 
0 0.6298828125 0.33984375 0.021484375 0.021484375 
1 0.5048828125 0.8447265625 0.0234375 0.0234375 
0 0.44140625 0.1875 0.021484375 0.021484375 
0 0.484375 0.8642578125 0.025390625 0.025390625 
0 0.39453125 0.060546875 0.021484375 0.021484375 
1 0.6220703125 0.2744140625 0.021484375 0.021484375 
0 0.2705078125 0.0390625 0.0234375 0.0234375 
0 0.47265625 0.71484375 0.021484375 0.021484375 
0 0.705078125 0.0732421875 0.021484375 0.021484375 
0 0.5048828125 0.5341796875 0.0234375 0.0234375 
0 0.349609375 0.169921875 0.021484375 0.021484375 
1 0.423828125 0.283203125 0.021484375 0.021484375 
0 0.6767578125 0.04296875 0.021484375 0.021484375 
0 0.49609375 0.07421875 0.021484375 0.021484375 
0 0.5859375 0.177734375 0.0224609375 0.0224609375 
1 0.3623046875 0.0654296875 0.0224609375 0.0224609375 
0 0.4912109375 0.6103515625 0.0224609375 0.0224609375 
0 0.4375 0.2119140625 0.0234375 0.0234375 
1 0.337890625 0.2490234375 0.0224609375 0.0224609375 
0 0.591796875 0.0419921875 0.0224609375 0.0224609375 
0 0.3896484375 0.4736328125 0.021484375 0.021484375 
1 0.3388671875 0.1240234375 0.021484375 0.021484375 
0 0.671875 0.2177734375 0.021484375 0.021484375 
0 0.45703125 0.6650390625 0.021484375 0.021484375 
0 0.5283203125 0.0986328125 0.021484375 0.021484375 
0 0.6494140625 0.3154296875 0.021484375 0.021484375 
0 0.3125 0.037109375 0.021484375 0.021484375 
1 0.3486328125 0.34765625 0.021484375 0.021484375 
0 0.33203125 0.068359375 0.0224609375 0.0224609375 
0 0.494140625 0.5458984375 0.0234375 0.0234375 
0 0.521484375 0.6318359375 0.021484375 0.021484375 
1 0.5009765625 0.78515625 0.021484375 0.021484375 
0 0.537109375 0.5859375 0.021484375 0.021484375 
1 0.5810546875 0.0625 0.021484375 0.021484375 
0 0.466796875 0.3466796875 0.0224609375 0.0224609375 
0 0.48828125 0.4677734375 0.0224609375 0.0224609375 
0 0.6142578125 0.5185546875 0.0234375 0.0234375 
0 0.544921875 0.857421875 0.0224609375 0.0224609375 
0 0.384765625 0.1669921875 0.021484375 0.021484375 
0 0.4306640625 0.57421875 0.0224609375 0.0224609375 
0 0.494140625 0.046875 0.021484375 0.021484375 
0 0.5078125 0.31640625 0.021484375 0.021484375 
1 0.5732421875 0.3271484375 0.021484375 0.021484375 
0 0.5908203125 0.3505859375 0.021484375 0.021484375 
1 0.353515625 0.1435546875 0.021484375 0.021484375 
0 0.5908203125 0.400390625 0.021484375 0.021484375 
0 0.4580078125 0.169921875 0.021484375 0.021484375 
1 0.4599609375 0.728515625 0.021484375 0.021484375 
0 0.51953125 0.2109375 0.021484375 0.021484375 
0 0.51953125 0.7294921875 0.021484375 0.021484375 
0 0.4541015625 0.541015625 0.0234375 0.0234375 
0 0.5380859375 0.2431640625 0.0234375 0.0234375 
1 0.65625 0.3330078125 0.0224609375 0.0224609375 
0 0.412109375 0.23046875 0.0224609375 0.0224609375 
0 0.6279296875 0.3046875 0.0234375 0.0234375 
1 0.5673828125 0.59765625 0.0224609375 0.0224609375 
0 0.5224609375 0.6875 0.0224609375 0.0224609375 
0 0.4716796875 0.6220703125 0.0234375 0.0234375 
0 0.6572265625 0.0888671875 0.021484375 0.021484375 
0 0.5791015625 0.474609375 0.021484375 0.021484375 
1 0.4541015625 0.7763671875 0.021484375 0.021484375 
0 0.55078125 0.701171875 0.021484375 0.021484375 
0 0.3525390625 0.31640625 0.021484375 0.021484375 
0 0.6015625 0.3837890625 0.0234375 0.0234375 
1 0.49609375 0.6923828125 0.021484375 0.021484375 
0 0.4814453125 0.298828125 0.0234375 0.0234375 
1 0.572265625 0.5673828125 0.021484375 0.021484375 
0 0.5556640625 0.1591796875 0.021484375 0.021484375 
0 0.48828125 0.7294921875 0.021484375 0.021484375 
0 0.4384765625 0.611328125 0.021484375 0.021484375 
0 0.4375 0.134765625 0.021484375 0.021484375 
0 0.408203125 0.1123046875 0.021484375 0.021484375 
0 0.451171875 0.4462890625 0.021484375 0.021484375 
0 0.4619140625 0.115234375 0.021484375 0.021484375 
1 0.5068359375 0.4228515625 0.0224609375 0.0224609375 
0 0.42578125 0.6513671875 0.0234375 0.0234375 
0 0.330078125 0.13671875 0.0234375 0.0234375 
0 0.5185546875 0.7666015625 0.01953125 0.01953125 
0 0.5078125 0.142578125 0.0234375 0.0234375 
1 0.681640625 0.1806640625 0.021484375 0.021484375 
0 0.302734375 0.091796875 0.021484375 0.021484375 
1 0.3662109375 0.294921875 0.021484375 0.021484375 
0 0.576171875 0.212890625 0.0234375 0.0234375 
0 0.4208984375 0.3017578125 0.021484375 0.021484375 
0 0.533203125 0.345703125 0.0234375 0.0234375 
1 0.4833984375 0.4140625 0.0224609375 0.0224609375 
0 0.6064453125 0.169921875 0.021484375 0.021484375 
0 0.400390625 0.453125 0.021484375 0.021484375 
0 0.4501953125 0.26953125 0.021484375 0.021484375 
0 0.462890625 0.4248046875 0.0234375 0.0234375 
1 0.623046875 0.490234375 0.021484375 0.021484375 
1 0.5849609375 0.251953125 0.0224609375 0.0224609375 
0 0.4794921875 0.431640625 0.0224609375 0.0224609375 
0 0.54296875 0.2138671875 0.0234375 0.0234375 
1 0.6201171875 0.466796875 0.0224609375 0.0224609375 
0 0.560546875 0.5380859375 0.0234375 0.0234375 
0 0.392578125 0.2158203125 0.021484375 0.021484375 
1 0.439453125 0.66015625 0.021484375 0.021484375 
0 0.5048828125 0.6728515625 0.021484375 0.021484375 
1 0.4404296875 0.6904296875 0.021484375 0.021484375 
0 0.626953125 0.3623046875 0.021484375 0.021484375 
0 0.4892578125 0.630859375 0.0224609375 0.0224609375 
0 0.5185546875 0.802734375 0.0224609375 0.0224609375 
0 0.537109375 0.767578125 0.0234375 0.0234375 
0 0.35546875 0.380859375 0.021484375 0.021484375 
0 0.6435546875 0.244140625 0.0234375 0.0234375 
0 0.4853515625 0.8232421875 0.0224609375 0.0224609375 
0 0.45703125 0.59375 0.021484375 0.021484375 
0 0.279296875 0.07421875 0.0224609375 0.0224609375 
0 0.6298828125 0.1396484375 0.021484375 0.021484375 
1 0.40625 0.3916015625 0.021484375 0.021484375 
0 0.5654296875 0.1376953125 0.0224609375 0.0224609375 
0 0.578125 0.6982421875 0.021484375 0.021484375 
0 0.5166015625 0.822265625 0.021484375 0.021484375 
1 0.58203125 0.287109375 0.0224609375 0.0224609375 
1 0.5556640625 0.6728515625 0.021484375 0.021484375 
0 0.697265625 0.0322265625 0.0234375 0.0234375 
0 0.6064453125 0.4326171875 0.021484375 0.021484375 
1 0.5986328125 0.474609375 0.021484375 0.021484375 
0 0.421875 0.166015625 0.0234375 0.0234375 
0 0.5234375 0.0625 0.0234375 0.0234375 
0 0.4384765625 0.328125 0.0234375 0.0234375 
1 0.3798828125 0.23828125 0.0224609375 0.0224609375 
1 0.4677734375 0.1494140625 0.021484375 0.021484375 
0 0.4755859375 0.54296875 0.021484375 0.021484375 
0 0.4033203125 0.5283203125 0.021484375 0.021484375 
0 0.712890625 0.060546875 0.0234375 0.0234375 
1 0.509765625 0.4736328125 0.021484375 0.021484375 
