0 0.462890625 0.62890625 0.021484375 0.021484375 
0 0.3173828125 0.064453125 0.0234375 0.0234375 
0 0.5068359375 0.8515625 0.0224609375 0.0224609375 
0 0.4794921875 0.5634765625 0.0234375 0.0234375 
0 0.5244140625 0.701171875 0.0224609375 0.0224609375 
0 0.4111328125 0.3681640625 0.021484375 0.021484375 
0 0.5048828125 0.373046875 0.0224609375 0.0224609375 
1 0.4462890625 0.0751953125 0.021484375 0.021484375 
0 0.61328125 0.361328125 0.0234375 0.0234375 
1 0.6181640625 0.294921875 0.021484375 0.021484375 
0 0.630859375 0.3681640625 0.021484375 0.021484375 
0 0.45703125 0.26171875 0.0234375 0.0234375 
1 0.4775390625 0.306640625 0.0224609375 0.0224609375 
0 0.63671875 0.2490234375 0.0234375 0.0234375 
1 0.541015625 0.3642578125 0.021484375 0.021484375 
1 0.5703125 0.421875 0.021484375 0.021484375 
1 0.4775390625 0.6572265625 0.021484375 0.021484375 
0 0.4951171875 0.880859375 0.0224609375 0.0224609375 
1 0.3935546875 0.44140625 0.021484375 0.021484375 
0 0.6884765625 0.1708984375 0.0234375 0.0234375 
1 0.544921875 0.6767578125 0.021484375 0.021484375 
0 0.3984375 0.2724609375 0.021484375 0.021484375 
0 0.658203125 0.2568359375 0.021484375 0.021484375 
0 0.447265625 0.7060546875 0.0234375 0.0234375 
0 0.62890625 0.08203125 0.021484375 0.021484375 
0 0.4189453125 0.615234375 0.0234375 0.0234375 
0 0.5537109375 0.7998046875 0.01953125 0.01953125 
1 0.4404296875 0.6201171875 0.021484375 0.021484375 
0 0.3798828125 0.181640625 0.021484375 0.021484375 
0 0.453125 0.642578125 0.0234375 0.0234375 
0 0.40234375 0.4755859375 0.0224609375 0.0224609375 
1 0.3896484375 0.3623046875 0.021484375 0.021484375 
0 0.4775390625 0.490234375 0.0234375 0.0234375 
0 0.474609375 0.7060546875 0.021484375 0.021484375 
0 0.4765625 0.849609375 0.025390625 0.025390625 
1 0.51171875 0.4580078125 0.021484375 0.021484375 
0 0.478515625 0.8173828125 0.025390625 0.025390625 
0 0.5185546875 0.1416015625 0.021484375 0.021484375 
1 0.353515625 0.3349609375 0.021484375 0.021484375 
0 0.357421875 0.248046875 0.0224609375 0.0224609375 
0 0.4619140625 0.2880859375 0.0234375 0.0234375 
0 0.5859375 0.3212890625 0.0224609375 0.0224609375 
0 0.4091796875 0.33203125 0.021484375 0.021484375 
0 0.4794921875 0.072265625 0.0234375 0.0234375 
1 0.607421875 0.5673828125 0.021484375 0.021484375 
0 0.318359375 0.2255859375 0.021484375 0.021484375 
0 0.6689453125 0.09375 0.0224609375 0.0224609375 
0 0.3994140625 0.30859375 0.021484375 0.021484375 
0 0.341796875 0.03125 0.0234375 0.0234375 
0 0.474609375 0.3984375 0.021484375 0.021484375 
0 0.3681640625 0.0751953125 0.021484375 0.021484375 
1 0.5888671875 0.140625 0.0224609375 0.0224609375 
0 0.6484375 0.330078125 0.021484375 0.021484375 
0 0.4248046875 0.1259765625 0.021484375 0.021484375 
0 0.6201171875 0.2568359375 0.021484375 0.021484375 
0 0.5703125 0.7119140625 0.021484375 0.021484375 
0 0.40625 0.52734375 0.021484375 0.021484375 
1 0.52734375 0.328125 0.021484375 0.021484375 
0 0.5185546875 0.6826171875 0.0234375 0.0234375 
0 0.5380859375 0.79296875 0.0234375 0.0234375 
0 0.2890625 0.130859375 0.0234375 0.0234375 
0 0.4287109375 0.1416015625 0.021484375 0.021484375 
0 0.4931640625 0.7666015625 0.021484375 0.021484375 
0 0.603515625 0.125 0.0234375 0.0234375 
0 0.3740234375 0.1484375 0.021484375 0.021484375 
1 0.3232421875 0.1669921875 0.021484375 0.021484375 
1 0.5654296875 0.55859375 0.021484375 0.021484375 
0 0.6474609375 0.212890625 0.021484375 0.021484375 
1 0.6337890625 0.3359375 0.021484375 0.021484375 
1 0.3154296875 0.18359375 0.021484375 0.021484375 
0 0.505859375 0.3095703125 0.0234375 0.0234375 
0 0.37890625 0.3896484375 0.0234375 0.0234375 
1 0.5693359375 0.0595703125 0.021484375 0.021484375 
0 0.4638671875 0.052734375 0.0234375 0.0234375 
0 0.5009765625 0.234375 0.021484375 0.021484375 
0 0.4931640625 0.1328125 0.021484375 0.021484375 
0 0.4306640625 0.5830078125 0.021484375 0.021484375 
0 0.4853515625 0.3828125 0.0234375 0.0234375 
0 0.4208984375 0.4892578125 0.0234375 0.0234375 
0 0.4638671875 0.173828125 0.021484375 0.021484375 
0 0.4150390625 0.03515625 0.021484375 0.021484375 
0 0.38671875 0.51171875 0.021484375 0.021484375 
0 0.4541015625 0.5869140625 0.0234375 0.0234375 
0 0.544921875 0.3916015625 0.021484375 0.021484375 
0 0.37109375 0.275390625 0.021484375 0.021484375 
0 0.5673828125 0.2294921875 0.021484375 0.021484375 
1 0.4638671875 0.0859375 0.021484375 0.021484375 
0 0.3447265625 0.1328125 0.021484375 0.021484375 
0 0.546875 0.7470703125 0.021484375 0.021484375 
0 0.6259765625 0.177734375 0.0234375 0.0234375 
1 0.5732421875 0.18359375 0.0224609375 0.0224609375 
1 0.44140625 0.5458984375 0.021484375 0.021484375 
0 0.50390625 0.8955078125 0.0234375 0.0234375 
1 0.52734375 0.5751953125 0.021484375 0.021484375 
0 0.6064453125 0.5478515625 0.0234375 0.0234375 
1 0.396484375 0.490234375 0.021484375 0.021484375 
0 0.55859375 0.1181640625 0.021484375 0.021484375 
0 0.640625 0.1015625 0.021484375 0.021484375 
0 0.6875 0.1923828125 0.021484375 0.021484375 
0 0.42578125 0.4111328125 0.0224609375 0.0224609375 
0 0.3740234375 0.4697265625 0.021484375 0.021484375 
1 0.5400390625 0.82421875 0.021484375 0.021484375 
0 0.6103515625 0.18359375 0.021484375 0.021484375 
0 0.4580078125 0.830078125 0.021484375 0.021484375 
0 0.5205078125 0.6640625 0.021484375 0.021484375 
0 0.626953125 0.396484375 0.0234375 0.0234375 
0 0.2939453125 0.0537109375 0.021484375 0.021484375 
0 0.4892578125 0.638671875 0.0234375 0.0234375 
0 0.5810546875 0.12109375 0.0234375 0.0234375 
1 0.5986328125 0.4833984375 0.021484375 0.021484375 
0 0.42578125 0.3408203125 0.0234375 0.0234375 
0 0.5146484375 0.76171875 0.01953125 0.01953125 
0 0.4296875 0.3046875 0.0234375 0.0234375 
1 0.4423828125 0.3271484375 0.021484375 0.021484375 
0 0.349609375 0.060546875 0.021484375 0.021484375 
0 0.59765625 0.3671875 0.0224609375 0.0224609375 
1 0.6572265625 0.0322265625 0.0224609375 0.0224609375 
0 0.6240234375 0.34765625 0.0234375 0.0234375 
0 0.408203125 0.5869140625 0.0234375 0.0234375 
0 0.5849609375 0.169921875 0.021484375 0.021484375 
0 0.3525390625 0.2275390625 0.021484375 0.021484375 
0 0.5400390625 0.6240234375 0.021484375 0.021484375 
0 0.6435546875 0.0400390625 0.0234375 0.0234375 
0 0.6533203125 0.1494140625 0.021484375 0.021484375 
0 0.58203125 0.4443359375 0.0234375 0.0234375 
1 0.3896484375 0.2373046875 0.0224609375 0.0224609375 
0 0.5693359375 0.296875 0.0224609375 0.0224609375 
0 0.32421875 0.0458984375 0.021484375 0.021484375 
1 0.6376953125 0.2998046875 0.0224609375 0.0224609375 
1 0.5517578125 0.498046875 0.021484375 0.021484375 
0 0.3623046875 0.302734375 0.021484375 0.021484375 
0 0.5458984375 0.7294921875 0.0234375 0.0234375 
0 0.5322265625 0.2646484375 0.021484375 0.021484375 
0 0.5419921875 0.078125 0.0234375 0.0234375 
1 0.5341796875 0.7646484375 0.021484375 0.021484375 
0 0.3837890625 0.095703125 0.021484375 0.021484375 
0 0.30859375 0.033203125 0.021484375 0.021484375 
0 0.412109375 0.052734375 0.0234375 0.0234375 
0 0.4443359375 0.7470703125 0.021484375 0.021484375 
0 0.4990234375 0.732421875 0.021484375 0.021484375 
0 0.4833984375 0.0302734375 0.021484375 0.021484375 
0 0.5673828125 0.404296875 0.021484375 0.021484375 
0 0.4716796875 0.2294921875 0.021484375 0.021484375 
0 0.5087890625 0.3984375 0.0234375 0.0234375 
0 0.416015625 0.541015625 0.0234375 0.0234375 
1 0.46484375 0.03515625 0.021484375 0.021484375 
0 0.5810546875 0.6337890625 0.0234375 0.0234375 
0 0.6416015625 0.12890625 0.0224609375 0.0224609375 
0 0.361328125 0.1201171875 0.021484375 0.021484375 
1 0.4345703125 0.24609375 0.021484375 0.021484375 
0 0.6630859375 0.1875 0.021484375 0.021484375 
1 0.4912109375 0.216796875 0.021484375 0.021484375 
0 0.5361328125 0.458984375 0.0234375 0.0234375 
0 0.5361328125 0.228515625 0.021484375 0.021484375 
0 0.4140625 0.1044921875 0.021484375 0.021484375 
0 0.58203125 0.6611328125 0.0234375 0.0234375 
0 0.5859375 0.4111328125 0.021484375 0.021484375 
1 0.5322265625 0.8798828125 0.021484375 0.021484375 
1 0.6552734375 0.2412109375 0.0224609375 0.0224609375 
0 0.55078125 0.140625 0.021484375 0.021484375 
0 0.376953125 0.1279296875 0.021484375 0.021484375 
0 0.4599609375 0.771484375 0.025390625 0.025390625 
0 0.4873046875 0.43359375 0.021484375 0.021484375 
0 0.5986328125 0.20703125 0.0234375 0.0234375 
1 0.48828125 0.34375 0.0224609375 0.0224609375 
1 0.4248046875 0.1611328125 0.021484375 0.021484375 
0 0.58984375 0.2763671875 0.0224609375 0.0224609375 
0 0.5693359375 0.7314453125 0.021484375 0.021484375 
1 0.4697265625 0.212890625 0.021484375 0.021484375 
0 0.572265625 0.0986328125 0.0234375 0.0234375 
0 0.5556640625 0.6611328125 0.0234375 0.0234375 
0 0.669921875 0.1171875 0.021484375 0.021484375 
0 0.421875 0.076171875 0.021484375 0.021484375 
0 0.6962890625 0.0498046875 0.0234375 0.0234375 
0 0.5576171875 0.4619140625 0.021484375 0.021484375 
0 0.583984375 0.345703125 0.0234375 0.0234375 
1 0.529296875 0.607421875 0.021484375 0.021484375 
1 0.5244140625 0.630859375 0.021484375 0.021484375 
0 0.55078125 0.53515625 0.021484375 0.021484375 
