0 0.4501953125 0.2939453125 0.021484375 0.021484375 
0 0.5107421875 0.734375 0.0234375 0.0234375 
0 0.4326171875 0.3349609375 0.021484375 0.021484375 
0 0.4921875 0.771484375 0.0224609375 0.0224609375 
1 0.4765625 0.3740234375 0.021484375 0.021484375 
0 0.5263671875 0.234375 0.021484375 0.021484375 
0 0.4755859375 0.13671875 0.021484375 0.021484375 
0 0.6220703125 0.0625 0.0234375 0.0234375 
0 0.4541015625 0.2373046875 0.021484375 0.021484375 
0 0.6044921875 0.4736328125 0.021484375 0.021484375 
0 0.5048828125 0.62109375 0.0234375 0.0234375 
0 0.3974609375 0.1259765625 0.021484375 0.021484375 
0 0.662109375 0.0771484375 0.021484375 0.021484375 
0 0.400390625 0.244140625 0.021484375 0.021484375 
0 0.5263671875 0.541015625 0.021484375 0.021484375 
0 0.375 0.40625 0.021484375 0.021484375 
0 0.36328125 0.298828125 0.0224609375 0.0224609375 
0 0.498046875 0.568359375 0.021484375 0.021484375 
1 0.41015625 0.4208984375 0.0224609375 0.0224609375 
0 0.66796875 0.1142578125 0.021484375 0.021484375 
0 0.6787109375 0.232421875 0.021484375 0.021484375 
0 0.5205078125 0.5703125 0.021484375 0.021484375 
1 0.419921875 0.25390625 0.0224609375 0.0224609375 
0 0.515625 0.1337890625 0.021484375 0.021484375 
0 0.7109375 0.03125 0.021484375 0.021484375 
1 0.6669921875 0.197265625 0.0224609375 0.0224609375 
1 0.4287109375 0.1337890625 0.0224609375 0.0224609375 
0 0.533203125 0.626953125 0.021484375 0.021484375 
0 0.4375 0.6611328125 0.0234375 0.0234375 
0 0.537109375 0.4423828125 0.021484375 0.021484375 
0 0.443359375 0.1044921875 0.0234375 0.0234375 
1 0.4169921875 0.1142578125 0.021484375 0.021484375 
0 0.4765625 0.8037109375 0.01953125 0.01953125 
0 0.3583984375 0.427734375 0.021484375 0.021484375 
0 0.3642578125 0.3486328125 0.021484375 0.021484375 
0 0.576171875 0.1279296875 0.0234375 0.0234375 
0 0.548828125 0.296875 0.021484375 0.021484375 
0 0.458984375 0.578125 0.0224609375 0.0224609375 
0 0.5830078125 0.0751953125 0.021484375 0.021484375 
1 0.3720703125 0.0888671875 0.021484375 0.021484375 
0 0.5751953125 0.2734375 0.0234375 0.0234375 
0 0.634765625 0.1318359375 0.021484375 0.021484375 
0 0.5615234375 0.041015625 0.021484375 0.021484375 
1 0.5302734375 0.0732421875 0.021484375 0.021484375 
1 0.53125 0.51171875 0.021484375 0.021484375 
0 0.3037109375 0.0751953125 0.021484375 0.021484375 
0 0.4033203125 0.5947265625 0.0234375 0.0234375 
0 0.4306640625 0.5771484375 0.021484375 0.021484375 
0 0.6318359375 0.2734375 0.021484375 0.021484375 
1 0.48828125 0.3427734375 0.0224609375 0.0224609375 
1 0.55078125 0.259765625 0.021484375 0.021484375 
1 0.3193359375 0.04296875 0.021484375 0.021484375 
0 0.3701171875 0.1494140625 0.021484375 0.021484375 
0 0.466796875 0.0986328125 0.021484375 0.021484375 
1 0.505859375 0.306640625 0.021484375 0.021484375 
1 0.6201171875 0.3564453125 0.021484375 0.021484375 
0 0.4853515625 0.720703125 0.021484375 0.021484375 
1 0.330078125 0.1904296875 0.021484375 0.021484375 
0 0.4736328125 0.4404296875 0.021484375 0.021484375 
0 0.6689453125 0.048828125 0.0224609375 0.0224609375 
0 0.310546875 0.1943359375 0.0224609375 0.0224609375 
0 0.4619140625 0.2099609375 0.021484375 0.021484375 
0 0.3056640625 0.13671875 0.021484375 0.021484375 
0 0.548828125 0.609375 0.021484375 0.021484375 
0 0.4697265625 0.7373046875 0.0234375 0.0234375 
0 0.5205078125 0.6708984375 0.021484375 0.021484375 
0 0.5390625 0.5244140625 0.0234375 0.0234375 
0 0.470703125 0.4794921875 0.021484375 0.021484375 
0 0.5537109375 0.1298828125 0.021484375 0.021484375 
0 0.564453125 0.298828125 0.0234375 0.0234375 
1 0.41796875 0.1494140625 0.021484375 0.021484375 
1 0.29296875 0.0439453125 0.021484375 0.021484375 
0 0.3388671875 0.1494140625 0.021484375 0.021484375 
0 0.5849609375 0.4140625 0.021484375 0.021484375 
0 0.427734375 0.6220703125 0.021484375 0.021484375 
0 0.4736328125 0.1708984375 0.021484375 0.021484375 
0 0.4931640625 0.0947265625 0.0234375 0.0234375 
0 0.439453125 0.2236328125 0.021484375 0.021484375 
0 0.3623046875 0.1826171875 0.021484375 0.021484375 
0 0.3251953125 0.2705078125 0.0234375 0.0234375 
0 0.4765625 0.767578125 0.025390625 0.025390625 
1 0.4990234375 0.4091796875 0.021484375 0.021484375 
0 0.404296875 0.2744140625 0.021484375 0.021484375 
0 0.5166015625 0.8359375 0.0224609375 0.0224609375 
0 0.5078125 0.1748046875 0.021484375 0.021484375 
0 0.5546875 0.396484375 0.021484375 0.021484375 
0 0.4326171875 0.4248046875 0.021484375 0.021484375 
0 0.6025390625 0.296875 0.0224609375 0.0224609375 
0 0.5458984375 0.1875 0.0224609375 0.0224609375 
1 0.501953125 0.212890625 0.0224609375 0.0224609375 
0 0.40625 0.1884765625 0.0234375 0.0234375 
0 0.484375 0.318359375 0.0234375 0.0234375 
0 0.576171875 0.2236328125 0.021484375 0.021484375 
0 0.681640625 0.1240234375 0.021484375 0.021484375 
0 0.33984375 0.26171875 0.0234375 0.0234375 
0 0.48828125 0.1650390625 0.021484375 0.021484375 
1 0.5009765625 0.076171875 0.0224609375 0.0224609375 
0 0.6083984375 0.07421875 0.0224609375 0.0224609375 
0 0.634765625 0.255859375 0.021484375 0.021484375 
0 0.677734375 0.1708984375 0.021484375 0.021484375 
1 0.619140625 0.12890625 0.0224609375 0.0224609375 
0 0.4541015625 0.6435546875 0.021484375 0.021484375 
1 0.4091796875 0.2109375 0.0224609375 0.0224609375 
0 0.5498046875 0.2119140625 0.0234375 0.0234375 
1 0.5302734375 0.65625 0.021484375 0.021484375 
0 0.580078125 0.484375 0.021484375 0.021484375 
0 0.4765625 0.66015625 0.021484375 0.021484375 
0 0.509765625 0.685546875 0.021484375 0.021484375 
0 0.5400390625 0.0322265625 0.021484375 0.021484375 
0 0.560546875 0.498046875 0.0224609375 0.0224609375 
0 0.3935546875 0.35546875 0.021484375 0.021484375 
0 0.5419921875 0.7978515625 0.025390625 0.025390625 
1 0.4609375 0.541015625 0.0224609375 0.0224609375 
0 0.4658203125 0.1484375 0.021484375 0.021484375 
0 0.5673828125 0.6640625 0.021484375 0.021484375 
1 0.640625 0.087890625 0.021484375 0.021484375 
0 0.6181640625 0.11328125 0.0224609375 0.0224609375 
1 0.447265625 0.4501953125 0.021484375 0.021484375 
1 0.6103515625 0.1962890625 0.021484375 0.021484375 
0 0.646484375 0.2978515625 0.021484375 0.021484375 
0 0.4052734375 0.4853515625 0.0224609375 0.0224609375 
0 0.4150390625 0.2978515625 0.021484375 0.021484375 
0 0.5791015625 0.0986328125 0.021484375 0.021484375 
0 0.595703125 0.544921875 0.021484375 0.021484375 
0 0.5830078125 0.669921875 0.021484375 0.021484375 
0 0.4951171875 0.376953125 0.0234375 0.0234375 
0 0.4970703125 0.8603515625 0.0224609375 0.0224609375 
0 0.560546875 0.419921875 0.021484375 0.021484375 
0 0.5126953125 0.3359375 0.0234375 0.0234375 
0 0.546875 0.3671875 0.0234375 0.0234375 
0 0.658203125 0.216796875 0.0234375 0.0234375 
0 0.6025390625 0.568359375 0.0234375 0.0234375 
1 0.4365234375 0.544921875 0.0224609375 0.0224609375 
1 0.296875 0.09765625 0.0224609375 0.0224609375 
1 0.5029296875 0.466796875 0.0224609375 0.0224609375 
1 0.3671875 0.4443359375 0.0224609375 0.0224609375 
0 0.5625 0.48046875 0.021484375 0.021484375 
0 0.404296875 0.09375 0.0234375 0.0234375 
0 0.4677734375 0.8876953125 0.01953125 0.01953125 
0 0.4541015625 0.5244140625 0.021484375 0.021484375 
0 0.3779296875 0.294921875 0.021484375 0.021484375 
1 0.5556640625 0.7607421875 0.021484375 0.021484375 
0 0.54296875 0.052734375 0.021484375 0.021484375 
0 0.3046875 0.17578125 0.021484375 0.021484375 
0 0.353515625 0.3984375 0.0234375 0.0234375 
0 0.5498046875 0.6845703125 0.021484375 0.021484375 
0 0.32421875 0.228515625 0.021484375 0.021484375 
0 0.4658203125 0.083984375 0.0234375 0.0234375 
0 0.580078125 0.296875 0.0224609375 0.0224609375 
1 0.435546875 0.486328125 0.0224609375 0.0224609375 
0 0.3701171875 0.251953125 0.021484375 0.021484375 
0 0.5615234375 0.171875 0.0234375 0.0234375 
0 0.322265625 0.1064453125 0.0224609375 0.0224609375 
0 0.359375 0.236328125 0.021484375 0.021484375 
0 0.4130859375 0.34765625 0.021484375 0.021484375 
0 0.4482421875 0.3935546875 0.0224609375 0.0224609375 
0 0.6865234375 0.0712890625 0.0234375 0.0234375 
0 0.46875 0.2529296875 0.0234375 0.0234375 
0 0.5224609375 0.798828125 0.021484375 0.021484375 
0 0.447265625 0.6728515625 0.021484375 0.021484375 
0 0.5048828125 0.806640625 0.01953125 0.01953125 
0 0.3779296875 0.330078125 0.021484375 0.021484375 
1 0.482421875 0.39453125 0.021484375 0.021484375 
1 0.5078125 0.7177734375 0.021484375 0.021484375 
1 0.623046875 0.455078125 0.0224609375 0.0224609375 
1 0.412109375 0.376953125 0.0224609375 0.0224609375 
1 0.490234375 0.537109375 0.021484375 0.021484375 
1 0.62890625 0.3935546875 0.0224609375 0.0224609375 
1 0.5869140625 0.5322265625 0.021484375 0.021484375 
0 0.4912109375 0.5947265625 0.0234375 0.0234375 
1 0.6396484375 0.3466796875 0.021484375 0.021484375 
0 0.484375 0.2548828125 0.021484375 0.021484375 
1 0.4609375 0.34765625 0.0224609375 0.0224609375 
0 0.490234375 0.748046875 0.021484375 0.021484375 
1 0.6416015625 0.107421875 0.0224609375 0.0224609375 
0 0.5087890625 0.873046875 0.025390625 0.025390625 
0 0.630859375 0.23828125 0.0234375 0.0234375 
0 0.28515625 0.083984375 0.021484375 0.021484375 
1 0.3447265625 0.08203125 0.021484375 0.021484375 
0 0.6435546875 0.3916015625 0.021484375 0.021484375 
1 0.4267578125 0.1796875 0.0224609375 0.0224609375 
0 0.4150390625 0.6689453125 0.021484375 0.021484375 
1 0.4384765625 0.37890625 0.021484375 0.021484375 
0 0.6484375 0.3173828125 0.021484375 0.021484375 
0 0.3837890625 0.0439453125 0.021484375 0.021484375 
0 0.484375 0.8876953125 0.025390625 0.025390625 
1 0.6650390625 0.2939453125 0.0224609375 0.0224609375 
0 0.3662109375 0.2822265625 0.021484375 0.021484375 
0 0.4404296875 0.1572265625 0.0224609375 0.0224609375 
