0 0.349609375 0.1884765625 0.0234375 0.0234375 
1 0.5283203125 0.6455078125 0.021484375 0.021484375 
0 0.333984375 0.203125 0.021484375 0.021484375 
0 0.5146484375 0.4814453125 0.0224609375 0.0224609375 
0 0.6162109375 0.09375 0.021484375 0.021484375 
0 0.4248046875 0.46875 0.0234375 0.0234375 
0 0.4580078125 0.6435546875 0.021484375 0.021484375 
0 0.5166015625 0.779296875 0.0224609375 0.0224609375 
0 0.4619140625 0.794921875 0.021484375 0.021484375 
0 0.537109375 0.4638671875 0.0234375 0.0234375 
0 0.3173828125 0.1103515625 0.0234375 0.0234375 
1 0.486328125 0.0859375 0.021484375 0.021484375 
1 0.44140625 0.251953125 0.021484375 0.021484375 
1 0.4287109375 0.73828125 0.0224609375 0.0224609375 
0 0.5556640625 0.73828125 0.021484375 0.021484375 
1 0.6298828125 0.2265625 0.021484375 0.021484375 
0 0.4541015625 0.619140625 0.0224609375 0.0224609375 
0 0.546875 0.720703125 0.0224609375 0.0224609375 
0 0.435546875 0.3837890625 0.0234375 0.0234375 
0 0.3818359375 0.380859375 0.021484375 0.021484375 
0 0.3984375 0.51171875 0.0234375 0.0234375 
0 0.376953125 0.18359375 0.021484375 0.021484375 
0 0.6123046875 0.1123046875 0.0234375 0.0234375 
1 0.5400390625 0.7490234375 0.021484375 0.021484375 
0 0.6533203125 0.26171875 0.0234375 0.0234375 
0 0.626953125 0.4169921875 0.021484375 0.021484375 
0 0.4931640625 0.2626953125 0.021484375 0.021484375 
0 0.5224609375 0.3955078125 0.021484375 0.021484375 
0 0.6650390625 0.0400390625 0.0224609375 0.0224609375 
0 0.4765625 0.31640625 0.021484375 0.021484375 
0 0.55859375 0.18359375 0.021484375 0.021484375 
1 0.5126953125 0.8681640625 0.0234375 0.0234375 
1 0.4296875 0.494140625 0.0224609375 0.0224609375 
0 0.4951171875 0.568359375 0.021484375 0.021484375 
0 0.63671875 0.1162109375 0.021484375 0.021484375 
0 0.5517578125 0.09765625 0.021484375 0.021484375 
0 0.6044921875 0.2919921875 0.0224609375 0.0224609375 
0 0.4990234375 0.2822265625 0.021484375 0.021484375 
0 0.4794921875 0.1181640625 0.021484375 0.021484375 
1 0.654296875 0.328125 0.021484375 0.021484375 
0 0.404296875 0.546875 0.021484375 0.021484375 
0 0.5859375 0.5986328125 0.021484375 0.021484375 
0 0.44140625 0.7724609375 0.021484375 0.021484375 
0 0.5615234375 0.7099609375 0.0224609375 0.0224609375 
1 0.5517578125 0.0361328125 0.021484375 0.021484375 
0 0.5712890625 0.658203125 0.021484375 0.021484375 
1 0.6162109375 0.33984375 0.021484375 0.021484375 
0 0.6611328125 0.13671875 0.021484375 0.021484375 
1 0.4755859375 0.89453125 0.021484375 0.021484375 
0 0.4248046875 0.68359375 0.0234375 0.0234375 
0 0.5859375 0.6455078125 0.0234375 0.0234375 
0 0.431640625 0.525390625 0.021484375 0.021484375 
0 0.5390625 0.630859375 0.021484375 0.021484375 
0 0.4599609375 0.3388671875 0.0234375 0.0234375 
0 0.3955078125 0.2783203125 0.021484375 0.021484375 
0 0.6298828125 0.2490234375 0.0234375 0.0234375 
0 0.4462890625 0.16015625 0.0234375 0.0234375 
0 0.59765625 0.3720703125 0.0234375 0.0234375 
0 0.69140625 0.1259765625 0.0234375 0.0234375 
0 0.46875 0.6748046875 0.021484375 0.021484375 
1 0.5986328125 0.2177734375 0.0224609375 0.0224609375 
0 0.478515625 0.7412109375 0.0224609375 0.0224609375 
0 0.359375 0.3388671875 0.0224609375 0.0224609375 
0 0.5185546875 0.10546875 0.0234375 0.0234375 
0 0.7001953125 0.0576171875 0.021484375 0.021484375 
0 0.3603515625 0.2919921875 0.0224609375 0.0224609375 
0 0.48046875 0.21484375 0.0224609375 0.0224609375 
0 0.337890625 0.25 0.0224609375 0.0224609375 
0 0.4794921875 0.1806640625 0.0224609375 0.0224609375 
1 0.4697265625 0.1474609375 0.021484375 0.021484375 
0 0.47265625 0.5703125 0.021484375 0.021484375 
0 0.3466796875 0.2626953125 0.021484375 0.021484375 
0 0.40234375 0.6025390625 0.0224609375 0.0224609375 
0 0.6806640625 0.10546875 0.0234375 0.0234375 
0 0.40234375 0.2451171875 0.0234375 0.0234375 
1 0.466796875 0.396484375 0.0224609375 0.0224609375 
0 0.4921875 0.6640625 0.021484375 0.021484375 
1 0.4462890625 0.580078125 0.021484375 0.021484375 
1 0.388671875 0.1142578125 0.021484375 0.021484375 
0 0.451171875 0.314453125 0.0234375 0.0234375 
0 0.4697265625 0.166015625 0.0234375 0.0234375 
0 0.4677734375 0.28515625 0.021484375 0.021484375 
0 0.3896484375 0.0908203125 0.021484375 0.021484375 
0 0.53125 0.4462890625 0.021484375 0.021484375 
0 0.4501953125 0.5029296875 0.021484375 0.021484375 
0 0.669921875 0.16015625 0.021484375 0.021484375 
1 0.5224609375 0.728515625 0.021484375 0.021484375 
0 0.3115234375 0.052734375 0.0234375 0.0234375 
0 0.44140625 0.7216796875 0.0234375 0.0234375 
1 0.6005859375 0.3232421875 0.021484375 0.021484375 
0 0.46875 0.8193359375 0.0224609375 0.0224609375 
0 0.4892578125 0.0302734375 0.021484375 0.021484375 
1 0.5517578125 0.7646484375 0.0234375 0.0234375 
0 0.4541015625 0.4267578125 0.021484375 0.021484375 
