0 0.5751953125 0.6083984375 0.021484375 0.021484375 
0 0.513671875 0.3798828125 0.0234375 0.0234375 
1 0.439453125 0.517578125 0.021484375 0.021484375 
0 0.4580078125 0.40234375 0.021484375 0.021484375 
0 0.3798828125 0.248046875 0.021484375 0.021484375 
1 0.451171875 0.2880859375 0.021484375 0.021484375 
0 0.662109375 0.3095703125 0.021484375 0.021484375 
0 0.5322265625 0.7548828125 0.01953125 0.01953125 
0 0.5654296875 0.306640625 0.021484375 0.021484375 
0 0.3291015625 0.22265625 0.0224609375 0.0224609375 
0 0.4208984375 0.2333984375 0.0234375 0.0234375 
0 0.3544921875 0.2392578125 0.021484375 0.021484375 
0 0.4765625 0.0673828125 0.021484375 0.021484375 
0 0.4951171875 0.8642578125 0.0234375 0.0234375 
0 0.4375 0.5390625 0.021484375 0.021484375 
1 0.353515625 0.1533203125 0.021484375 0.021484375 
0 0.4345703125 0.3125 0.021484375 0.021484375 
0 0.345703125 0.1328125 0.0224609375 0.0224609375 
1 0.642578125 0.3486328125 0.021484375 0.021484375 
0 0.38671875 0.5166015625 0.0234375 0.0234375 
0 0.423828125 0.3642578125 0.021484375 0.021484375 
1 0.4892578125 0.5751953125 0.0224609375 0.0224609375 
0 0.4423828125 0.4248046875 0.021484375 0.021484375 
0 0.3662109375 0.47265625 0.0224609375 0.0224609375 
1 0.5283203125 0.5458984375 0.021484375 0.021484375 
1 0.634765625 0.1064453125 0.021484375 0.021484375 
1 0.548828125 0.5205078125 0.0224609375 0.0224609375 
1 0.650390625 0.046875 0.021484375 0.021484375 
1 0.5068359375 0.5048828125 0.021484375 0.021484375 
0 0.5537109375 0.21484375 0.0234375 0.0234375 
0 0.5859375 0.591796875 0.021484375 0.021484375 
1 0.47265625 0.23828125 0.0224609375 0.0224609375 
0 0.6083984375 0.54296875 0.021484375 0.021484375 
0 0.3486328125 0.0888671875 0.021484375 0.021484375 
1 0.4208984375 0.5 0.021484375 0.021484375 
0 0.52734375 0.5888671875 0.0234375 0.0234375 
0 0.486328125 0.5263671875 0.0234375 0.0234375 
1 0.48046875 0.3701171875 0.021484375 0.021484375 
0 0.48046875 0.6455078125 0.021484375 0.021484375 
0 0.357421875 0.349609375 0.0234375 0.0234375 
0 0.4482421875 0.2099609375 0.0234375 0.0234375 
0 0.5537109375 0.74609375 0.021484375 0.021484375 
1 0.314453125 0.0380859375 0.0224609375 0.0224609375 
0 0.54296875 0.580078125 0.021484375 0.021484375 
0 0.421875 0.4072265625 0.0234375 0.0234375 
1 0.509765625 0.5595703125 0.0224609375 0.0224609375 
0 0.5244140625 0.8720703125 0.0224609375 0.0224609375 
1 0.41015625 0.1337890625 0.021484375 0.021484375 
0 0.521484375 0.044921875 0.021484375 0.021484375 
0 0.431640625 0.5693359375 0.0234375 0.0234375 
0 0.68359375 0.041015625 0.021484375 0.021484375 
0 0.541015625 0.0390625 0.021484375 0.021484375 
1 0.462890625 0.6171875 0.021484375 0.021484375 
0 0.4482421875 0.1474609375 0.0234375 0.0234375 
0 0.5478515625 0.6865234375 0.0234375 0.0234375 
0 0.4189453125 0.533203125 0.021484375 0.021484375 
0 0.3369140625 0.1015625 0.021484375 0.021484375 
0 0.6142578125 0.1875 0.021484375 0.021484375 
0 0.6171875 0.4990234375 0.021484375 0.021484375 
0 0.4775390625 0.66015625 0.0224609375 0.0224609375 
0 0.5888671875 0.072265625 0.021484375 0.021484375 
0 0.61328125 0.4228515625 0.0224609375 0.0224609375 
0 0.4296875 0.2724609375 0.0234375 0.0234375 
0 0.591796875 0.49609375 0.0234375 0.0234375 
1 0.50390625 0.3974609375 0.0224609375 0.0224609375 
1 0.388671875 0.3291015625 0.021484375 0.021484375 
0 0.6025390625 0.1494140625 0.021484375 0.021484375 
0 0.384765625 0.208984375 0.0224609375 0.0224609375 
0 0.5576171875 0.2578125 0.021484375 0.021484375 
0 0.5654296875 0.0478515625 0.0234375 0.0234375 
1 0.5029296875 0.232421875 0.0224609375 0.0224609375 
0 0.4697265625 0.447265625 0.0234375 0.0234375 
1 0.509765625 0.5751953125 0.0224609375 0.0224609375 
0 0.6611328125 0.146484375 0.021484375 0.021484375 
0 0.3232421875 0.2490234375 0.021484375 0.021484375 
0 0.556640625 0.5498046875 0.021484375 0.021484375 
0 0.515625 0.7392578125 0.021484375 0.021484375 
0 0.576171875 0.3447265625 0.0224609375 0.0224609375 
0 0.4423828125 0.66015625 0.021484375 0.021484375 
0 0.517578125 0.8134765625 0.025390625 0.025390625 
0 0.5341796875 0.693359375 0.021484375 0.021484375 
0 0.3857421875 0.04296875 0.021484375 0.021484375 
0 0.6201171875 0.263671875 0.021484375 0.021484375 
0 0.521484375 0.12109375 0.021484375 0.021484375 
0 0.5947265625 0.3681640625 0.0234375 0.0234375 
0 0.349609375 0.1728515625 0.021484375 0.021484375 
1 0.40234375 0.37109375 0.021484375 0.021484375 
0 0.5498046875 0.78125 0.0224609375 0.0224609375 
1 0.494140625 0.259765625 0.021484375 0.021484375 
1 0.5419921875 0.109375 0.0224609375 0.0224609375 
0 0.3671875 0.435546875 0.021484375 0.021484375 
0 0.4658203125 0.5712890625 0.021484375 0.021484375 
0 0.373046875 0.1845703125 0.021484375 0.021484375 
0 0.43359375 0.1552734375 0.021484375 0.021484375 
0 0.462890625 0.6630859375 0.021484375 0.021484375 
0 0.4609375 0.333984375 0.021484375 0.021484375 
0 0.384765625 0.4755859375 0.0234375 0.0234375 
0 0.3623046875 0.4130859375 0.021484375 0.021484375 
0 0.435546875 0.1240234375 0.0234375 0.0234375 
1 0.28515625 0.1201171875 0.0224609375 0.0224609375 
1 0.3955078125 0.4404296875 0.0224609375 0.0224609375 
1 0.5654296875 0.12890625 0.021484375 0.021484375 
0 0.5869140625 0.5576171875 0.021484375 0.021484375 
