1 0.5078125 0.7919921875 0.0234375 0.0234375 
0 0.35546875 0.3271484375 0.021484375 0.021484375 
0 0.4306640625 0.7412109375 0.0234375 0.0234375 
0 0.66015625 0.2998046875 0.021484375 0.021484375 
0 0.578125 0.6435546875 0.021484375 0.021484375 
1 0.5703125 0.3603515625 0.021484375 0.021484375 
0 0.388671875 0.4091796875 0.0234375 0.0234375 
1 0.4443359375 0.3388671875 0.021484375 0.021484375 
0 0.5283203125 0.44140625 0.0234375 0.0234375 
0 0.48828125 0.2412109375 0.021484375 0.021484375 
0 0.431640625 0.2421875 0.021484375 0.021484375 
0 0.5234375 0.884765625 0.0224609375 0.0224609375 
0 0.4091796875 0.4580078125 0.021484375 0.021484375 
0 0.47265625 0.5947265625 0.0234375 0.0234375 
0 0.580078125 0.6162109375 0.021484375 0.021484375 
0 0.58984375 0.169921875 0.0234375 0.0234375 
1 0.525390625 0.673828125 0.021484375 0.021484375 
0 0.55078125 0.1787109375 0.0234375 0.0234375 
1 0.3583984375 0.033203125 0.021484375 0.021484375 
0 0.451171875 0.40234375 0.0234375 0.0234375 
0 0.45703125 0.7314453125 0.021484375 0.021484375 
0 0.6611328125 0.044921875 0.021484375 0.021484375 
0 0.517578125 0.828125 0.021484375 0.021484375 
0 0.625 0.205078125 0.0224609375 0.0224609375 
0 0.5947265625 0.0751953125 0.0234375 0.0234375 
0 0.63671875 0.0712890625 0.0224609375 0.0224609375 
0 0.6015625 0.0341796875 0.021484375 0.021484375 
0 0.48046875 0.326171875 0.0234375 0.0234375 
0 0.5078125 0.5048828125 0.0234375 0.0234375 
1 0.4765625 0.61328125 0.021484375 0.021484375 
0 0.5556640625 0.1015625 0.0224609375 0.0224609375 
0 0.53515625 0.6455078125 0.0224609375 0.0224609375 
0 0.533203125 0.1845703125 0.0234375 0.0234375 
0 0.44140625 0.158203125 0.021484375 0.021484375 
0 0.5234375 0.787109375 0.025390625 0.025390625 
1 0.701171875 0.05078125 0.021484375 0.021484375 
1 0.5107421875 0.5380859375 0.021484375 0.021484375 
0 0.2890625 0.12109375 0.021484375 0.021484375 
0 0.501953125 0.3115234375 0.0234375 0.0234375 
1 0.5556640625 0.4521484375 0.021484375 0.021484375 
0 0.443359375 0.625 0.0234375 0.0234375 
0 0.63671875 0.1298828125 0.021484375 0.021484375 
0 0.572265625 0.3759765625 0.021484375 0.021484375 
0 0.4775390625 0.1787109375 0.021484375 0.021484375 
0 0.5078125 0.6171875 0.021484375 0.021484375 
0 0.314453125 0.19140625 0.021484375 0.021484375 
0 0.5107421875 0.6611328125 0.0234375 0.0234375 
0 0.375 0.3291015625 0.0234375 0.0234375 
0 0.5390625 0.796875 0.0224609375 0.0224609375 
1 0.5283203125 0.1611328125 0.021484375 0.021484375 
0 0.50390625 0.7421875 0.0234375 0.0234375 
0 0.615234375 0.4111328125 0.021484375 0.021484375 
0 0.5283203125 0.5888671875 0.021484375 0.021484375 
0 0.619140625 0.2470703125 0.0224609375 0.0224609375 
0 0.439453125 0.046875 0.0234375 0.0234375 
0 0.4794921875 0.1123046875 0.021484375 0.021484375 
0 0.505859375 0.42578125 0.0224609375 0.0224609375 
0 0.435546875 0.2041015625 0.021484375 0.021484375 
0 0.5107421875 0.3818359375 0.0234375 0.0234375 
1 0.537109375 0.09375 0.021484375 0.021484375 
1 0.47265625 0.3466796875 0.021484375 0.021484375 
1 0.6044921875 0.19921875 0.0224609375 0.0224609375 
0 0.4033203125 0.5654296875 0.0234375 0.0234375 
1 0.517578125 0.0908203125 0.021484375 0.021484375 
0 0.4873046875 0.1640625 0.021484375 0.021484375 
0 0.4169921875 0.2470703125 0.021484375 0.021484375 
0 0.486328125 0.6787109375 0.0234375 0.0234375 
0 0.4453125 0.7099609375 0.0234375 0.0234375 
1 0.41796875 0.3427734375 0.0224609375 0.0224609375 
0 0.6953125 0.068359375 0.021484375 0.021484375 
0 0.451171875 0.1044921875 0.021484375 0.021484375 
1 0.4482421875 0.2939453125 0.021484375 0.021484375 
0 0.6357421875 0.0966796875 0.021484375 0.021484375 
0 0.560546875 0.142578125 0.0234375 0.0234375 
0 0.4365234375 0.4091796875 0.0234375 0.0234375 
1 0.3955078125 0.20703125 0.021484375 0.021484375 
0 0.6240234375 0.2265625 0.0234375 0.0234375 
0 0.3876953125 0.3388671875 0.021484375 0.021484375 
0 0.4287109375 0.3193359375 0.021484375 0.021484375 
0 0.58984375 0.2421875 0.0234375 0.0234375 
0 0.4580078125 0.7578125 0.01953125 0.01953125 
1 0.580078125 0.6767578125 0.021484375 0.021484375 
0 0.443359375 0.068359375 0.0234375 0.0234375 
1 0.4306640625 0.099609375 0.021484375 0.021484375 
0 0.5283203125 0.7412109375 0.0234375 0.0234375 
0 0.361328125 0.0888671875 0.0224609375 0.0224609375 
1 0.5869140625 0.5068359375 0.021484375 0.021484375 
0 0.3583984375 0.279296875 0.021484375 0.021484375 
1 0.451171875 0.564453125 0.0224609375 0.0224609375 
0 0.541015625 0.119140625 0.0234375 0.0234375 
0 0.533203125 0.2373046875 0.0234375 0.0234375 
0 0.5146484375 0.1708984375 0.021484375 0.021484375 
0 0.4892578125 0.4541015625 0.0224609375 0.0224609375 
0 0.412109375 0.0341796875 0.021484375 0.021484375 
0 0.482421875 0.134765625 0.021484375 0.021484375 
0 0.5654296875 0.48046875 0.0234375 0.0234375 
0 0.4345703125 0.376953125 0.0234375 0.0234375 
0 0.62109375 0.0859375 0.021484375 0.021484375 
1 0.59765625 0.126953125 0.0224609375 0.0224609375 
0 0.4111328125 0.392578125 0.0234375 0.0234375 
0 0.546875 0.716796875 0.021484375 0.021484375 
0 0.4716796875 0.421875 0.0224609375 0.0224609375 
0 0.4921875 0.796875 0.0224609375 0.0224609375 
1 0.4697265625 0.2001953125 0.0224609375 0.0224609375 
1 0.5830078125 0.259765625 0.0224609375 0.0224609375 
0 0.3251953125 0.2080078125 0.021484375 0.021484375 
0 0.5048828125 0.0771484375 0.021484375 0.021484375 
0 0.5625 0.7734375 0.021484375 0.021484375 
0 0.52734375 0.076171875 0.0234375 0.0234375 
0 0.4267578125 0.4921875 0.021484375 0.021484375 
0 0.4541015625 0.318359375 0.0234375 0.0234375 
0 0.6533203125 0.1015625 0.0224609375 0.0224609375 
1 0.3916015625 0.3701171875 0.021484375 0.021484375 
1 0.6455078125 0.2109375 0.021484375 0.021484375 
0 0.458984375 0.86328125 0.021484375 0.021484375 
0 0.6162109375 0.26953125 0.021484375 0.021484375 
0 0.2861328125 0.0673828125 0.021484375 0.021484375 
1 0.35546875 0.2392578125 0.0224609375 0.0224609375 
0 0.533203125 0.837890625 0.0224609375 0.0224609375 
0 0.5810546875 0.330078125 0.021484375 0.021484375 
0 0.4775390625 0.8818359375 0.021484375 0.021484375 
0 0.5595703125 0.2255859375 0.021484375 0.021484375 
0 0.5869140625 0.583984375 0.021484375 0.021484375 
0 0.572265625 0.5712890625 0.021484375 0.021484375 
0 0.5458984375 0.4736328125 0.0224609375 0.0224609375 
1 0.486328125 0.2998046875 0.021484375 0.021484375 
1 0.4658203125 0.474609375 0.0224609375 0.0224609375 
0 0.54296875 0.5703125 0.021484375 0.021484375 
1 0.443359375 0.474609375 0.021484375 0.021484375 
0 0.6591796875 0.1650390625 0.0234375 0.0234375 
0 0.2705078125 0.03515625 0.021484375 0.021484375 
1 0.41796875 0.423828125 0.021484375 0.021484375 
0 0.5888671875 0.099609375 0.021484375 0.021484375 
0 0.6005859375 0.57421875 0.021484375 0.021484375 
1 0.3955078125 0.099609375 0.0224609375 0.0224609375 
0 0.373046875 0.0791015625 0.0234375 0.0234375 
0 0.3369140625 0.21875 0.0234375 0.0234375 
0 0.62890625 0.3203125 0.0224609375 0.0224609375 
0 0.4892578125 0.7177734375 0.0234375 0.0234375 
0 0.392578125 0.068359375 0.0224609375 0.0224609375 
0 0.427734375 0.5576171875 0.0234375 0.0234375 
0 0.5029296875 0.3642578125 0.021484375 0.021484375 
1 0.5146484375 0.2294921875 0.021484375 0.021484375 
1 0.4169921875 0.50390625 0.021484375 0.021484375 
0 0.462890625 0.1181640625 0.021484375 0.021484375 
0 0.5283203125 0.359375 0.021484375 0.021484375 
1 0.58984375 0.2080078125 0.021484375 0.021484375 
0 0.6748046875 0.1181640625 0.0234375 0.0234375 
1 0.4306640625 0.6396484375 0.021484375 0.021484375 
1 0.5146484375 0.7529296875 0.0234375 0.0234375 
1 0.388671875 0.47265625 0.021484375 0.021484375 
0 0.6875 0.03515625 0.021484375 0.021484375 
0 0.4453125 0.494140625 0.021484375 0.021484375 
1 0.3779296875 0.275390625 0.021484375 0.021484375 
1 0.57421875 0.0849609375 0.0224609375 0.0224609375 
0 0.591796875 0.490234375 0.021484375 0.021484375 
0 0.3984375 0.044921875 0.0224609375 0.0224609375 
0 0.359375 0.37109375 0.021484375 0.021484375 
0 0.6083984375 0.51953125 0.021484375 0.021484375 
0 0.4677734375 0.08203125 0.0234375 0.0234375 
0 0.5185546875 0.80859375 0.01953125 0.01953125 
0 0.34375 0.1103515625 0.021484375 0.021484375 
0 0.41015625 0.1435546875 0.021484375 0.021484375 
0 0.388671875 0.1533203125 0.021484375 0.021484375 
0 0.5986328125 0.1513671875 0.0224609375 0.0224609375 
1 0.421875 0.6103515625 0.021484375 0.021484375 
0 0.609375 0.46484375 0.021484375 0.021484375 
0 0.58984375 0.44140625 0.021484375 0.021484375 
0 0.412109375 0.5400390625 0.021484375 0.021484375 
