0 0.5732421875 0.4306640625 0.021484375 0.021484375 
0 0.6494140625 0.1015625 0.021484375 0.021484375 
0 0.30078125 0.134765625 0.0234375 0.0234375 
0 0.4306640625 0.16796875 0.0234375 0.0234375 
0 0.5908203125 0.421875 0.0234375 0.0234375 
1 0.3447265625 0.0712890625 0.0224609375 0.0224609375 
0 0.51953125 0.341796875 0.021484375 0.021484375 
0 0.4833984375 0.6943359375 0.0224609375 0.0224609375 
1 0.548828125 0.2978515625 0.021484375 0.021484375 
1 0.3447265625 0.3798828125 0.021484375 0.021484375 
0 0.4951171875 0.775390625 0.021484375 0.021484375 
0 0.482421875 0.1318359375 0.021484375 0.021484375 
1 0.466796875 0.38671875 0.0224609375 0.0224609375 
0 0.458984375 0.150390625 0.021484375 0.021484375 
0 0.484375 0.1142578125 0.021484375 0.021484375 
0 0.3984375 0.421875 0.021484375 0.021484375 
0 0.5986328125 0.4658203125 0.021484375 0.021484375 
1 0.4912109375 0.560546875 0.021484375 0.021484375 
1 0.451171875 0.181640625 0.021484375 0.021484375 
1 0.4404296875 0.4189453125 0.021484375 0.021484375 
0 0.6640625 0.189453125 0.0234375 0.0234375 
0 0.5986328125 0.5068359375 0.0234375 0.0234375 
0 0.4423828125 0.6142578125 0.0234375 0.0234375 
0 0.388671875 0.3134765625 0.0234375 0.0234375 
0 0.421875 0.587890625 0.021484375 0.021484375 
0 0.4267578125 0.34375 0.021484375 0.021484375 
0 0.4775390625 0.49609375 0.0234375 0.0234375 
1 0.44921875 0.056640625 0.0224609375 0.0224609375 
0 0.4609375 0.646484375 0.021484375 0.021484375 
0 0.4326171875 0.359375 0.0224609375 0.0224609375 
0 0.4228515625 0.2763671875 0.021484375 0.021484375 
0 0.5966796875 0.2470703125 0.0234375 0.0234375 
0 0.6845703125 0.08984375 0.021484375 0.021484375 
0 0.375 0.439453125 0.0224609375 0.0224609375 
0 0.5595703125 0.6318359375 0.021484375 0.021484375 
0 0.533203125 0.89453125 0.021484375 0.021484375 
0 0.4580078125 0.353515625 0.021484375 0.021484375 
0 0.4853515625 0.580078125 0.021484375 0.021484375 
0 0.4091796875 0.1494140625 0.021484375 0.021484375 
0 0.4599609375 0.765625 0.0224609375 0.0224609375 
0 0.634765625 0.3310546875 0.0224609375 0.0224609375 
0 0.470703125 0.7509765625 0.0234375 0.0234375 
1 0.5234375 0.755859375 0.0234375 0.0234375 
0 0.5361328125 0.0400390625 0.021484375 0.021484375 
0 0.345703125 0.0478515625 0.0224609375 0.0224609375 
0 0.4677734375 0.5390625 0.021484375 0.021484375 
0 0.4755859375 0.7119140625 0.0234375 0.0234375 
0 0.4873046875 0.2890625 0.021484375 0.021484375 
0 0.5244140625 0.451171875 0.021484375 0.021484375 
0 0.62109375 0.2607421875 0.021484375 0.021484375 
0 0.5029296875 0.1474609375 0.021484375 0.021484375 
1 0.5498046875 0.7919921875 0.0234375 0.0234375 
0 0.4970703125 0.064453125 0.021484375 0.021484375 
1 0.400390625 0.0361328125 0.0224609375 0.0224609375 
0 0.384765625 0.36328125 0.021484375 0.021484375 
0 0.55078125 0.115234375 0.021484375 0.021484375 
0 0.376953125 0.0341796875 0.021484375 0.021484375 
0 0.640625 0.283203125 0.0234375 0.0234375 
0 0.53515625 0.1474609375 0.021484375 0.021484375 
0 0.466796875 0.6123046875 0.021484375 0.021484375 
0 0.384765625 0.548828125 0.021484375 0.021484375 
0 0.400390625 0.181640625 0.021484375 0.021484375 
0 0.4921875 0.7578125 0.025390625 0.025390625 
0 0.4833984375 0.6162109375 0.0234375 0.0234375 
0 0.4970703125 0.3330078125 0.021484375 0.021484375 
0 0.5234375 0.3232421875 0.021484375 0.021484375 
0 0.294921875 0.103515625 0.0234375 0.0234375 
0 0.666015625 0.0703125 0.0234375 0.0234375 
0 0.669921875 0.1396484375 0.021484375 0.021484375 
0 0.5537109375 0.5263671875 0.021484375 0.021484375 
0 0.5966796875 0.1640625 0.021484375 0.021484375 
0 0.5517578125 0.470703125 0.021484375 0.021484375 
0 0.5322265625 0.8466796875 0.0224609375 0.0224609375 
0 0.4970703125 0.224609375 0.021484375 0.021484375 
0 0.4267578125 0.0732421875 0.0234375 0.0234375 
0 0.5791015625 0.5263671875 0.021484375 0.021484375 
0 0.6396484375 0.158203125 0.021484375 0.021484375 
0 0.662109375 0.16796875 0.021484375 0.021484375 
1 0.525390625 0.380859375 0.021484375 0.021484375 
1 0.58203125 0.6826171875 0.021484375 0.021484375 
0 0.62109375 0.1201171875 0.0224609375 0.0224609375 
0 0.5302734375 0.8642578125 0.0234375 0.0234375 
0 0.4365234375 0.6396484375 0.021484375 0.021484375 
1 0.365234375 0.2666015625 0.0224609375 0.0224609375 
0 0.5888671875 0.6083984375 0.0234375 0.0234375 
0 0.6064453125 0.44140625 0.021484375 0.021484375 
0 0.443359375 0.33203125 0.021484375 0.021484375 
1 0.365234375 0.1142578125 0.0224609375 0.0224609375 
0 0.5283203125 0.21875 0.0234375 0.0234375 
0 0.435546875 0.208984375 0.0224609375 0.0224609375 
0 0.318359375 0.24609375 0.0234375 0.0234375 
0 0.4453125 0.7802734375 0.021484375 0.021484375 
0 0.6240234375 0.384765625 0.0234375 0.0234375 
1 0.63671875 0.0751953125 0.021484375 0.021484375 
0 0.3662109375 0.083984375 0.021484375 0.021484375 
0 0.416015625 0.62890625 0.021484375 0.021484375 
0 0.365234375 0.23828125 0.0234375 0.0234375 
0 0.3251953125 0.1787109375 0.0234375 0.0234375 
0 0.3876953125 0.193359375 0.0224609375 0.0224609375 
0 0.62890625 0.197265625 0.0224609375 0.0224609375 
0 0.6015625 0.0908203125 0.0234375 0.0234375 
0 0.443359375 0.2470703125 0.021484375 0.021484375 
0 0.328125 0.2119140625 0.021484375 0.021484375 
0 0.3916015625 0.0888671875 0.021484375 0.021484375 
0 0.533203125 0.6953125 0.0234375 0.0234375 
