0 0.6181640625 0.2041015625 0.021484375 0.021484375 
0 0.5283203125 0.1669921875 0.021484375 0.021484375 
0 0.466796875 0.091796875 0.021484375 0.021484375 
1 0.5107421875 0.6630859375 0.0224609375 0.0224609375 
0 0.484375 0.7841796875 0.0224609375 0.0224609375 
1 0.5869140625 0.4306640625 0.021484375 0.021484375 
0 0.4716796875 0.45703125 0.021484375 0.021484375 
1 0.41015625 0.3984375 0.0224609375 0.0224609375 
1 0.4169921875 0.205078125 0.0224609375 0.0224609375 
0 0.5 0.6787109375 0.0224609375 0.0224609375 
0 0.47265625 0.34375 0.021484375 0.021484375 
1 0.5 0.728515625 0.021484375 0.021484375 
0 0.5849609375 0.1044921875 0.021484375 0.021484375 
1 0.4482421875 0.40234375 0.021484375 0.021484375 
0 0.33203125 0.189453125 0.0224609375 0.0224609375 
0 0.5048828125 0.7119140625 0.021484375 0.021484375 
0 0.318359375 0.2470703125 0.0234375 0.0234375 
0 0.572265625 0.236328125 0.021484375 0.021484375 
1 0.462890625 0.6826171875 0.021484375 0.021484375 
0 0.517578125 0.732421875 0.021484375 0.021484375 
1 0.4384765625 0.158203125 0.0224609375 0.0224609375 
0 0.62109375 0.1328125 0.0224609375 0.0224609375 
0 0.505859375 0.7998046875 0.021484375 0.021484375 
0 0.5458984375 0.7021484375 0.0234375 0.0234375 
0 0.4921875 0.1396484375 0.021484375 0.021484375 
0 0.6630859375 0.0830078125 0.021484375 0.021484375 
0 0.5869140625 0.08203125 0.021484375 0.021484375 
1 0.53125 0.7666015625 0.0234375 0.0234375 
0 0.556640625 0.2216796875 0.021484375 0.021484375 
0 0.5244140625 0.580078125 0.021484375 0.021484375 
0 0.560546875 0.205078125 0.021484375 0.021484375 
1 0.6240234375 0.0576171875 0.021484375 0.021484375 
0 0.6796875 0.078125 0.0234375 0.0234375 
0 0.4228515625 0.5244140625 0.0234375 0.0234375 
0 0.6015625 0.130859375 0.021484375 0.021484375 
1 0.5810546875 0.134765625 0.021484375 0.021484375 
0 0.4384765625 0.0751953125 0.021484375 0.021484375 
0 0.4228515625 0.4814453125 0.0234375 0.0234375 
0 0.466796875 0.505859375 0.021484375 0.021484375 
1 0.3759765625 0.4404296875 0.0224609375 0.0224609375 
0 0.4306640625 0.3984375 0.0234375 0.0234375 
0 0.4638671875 0.548828125 0.0234375 0.0234375 
0 0.5576171875 0.685546875 0.021484375 0.021484375 
0 0.42578125 0.0517578125 0.0224609375 0.0224609375 
0 0.5048828125 0.646484375 0.021484375 0.021484375 
0 0.5283203125 0.662109375 0.021484375 0.021484375 
1 0.5048828125 0.54296875 0.0224609375 0.0224609375 
0 0.4521484375 0.4599609375 0.021484375 0.021484375 
0 0.5126953125 0.3388671875 0.0234375 0.0234375 
0 0.521484375 0.546875 0.0224609375 0.0224609375 
0 0.5029296875 0.576171875 0.021484375 0.021484375 
0 0.5068359375 0.2529296875 0.021484375 0.021484375 
0 0.4853515625 0.59765625 0.021484375 0.021484375 
0 0.431640625 0.2568359375 0.021484375 0.021484375 
0 0.6630859375 0.1826171875 0.0234375 0.0234375 
0 0.5244140625 0.4228515625 0.021484375 0.021484375 
1 0.5908203125 0.515625 0.0224609375 0.0224609375 
0 0.5634765625 0.1005859375 0.021484375 0.021484375 
0 0.6318359375 0.4521484375 0.0234375 0.0234375 
1 0.5703125 0.388671875 0.021484375 0.021484375 
0 0.4228515625 0.56640625 0.0234375 0.0234375 
0 0.40234375 0.28515625 0.0234375 0.0234375 
0 0.5029296875 0.181640625 0.021484375 0.021484375 
0 0.5341796875 0.28125 0.0234375 0.0234375 
0 0.341796875 0.1064453125 0.021484375 0.021484375 
0 0.515625 0.62890625 0.021484375 0.021484375 
0 0.3935546875 0.4970703125 0.0234375 0.0234375 
0 0.56640625 0.33203125 0.021484375 0.021484375 
1 0.63671875 0.2734375 0.021484375 0.021484375 
0 0.5166015625 0.3701171875 0.0234375 0.0234375 
0 0.615234375 0.0859375 0.0234375 0.0234375 
0 0.2958984375 0.1572265625 0.0234375 0.0234375 
0 0.5576171875 0.515625 0.0234375 0.0234375 
0 0.283203125 0.076171875 0.021484375 0.021484375 
0 0.4833984375 0.255859375 0.021484375 0.021484375 
0 0.6806640625 0.1357421875 0.021484375 0.021484375 
1 0.4404296875 0.7412109375 0.0224609375 0.0224609375 
0 0.607421875 0.3291015625 0.0234375 0.0234375 
1 0.3017578125 0.0947265625 0.021484375 0.021484375 
1 0.552734375 0.1591796875 0.021484375 0.021484375 
0 0.478515625 0.0419921875 0.0234375 0.0234375 
0 0.4931640625 0.2685546875 0.021484375 0.021484375 
0 0.4658203125 0.607421875 0.021484375 0.021484375 
0 0.388671875 0.5244140625 0.0224609375 0.0224609375 
1 0.4697265625 0.8671875 0.0234375 0.0234375 
0 0.46484375 0.890625 0.021484375 0.021484375 
0 0.3857421875 0.2529296875 0.021484375 0.021484375 
0 0.6220703125 0.427734375 0.021484375 0.021484375 
0 0.5146484375 0.1259765625 0.0234375 0.0234375 
0 0.4208984375 0.3466796875 0.0234375 0.0234375 
