0 0.494140625 0.19921875 0.021484375 0.021484375 
0 0.521484375 0.130859375 0.021484375 0.021484375 
0 0.568359375 0.1201171875 0.021484375 0.021484375 
0 0.5595703125 0.0869140625 0.021484375 0.021484375 
0 0.630859375 0.0595703125 0.021484375 0.021484375 
0 0.3486328125 0.3623046875 0.0234375 0.0234375 
0 0.4091796875 0.4609375 0.021484375 0.021484375 
1 0.5849609375 0.318359375 0.0224609375 0.0224609375 
0 0.494140625 0.2578125 0.021484375 0.021484375 
0 0.4150390625 0.5859375 0.021484375 0.021484375 
1 0.66015625 0.1953125 0.021484375 0.021484375 
0 0.4951171875 0.7080078125 0.021484375 0.021484375 
0 0.4248046875 0.6982421875 0.0234375 0.0234375 
0 0.388671875 0.2216796875 0.021484375 0.021484375 
0 0.521484375 0.390625 0.0234375 0.0234375 
1 0.5810546875 0.61328125 0.0224609375 0.0224609375 
0 0.546875 0.177734375 0.021484375 0.021484375 
1 0.5419921875 0.0615234375 0.021484375 0.021484375 
0 0.44140625 0.5556640625 0.0234375 0.0234375 
0 0.4072265625 0.1962890625 0.021484375 0.021484375 
0 0.365234375 0.3212890625 0.021484375 0.021484375 
1 0.583984375 0.53515625 0.021484375 0.021484375 
0 0.484375 0.77734375 0.0234375 0.0234375 
0 0.5146484375 0.3359375 0.0234375 0.0234375 
0 0.4404296875 0.2685546875 0.021484375 0.021484375 
0 0.318359375 0.2646484375 0.0234375 0.0234375 
0 0.53515625 0.4111328125 0.0224609375 0.0224609375 
0 0.4267578125 0.4931640625 0.0234375 0.0234375 
0 0.478515625 0.4931640625 0.0234375 0.0234375 
0 0.494140625 0.6845703125 0.021484375 0.021484375 
0 0.4462890625 0.423828125 0.0234375 0.0234375 
0 0.546875 0.376953125 0.0234375 0.0234375 
0 0.447265625 0.59375 0.021484375 0.021484375 
0 0.34375 0.3095703125 0.0234375 0.0234375 
0 0.5361328125 0.3896484375 0.0224609375 0.0224609375 
0 0.50390625 0.7734375 0.0224609375 0.0224609375 
1 0.466796875 0.30859375 0.0224609375 0.0224609375 
0 0.3232421875 0.1240234375 0.0234375 0.0234375 
0 0.6259765625 0.1015625 0.021484375 0.021484375 
0 0.296875 0.068359375 0.0234375 0.0234375 
1 0.4052734375 0.533203125 0.021484375 0.021484375 
0 0.376953125 0.4931640625 0.0224609375 0.0224609375 
0 0.4375 0.1298828125 0.021484375 0.021484375 
0 0.5625 0.2578125 0.021484375 0.021484375 
1 0.486328125 0.076171875 0.0224609375 0.0224609375 
0 0.4091796875 0.375 0.021484375 0.021484375 
0 0.4560546875 0.1875 0.021484375 0.021484375 
0 0.4736328125 0.3818359375 0.0234375 0.0234375 
0 0.369140625 0.3046875 0.021484375 0.021484375 
0 0.3349609375 0.2451171875 0.021484375 0.021484375 
0 0.455078125 0.076171875 0.021484375 0.021484375 
0 0.5234375 0.61328125 0.021484375 0.021484375 
1 0.3603515625 0.064453125 0.021484375 0.021484375 
0 0.53515625 0.4677734375 0.0234375 0.0234375 
0 0.462890625 0.1201171875 0.021484375 0.021484375 
0 0.5927734375 0.3916015625 0.021484375 0.021484375 
0 0.4775390625 0.5625 0.021484375 0.021484375 
0 0.3955078125 0.478515625 0.0234375 0.0234375 
1 0.4716796875 0.2666015625 0.021484375 0.021484375 
0 0.6279296875 0.3515625 0.0224609375 0.0224609375 
0 0.357421875 0.1884765625 0.021484375 0.021484375 
0 0.4013671875 0.4951171875 0.021484375 0.021484375 
1 0.611328125 0.162109375 0.0224609375 0.0224609375 
0 0.6708984375 0.046875 0.021484375 0.021484375 
0 0.544921875 0.2001953125 0.021484375 0.021484375 
0 0.412109375 0.3017578125 0.021484375 0.021484375 
0 0.46875 0.798828125 0.0234375 0.0234375 
0 0.49609375 0.5869140625 0.021484375 0.021484375 
0 0.2763671875 0.05859375 0.0224609375 0.0224609375 
0 0.548828125 0.15625 0.0234375 0.0234375 
0 0.3935546875 0.0888671875 0.021484375 0.021484375 
0 0.3515625 0.263671875 0.021484375 0.021484375 
0 0.3544921875 0.2900390625 0.0234375 0.0234375 
0 0.6123046875 0.2119140625 0.021484375 0.021484375 
0 0.4599609375 0.7197265625 0.0234375 0.0234375 
0 0.3837890625 0.44921875 0.021484375 0.021484375 
0 0.646484375 0.375 0.021484375 0.021484375 
0 0.6474609375 0.2373046875 0.0224609375 0.0224609375 
0 0.3134765625 0.0322265625 0.0224609375 0.0224609375 
0 0.4345703125 0.1005859375 0.021484375 0.021484375 
0 0.5947265625 0.5517578125 0.021484375 0.021484375 
1 0.4462890625 0.37109375 0.021484375 0.021484375 
0 0.509765625 0.2587890625 0.021484375 0.021484375 
0 0.6240234375 0.33203125 0.021484375 0.021484375 
0 0.3857421875 0.2001953125 0.021484375 0.021484375 
0 0.474609375 0.7216796875 0.021484375 0.021484375 
1 0.5087890625 0.83203125 0.0234375 0.0234375 
1 0.4658203125 0.330078125 0.021484375 0.021484375 
0 0.4921875 0.384765625 0.0234375 0.0234375 
0 0.521484375 0.0927734375 0.021484375 0.021484375 
0 0.4228515625 0.46875 0.021484375 0.021484375 
0 0.568359375 0.291015625 0.021484375 0.021484375 
0 0.5546875 0.6669921875 0.021484375 0.021484375 
0 0.5224609375 0.6318359375 0.021484375 0.021484375 
1 0.376953125 0.259765625 0.021484375 0.021484375 
0 0.517578125 0.0458984375 0.021484375 0.021484375 
0 0.3935546875 0.4013671875 0.0224609375 0.0224609375 
0 0.466796875 0.162109375 0.021484375 0.021484375 
0 0.533203125 0.27734375 0.021484375 0.021484375 
0 0.6376953125 0.3935546875 0.021484375 0.021484375 
0 0.419921875 0.56640625 0.021484375 0.021484375 
0 0.6455078125 0.0654296875 0.0234375 0.0234375 
0 0.5703125 0.150390625 0.021484375 0.021484375 
1 0.62109375 0.3935546875 0.021484375 0.021484375 
0 0.5048828125 0.2158203125 0.0234375 0.0234375 
0 0.505859375 0.1630859375 0.021484375 0.021484375 
0 0.5341796875 0.861328125 0.01953125 0.01953125 
1 0.525390625 0.05859375 0.021484375 0.021484375 
1 0.6337890625 0.287109375 0.021484375 0.021484375 
0 0.6416015625 0.2998046875 0.0234375 0.0234375 
1 0.6357421875 0.201171875 0.021484375 0.021484375 
0 0.4365234375 0.453125 0.0234375 0.0234375 
1 0.6611328125 0.296875 0.0224609375 0.0224609375 
0 0.53515625 0.5537109375 0.021484375 0.021484375 
0 0.4130859375 0.095703125 0.021484375 0.021484375 
0 0.5263671875 0.8447265625 0.0224609375 0.0224609375 
1 0.5595703125 0.138671875 0.021484375 0.021484375 
0 0.4892578125 0.525390625 0.021484375 0.021484375 
0 0.5390625 0.87890625 0.0234375 0.0234375 
0 0.6298828125 0.2451171875 0.021484375 0.021484375 
0 0.4775390625 0.892578125 0.0234375 0.0234375 
0 0.6943359375 0.1005859375 0.0234375 0.0234375 
0 0.595703125 0.6103515625 0.021484375 0.021484375 
1 0.5048828125 0.408203125 0.021484375 0.021484375 
1 0.4755859375 0.18359375 0.021484375 0.021484375 
0 0.3828125 0.5068359375 0.021484375 0.021484375 
0 0.4208984375 0.333984375 0.021484375 0.021484375 
1 0.5439453125 0.740234375 0.021484375 0.021484375 
0 0.46484375 0.087890625 0.0234375 0.0234375 
0 0.5107421875 0.1787109375 0.021484375 0.021484375 
0 0.576171875 0.0654296875 0.021484375 0.021484375 
0 0.5712890625 0.49609375 0.0224609375 0.0224609375 
0 0.54296875 0.650390625 0.021484375 0.021484375 
0 0.556640625 0.7724609375 0.0234375 0.0234375 
0 0.4169921875 0.28125 0.021484375 0.021484375 
0 0.3759765625 0.236328125 0.021484375 0.021484375 
0 0.5009765625 0.634765625 0.021484375 0.021484375 
1 0.373046875 0.2109375 0.0224609375 0.0224609375 
0 0.5615234375 0.4736328125 0.0234375 0.0234375 
0 0.50390625 0.8681640625 0.021484375 0.021484375 
1 0.3349609375 0.337890625 0.021484375 0.021484375 
0 0.5986328125 0.5673828125 0.021484375 0.021484375 
0 0.5029296875 0.6640625 0.021484375 0.021484375 
0 0.361328125 0.4296875 0.021484375 0.021484375 
0 0.4443359375 0.6953125 0.021484375 0.021484375 
0 0.42578125 0.642578125 0.021484375 0.021484375 
0 0.619140625 0.443359375 0.021484375 0.021484375 
0 0.494140625 0.79296875 0.021484375 0.021484375 
0 0.5390625 0.8212890625 0.0224609375 0.0224609375 
0 0.4638671875 0.05078125 0.0234375 0.0234375 
1 0.61328125 0.5048828125 0.021484375 0.021484375 
1 0.3759765625 0.3505859375 0.0224609375 0.0224609375 
0 0.68359375 0.0302734375 0.0234375 0.0234375 
0 0.5908203125 0.515625 0.0234375 0.0234375 
1 0.318359375 0.142578125 0.021484375 0.021484375 
0 0.548828125 0.357421875 0.0224609375 0.0224609375 
0 0.462890625 0.5234375 0.021484375 0.021484375 
0 0.423828125 0.0751953125 0.0234375 0.0234375 
0 0.6318359375 0.1376953125 0.021484375 0.021484375 
0 0.5205078125 0.1484375 0.0224609375 0.0224609375 
0 0.4189453125 0.6787109375 0.021484375 0.021484375 
0 0.328125 0.2939453125 0.021484375 0.021484375 
0 0.361328125 0.115234375 0.0234375 0.0234375 
0 0.314453125 0.072265625 0.0234375 0.0234375 
0 0.630859375 0.17578125 0.021484375 0.021484375 
0 0.5576171875 0.046875 0.0224609375 0.0224609375 
0 0.4609375 0.2890625 0.0224609375 0.0224609375 
0 0.6689453125 0.169921875 0.021484375 0.021484375 
1 0.4111328125 0.6015625 0.021484375 0.021484375 
0 0.5810546875 0.4267578125 0.0234375 0.0234375 
0 0.6787109375 0.138671875 0.0234375 0.0234375 
0 0.408203125 0.1552734375 0.021484375 0.021484375 
0 0.3642578125 0.3603515625 0.021484375 0.021484375 
0 0.611328125 0.48046875 0.0234375 0.0234375 
0 0.48046875 0.21484375 0.021484375 0.021484375 
0 0.466796875 0.6240234375 0.021484375 0.021484375 
0 0.4716796875 0.6416015625 0.021484375 0.021484375 
0 0.3388671875 0.21484375 0.0234375 0.0234375 
