0 0.626953125 0.4638671875 0.0224609375 0.0224609375 
0 0.4580078125 0.6123046875 0.0234375 0.0234375 
0 0.3857421875 0.1826171875 0.021484375 0.021484375 
1 0.44921875 0.1845703125 0.021484375 0.021484375 
1 0.3447265625 0.044921875 0.0224609375 0.0224609375 
0 0.31640625 0.1669921875 0.0224609375 0.0224609375 
0 0.58984375 0.513671875 0.021484375 0.021484375 
1 0.66015625 0.08984375 0.021484375 0.021484375 
0 0.4521484375 0.0537109375 0.021484375 0.021484375 
1 0.478515625 0.5830078125 0.021484375 0.021484375 
0 0.4931640625 0.84765625 0.021484375 0.021484375 
0 0.44921875 0.0712890625 0.021484375 0.021484375 
0 0.6875 0.1337890625 0.0234375 0.0234375 
0 0.4052734375 0.2802734375 0.021484375 0.021484375 
0 0.5615234375 0.5771484375 0.021484375 0.021484375 
0 0.6337890625 0.3505859375 0.0234375 0.0234375 
0 0.5673828125 0.5185546875 0.0234375 0.0234375 
0 0.5322265625 0.7626953125 0.0234375 0.0234375 
0 0.65625 0.16796875 0.021484375 0.021484375 
0 0.5048828125 0.79296875 0.0224609375 0.0224609375 
1 0.6708984375 0.1669921875 0.021484375 0.021484375 
0 0.587890625 0.267578125 0.021484375 0.021484375 
0 0.66015625 0.22265625 0.0234375 0.0234375 
0 0.533203125 0.103515625 0.021484375 0.021484375 
0 0.453125 0.279296875 0.0234375 0.0234375 
0 0.3974609375 0.5009765625 0.0234375 0.0234375 
1 0.5546875 0.591796875 0.0224609375 0.0224609375 
0 0.697265625 0.06640625 0.0234375 0.0234375 
0 0.546875 0.81640625 0.021484375 0.021484375 
1 0.3408203125 0.234375 0.0224609375 0.0224609375 
1 0.5029296875 0.6962890625 0.021484375 0.021484375 
1 0.4140625 0.1279296875 0.0224609375 0.0224609375 
0 0.4755859375 0.7392578125 0.0234375 0.0234375 
0 0.4638671875 0.2939453125 0.0234375 0.0234375 
0 0.63671875 0.212890625 0.021484375 0.021484375 
0 0.435546875 0.57421875 0.0234375 0.0234375 
0 0.3447265625 0.33203125 0.021484375 0.021484375 
1 0.5361328125 0.7265625 0.0224609375 0.0224609375 
0 0.66796875 0.240234375 0.0234375 0.0234375 
1 0.3017578125 0.1728515625 0.021484375 0.021484375 
0 0.5146484375 0.5283203125 0.0234375 0.0234375 
1 0.626953125 0.4423828125 0.021484375 0.021484375 
0 0.2958984375 0.142578125 0.021484375 0.021484375 
1 0.5078125 0.6806640625 0.021484375 0.021484375 
0 0.4111328125 0.189453125 0.021484375 0.021484375 
0 0.541015625 0.685546875 0.0224609375 0.0224609375 
0 0.3798828125 0.1572265625 0.021484375 0.021484375 
1 0.337890625 0.283203125 0.0224609375 0.0224609375 
0 0.48046875 0.39453125 0.021484375 0.021484375 
1 0.501953125 0.80859375 0.0234375 0.0234375 
0 0.5224609375 0.314453125 0.021484375 0.021484375 
0 0.6103515625 0.3388671875 0.0234375 0.0234375 
0 0.5498046875 0.5419921875 0.0234375 0.0234375 
0 0.4453125 0.6806640625 0.021484375 0.021484375 
0 0.533203125 0.873046875 0.0224609375 0.0224609375 
0 0.423828125 0.3525390625 0.0234375 0.0234375 
0 0.60546875 0.4462890625 0.021484375 0.021484375 
0 0.30078125 0.123046875 0.021484375 0.021484375 
1 0.3603515625 0.1533203125 0.021484375 0.021484375 
0 0.5361328125 0.4794921875 0.021484375 0.021484375 
0 0.50390625 0.419921875 0.021484375 0.021484375 
0 0.546875 0.2197265625 0.0234375 0.0234375 
1 0.4169921875 0.0703125 0.0224609375 0.0224609375 
0 0.40234375 0.365234375 0.021484375 0.021484375 
0 0.5771484375 0.2470703125 0.021484375 0.021484375 
1 0.5283203125 0.8212890625 0.0234375 0.0234375 
1 0.4306640625 0.6279296875 0.021484375 0.021484375 
0 0.4384765625 0.7353515625 0.0234375 0.0234375 
0 0.4462890625 0.6328125 0.021484375 0.021484375 
0 0.4541015625 0.8203125 0.0234375 0.0234375 
0 0.4755859375 0.306640625 0.0224609375 0.0224609375 
0 0.7109375 0.0830078125 0.0224609375 0.0224609375 
0 0.5791015625 0.37890625 0.0224609375 0.0224609375 
0 0.3525390625 0.294921875 0.021484375 0.021484375 
0 0.486328125 0.1728515625 0.0234375 0.0234375 
0 0.3232421875 0.142578125 0.021484375 0.021484375 
1 0.4794921875 0.7919921875 0.021484375 0.021484375 
1 0.607421875 0.5283203125 0.021484375 0.021484375 
0 0.34765625 0.3515625 0.0234375 0.0234375 
0 0.5146484375 0.2548828125 0.021484375 0.021484375 
0 0.482421875 0.033203125 0.021484375 0.021484375 
0 0.3759765625 0.0419921875 0.0234375 0.0234375 
0 0.53125 0.66796875 0.021484375 0.021484375 
0 0.50390625 0.0625 0.021484375 0.021484375 
0 0.490234375 0.6435546875 0.0234375 0.0234375 
1 0.380859375 0.08984375 0.0224609375 0.0224609375 
0 0.5517578125 0.388671875 0.0234375 0.0234375 
1 0.673828125 0.0712890625 0.0224609375 0.0224609375 
0 0.3857421875 0.4072265625 0.021484375 0.021484375 
1 0.4384765625 0.75390625 0.021484375 0.021484375 
0 0.31640625 0.2490234375 0.021484375 0.021484375 
0 0.490234375 0.3115234375 0.0234375 0.0234375 
1 0.4228515625 0.458984375 0.021484375 0.021484375 
0 0.4541015625 0.5107421875 0.0234375 0.0234375 
0 0.5556640625 0.8017578125 0.01953125 0.01953125 
1 0.5390625 0.5126953125 0.021484375 0.021484375 
0 0.400390625 0.5556640625 0.0234375 0.0234375 
1 0.5576171875 0.451171875 0.021484375 0.021484375 
0 0.5966796875 0.099609375 0.021484375 0.021484375 
0 0.5888671875 0.4931640625 0.021484375 0.021484375 
1 0.330078125 0.1806640625 0.0224609375 0.0224609375 
0 0.4326171875 0.2119140625 0.021484375 0.021484375 
1 0.662109375 0.15234375 0.0224609375 0.0224609375 
0 0.4873046875 0.09375 0.021484375 0.021484375 
0 0.60546875 0.07421875 0.021484375 0.021484375 
0 0.671875 0.1328125 0.021484375 0.021484375 
0 0.3701171875 0.486328125 0.0234375 0.0234375 
