0 0.3486328125 0.05078125 0.021484375 0.021484375 
0 0.5087890625 0.7060546875 0.0234375 0.0234375 
1 0.39453125 0.04296875 0.021484375 0.021484375 
1 0.677734375 0.03515625 0.0224609375 0.0224609375 
0 0.61328125 0.291015625 0.021484375 0.021484375 
0 0.4013671875 0.4638671875 0.0224609375 0.0224609375 
0 0.5859375 0.0810546875 0.0234375 0.0234375 
1 0.65625 0.2314453125 0.0224609375 0.0224609375 
0 0.3984375 0.328125 0.021484375 0.021484375 
0 0.49609375 0.6298828125 0.0224609375 0.0224609375 
1 0.5537109375 0.3271484375 0.021484375 0.021484375 
0 0.5849609375 0.5966796875 0.021484375 0.021484375 
0 0.55859375 0.76953125 0.0224609375 0.0224609375 
0 0.4365234375 0.203125 0.021484375 0.021484375 
0 0.3505859375 0.03125 0.021484375 0.021484375 
1 0.515625 0.4052734375 0.0224609375 0.0224609375 
0 0.5458984375 0.5615234375 0.021484375 0.021484375 
0 0.4365234375 0.3564453125 0.021484375 0.021484375 
1 0.4296875 0.6396484375 0.021484375 0.021484375 
1 0.49609375 0.818359375 0.0234375 0.0234375 
0 0.533203125 0.4716796875 0.021484375 0.021484375 
0 0.4208984375 0.1328125 0.021484375 0.021484375 
0 0.515625 0.513671875 0.0224609375 0.0224609375 
0 0.541015625 0.6337890625 0.021484375 0.021484375 
1 0.576171875 0.240234375 0.021484375 0.021484375 
0 0.6015625 0.5947265625 0.021484375 0.021484375 
0 0.4677734375 0.224609375 0.021484375 0.021484375 
0 0.43359375 0.5380859375 0.021484375 0.021484375 
0 0.5458984375 0.3896484375 0.0234375 0.0234375 
0 0.3154296875 0.09765625 0.021484375 0.021484375 
0 0.48046875 0.6884765625 0.021484375 0.021484375 
1 0.4775390625 0.6318359375 0.021484375 0.021484375 
1 0.5009765625 0.361328125 0.021484375 0.021484375 
1 0.4580078125 0.681640625 0.021484375 0.021484375 
0 0.453125 0.6044921875 0.0234375 0.0234375 
1 0.54296875 0.7021484375 0.021484375 0.021484375 
0 0.4775390625 0.7421875 0.021484375 0.021484375 
0 0.5078125 0.7744140625 0.0224609375 0.0224609375 
0 0.5634765625 0.07421875 0.021484375 0.021484375 
0 0.3623046875 0.234375 0.021484375 0.021484375 
0 0.42578125 0.08203125 0.0234375 0.0234375 
0 0.60546875 0.2314453125 0.021484375 0.021484375 
0 0.54296875 0.0830078125 0.0224609375 0.0224609375 
1 0.6650390625 0.0458984375 0.021484375 0.021484375 
0 0.5341796875 0.751953125 0.01953125 0.01953125 
0 0.390625 0.3662109375 0.021484375 0.021484375 
0 0.5498046875 0.05078125 0.021484375 0.021484375 
1 0.6357421875 0.3505859375 0.0224609375 0.0224609375 
0 0.5654296875 0.42578125 0.021484375 0.021484375 
0 0.4599609375 0.828125 0.01953125 0.01953125 
0 0.5654296875 0.6669921875 0.0234375 0.0234375 
1 0.3671875 0.3642578125 0.0224609375 0.0224609375 
1 0.330078125 0.173828125 0.0224609375 0.0224609375 
1 0.44921875 0.314453125 0.0224609375 0.0224609375 
0 0.43359375 0.6982421875 0.0234375 0.0234375 
0 0.45703125 0.341796875 0.021484375 0.021484375 
0 0.3271484375 0.25 0.0224609375 0.0224609375 
0 0.3662109375 0.1767578125 0.021484375 0.021484375 
0 0.61328125 0.4111328125 0.021484375 0.021484375 
0 0.572265625 0.193359375 0.021484375 0.021484375 
0 0.3837890625 0.0771484375 0.021484375 0.021484375 
0 0.5302734375 0.1201171875 0.021484375 0.021484375 
1 0.4228515625 0.4130859375 0.021484375 0.021484375 
0 0.6025390625 0.048828125 0.021484375 0.021484375 
0 0.55078125 0.46484375 0.0224609375 0.0224609375 
1 0.5341796875 0.30859375 0.021484375 0.021484375 
0 0.59765625 0.06640625 0.021484375 0.021484375 
1 0.537109375 0.0380859375 0.021484375 0.021484375 
0 0.4755859375 0.8330078125 0.0224609375 0.0224609375 
1 0.484375 0.384765625 0.0224609375 0.0224609375 
0 0.3994140625 0.240234375 0.021484375 0.021484375 
0 0.44140625 0.09765625 0.021484375 0.021484375 
1 0.44140625 0.0751953125 0.021484375 0.021484375 
0 0.5732421875 0.095703125 0.0224609375 0.0224609375 
0 0.5595703125 0.1748046875 0.0234375 0.0234375 
0 0.556640625 0.609375 0.021484375 0.021484375 
0 0.50390625 0.103515625 0.0234375 0.0234375 
0 0.482421875 0.2021484375 0.0234375 0.0234375 
0 0.6279296875 0.3701171875 0.0234375 0.0234375 
0 0.5185546875 0.064453125 0.0234375 0.0234375 
0 0.4814453125 0.6533203125 0.0224609375 0.0224609375 
0 0.5966796875 0.611328125 0.0234375 0.0234375 
0 0.390625 0.208984375 0.0234375 0.0234375 
1 0.5546875 0.1240234375 0.021484375 0.021484375 
0 0.416015625 0.095703125 0.021484375 0.021484375 
0 0.67578125 0.14453125 0.0234375 0.0234375 
0 0.3505859375 0.359375 0.021484375 0.021484375 
0 0.62109375 0.162109375 0.021484375 0.021484375 
0 0.529296875 0.3984375 0.0234375 0.0234375 
0 0.3740234375 0.046875 0.021484375 0.021484375 
0 0.53515625 0.5908203125 0.021484375 0.021484375 
0 0.419921875 0.0517578125 0.021484375 0.021484375 
0 0.3525390625 0.32421875 0.0234375 0.0234375 
0 0.6279296875 0.0966796875 0.021484375 0.021484375 
0 0.3896484375 0.05859375 0.021484375 0.021484375 
0 0.462890625 0.41796875 0.021484375 0.021484375 
0 0.3828125 0.5419921875 0.0224609375 0.0224609375 
0 0.4833984375 0.78125 0.025390625 0.025390625 
0 0.498046875 0.3076171875 0.021484375 0.021484375 
0 0.3896484375 0.56640625 0.0234375 0.0234375 
1 0.6064453125 0.4443359375 0.021484375 0.021484375 
0 0.3583984375 0.3037109375 0.0234375 0.0234375 
0 0.54296875 0.0654296875 0.0234375 0.0234375 
0 0.3251953125 0.2705078125 0.0234375 0.0234375 
0 0.279296875 0.04296875 0.0234375 0.0234375 
0 0.40625 0.2900390625 0.0224609375 0.0224609375 
0 0.654296875 0.0625 0.021484375 0.021484375 
1 0.5185546875 0.3759765625 0.021484375 0.021484375 
0 0.4736328125 0.7197265625 0.021484375 0.021484375 
0 0.43359375 0.7431640625 0.0224609375 0.0224609375 
0 0.3642578125 0.0947265625 0.0234375 0.0234375 
0 0.4794921875 0.2841796875 0.021484375 0.021484375 
0 0.4013671875 0.5341796875 0.021484375 0.021484375 
1 0.62890625 0.3154296875 0.021484375 0.021484375 
1 0.546875 0.2490234375 0.021484375 0.021484375 
1 0.6826171875 0.119140625 0.0224609375 0.0224609375 
0 0.53125 0.103515625 0.0234375 0.0234375 
0 0.4892578125 0.0673828125 0.021484375 0.021484375 
0 0.5400390625 0.1416015625 0.021484375 0.021484375 
0 0.654296875 0.15625 0.021484375 0.021484375 
0 0.2998046875 0.173828125 0.0234375 0.0234375 
0 0.501953125 0.44140625 0.0234375 0.0234375 
0 0.5732421875 0.33203125 0.0234375 0.0234375 
0 0.5615234375 0.751953125 0.025390625 0.025390625 
0 0.4931640625 0.5810546875 0.021484375 0.021484375 
0 0.59765625 0.3701171875 0.0224609375 0.0224609375 
0 0.4443359375 0.3798828125 0.0234375 0.0234375 
0 0.3212890625 0.2021484375 0.021484375 0.021484375 
0 0.541015625 0.8056640625 0.025390625 0.025390625 
0 0.5322265625 0.8876953125 0.0224609375 0.0224609375 
0 0.5615234375 0.2783203125 0.0234375 0.0234375 
1 0.4609375 0.552734375 0.021484375 0.021484375 
0 0.607421875 0.5283203125 0.021484375 0.021484375 
1 0.6201171875 0.42578125 0.0224609375 0.0224609375 
0 0.625 0.0537109375 0.021484375 0.021484375 
0 0.4091796875 0.255859375 0.0224609375 0.0224609375 
0 0.4150390625 0.6279296875 0.0224609375 0.0224609375 
1 0.3623046875 0.4267578125 0.021484375 0.021484375 
0 0.58984375 0.16796875 0.0234375 0.0234375 
0 0.4580078125 0.091796875 0.0224609375 0.0224609375 
0 0.44140625 0.2744140625 0.0234375 0.0234375 
1 0.6826171875 0.0517578125 0.021484375 0.021484375 
1 0.568359375 0.3916015625 0.021484375 0.021484375 
0 0.419921875 0.1689453125 0.021484375 0.021484375 
0 0.3486328125 0.21875 0.021484375 0.021484375 
1 0.435546875 0.3291015625 0.021484375 0.021484375 
0 0.4912109375 0.8876953125 0.0234375 0.0234375 
0 0.509765625 0.8818359375 0.0234375 0.0234375 
0 0.31640625 0.15234375 0.021484375 0.021484375 
0 0.58984375 0.2939453125 0.0234375 0.0234375 
0 0.572265625 0.54296875 0.0234375 0.0234375 
0 0.708984375 0.0478515625 0.0234375 0.0234375 
0 0.6630859375 0.271484375 0.021484375 0.021484375 
0 0.5908203125 0.55078125 0.0234375 0.0234375 
1 0.4609375 0.853515625 0.0234375 0.0234375 
0 0.4765625 0.3046875 0.021484375 0.021484375 
0 0.40625 0.30859375 0.0224609375 0.0224609375 
0 0.38671875 0.2939453125 0.021484375 0.021484375 
0 0.595703125 0.51171875 0.021484375 0.021484375 
0 0.4111328125 0.591796875 0.021484375 0.021484375 
0 0.357421875 0.189453125 0.0234375 0.0234375 
0 0.599609375 0.1904296875 0.0224609375 0.0224609375 
