0 0.4296875 0.5810546875 0.021484375 0.021484375 
0 0.4951171875 0.5390625 0.0224609375 0.0224609375 
1 0.533203125 0.271484375 0.0224609375 0.0224609375 
0 0.5869140625 0.4599609375 0.0234375 0.0234375 
0 0.4873046875 0.5595703125 0.021484375 0.021484375 
0 0.5439453125 0.796875 0.0234375 0.0234375 
0 0.61328125 0.5205078125 0.021484375 0.021484375 
1 0.3701171875 0.0927734375 0.0224609375 0.0224609375 
0 0.6005859375 0.275390625 0.021484375 0.021484375 
0 0.3076171875 0.208984375 0.021484375 0.021484375 
0 0.470703125 0.7470703125 0.021484375 0.021484375 
0 0.3916015625 0.5185546875 0.021484375 0.021484375 
1 0.3408203125 0.30078125 0.0224609375 0.0224609375 
0 0.435546875 0.5439453125 0.021484375 0.021484375 
0 0.51171875 0.1689453125 0.021484375 0.021484375 
1 0.3759765625 0.3037109375 0.021484375 0.021484375 
1 0.5048828125 0.693359375 0.0224609375 0.0224609375 
0 0.5341796875 0.435546875 0.021484375 0.021484375 
0 0.6103515625 0.220703125 0.021484375 0.021484375 
0 0.427734375 0.0537109375 0.021484375 0.021484375 
0 0.5634765625 0.728515625 0.0234375 0.0234375 
0 0.5712890625 0.466796875 0.0234375 0.0234375 
1 0.515625 0.6826171875 0.021484375 0.021484375 
0 0.41796875 0.4951171875 0.021484375 0.021484375 
0 0.470703125 0.373046875 0.021484375 0.021484375 
0 0.54296875 0.181640625 0.0234375 0.0234375 
1 0.3720703125 0.3740234375 0.021484375 0.021484375 
0 0.576171875 0.1162109375 0.0234375 0.0234375 
1 0.595703125 0.072265625 0.0224609375 0.0224609375 
0 0.53125 0.3623046875 0.0224609375 0.0224609375 
1 0.58984375 0.1396484375 0.021484375 0.021484375 
0 0.6259765625 0.3828125 0.021484375 0.021484375 
0 0.6162109375 0.05078125 0.0234375 0.0234375 
0 0.501953125 0.2939453125 0.0234375 0.0234375 
1 0.533203125 0.1005859375 0.021484375 0.021484375 
1 0.5712890625 0.25390625 0.021484375 0.021484375 
1 0.494140625 0.6201171875 0.0224609375 0.0224609375 
0 0.349609375 0.130859375 0.021484375 0.021484375 
0 0.37109375 0.390625 0.021484375 0.021484375 
0 0.376953125 0.20703125 0.0234375 0.0234375 
1 0.5068359375 0.453125 0.021484375 0.021484375 
1 0.3955078125 0.23046875 0.021484375 0.021484375 
0 0.4619140625 0.7041015625 0.021484375 0.021484375 
0 0.5126953125 0.2763671875 0.021484375 0.021484375 
1 0.5810546875 0.6533203125 0.021484375 0.021484375 
1 0.3779296875 0.2744140625 0.0224609375 0.0224609375 
0 0.4765625 0.6708984375 0.0234375 0.0234375 
0 0.640625 0.130859375 0.021484375 0.021484375 
0 0.6162109375 0.1064453125 0.021484375 0.021484375 
0 0.4716796875 0.5927734375 0.021484375 0.021484375 
1 0.45703125 0.60546875 0.0224609375 0.0224609375 
0 0.6220703125 0.30078125 0.0234375 0.0234375 
0 0.46875 0.302734375 0.021484375 0.021484375 
0 0.4501953125 0.2353515625 0.021484375 0.021484375 
0 0.3623046875 0.166015625 0.0224609375 0.0224609375 
1 0.5908203125 0.2138671875 0.021484375 0.021484375 
0 0.4921875 0.2587890625 0.0224609375 0.0224609375 
0 0.572265625 0.212890625 0.0234375 0.0234375 
0 0.517578125 0.8115234375 0.021484375 0.021484375 
0 0.421875 0.28125 0.0234375 0.0234375 
1 0.4326171875 0.39453125 0.021484375 0.021484375 
0 0.60546875 0.421875 0.0234375 0.0234375 
0 0.607421875 0.2451171875 0.0234375 0.0234375 
1 0.4208984375 0.2177734375 0.0224609375 0.0224609375 
1 0.416015625 0.681640625 0.021484375 0.021484375 
0 0.6328125 0.3154296875 0.0224609375 0.0224609375 
1 0.3515625 0.0751953125 0.0224609375 0.0224609375 
0 0.509765625 0.4873046875 0.0234375 0.0234375 
0 0.3330078125 0.09375 0.021484375 0.021484375 
0 0.5869140625 0.5927734375 0.0234375 0.0234375 
1 0.568359375 0.291015625 0.021484375 0.021484375 
0 0.603515625 0.39453125 0.0234375 0.0234375 
1 0.5361328125 0.8251953125 0.021484375 0.021484375 
1 0.705078125 0.052734375 0.0224609375 0.0224609375 
1 0.533203125 0.05078125 0.0224609375 0.0224609375 
0 0.5966796875 0.1572265625 0.021484375 0.021484375 
0 0.4345703125 0.2978515625 0.021484375 0.021484375 
0 0.6826171875 0.1689453125 0.021484375 0.021484375 
0 0.4150390625 0.248046875 0.021484375 0.021484375 
1 0.49609375 0.1826171875 0.0224609375 0.0224609375 
1 0.5166015625 0.3115234375 0.0224609375 0.0224609375 
0 0.60546875 0.53515625 0.0234375 0.0234375 
0 0.474609375 0.189453125 0.021484375 0.021484375 
1 0.6181640625 0.1279296875 0.0224609375 0.0224609375 
0 0.5537109375 0.3017578125 0.021484375 0.021484375 
1 0.2939453125 0.0693359375 0.0224609375 0.0224609375 
1 0.5068359375 0.345703125 0.021484375 0.021484375 
0 0.4736328125 0.6494140625 0.0234375 0.0234375 
0 0.548828125 0.3427734375 0.021484375 0.021484375 
1 0.6240234375 0.1689453125 0.0224609375 0.0224609375 
0 0.4716796875 0.7919921875 0.0224609375 0.0224609375 
0 0.5654296875 0.4169921875 0.0234375 0.0234375 
0 0.650390625 0.2255859375 0.0234375 0.0234375 
0 0.4560546875 0.0478515625 0.021484375 0.021484375 
1 0.4755859375 0.6962890625 0.021484375 0.021484375 
1 0.4892578125 0.771484375 0.0234375 0.0234375 
0 0.376953125 0.4482421875 0.021484375 0.021484375 
1 0.515625 0.5087890625 0.021484375 0.021484375 
0 0.4775390625 0.3916015625 0.0224609375 0.0224609375 
0 0.49609375 0.1572265625 0.0234375 0.0234375 
0 0.5126953125 0.6103515625 0.0224609375 0.0224609375 
0 0.5439453125 0.6669921875 0.021484375 0.021484375 
1 0.68359375 0.0498046875 0.0224609375 0.0224609375 
1 0.6337890625 0.2783203125 0.021484375 0.021484375 
0 0.435546875 0.4921875 0.0234375 0.0234375 
0 0.541015625 0.490234375 0.021484375 0.021484375 
0 0.40625 0.3134765625 0.0234375 0.0234375 
0 0.4365234375 0.509765625 0.021484375 0.021484375 
1 0.314453125 0.115234375 0.021484375 0.021484375 
0 0.515625 0.330078125 0.0234375 0.0234375 
0 0.5322265625 0.3046875 0.0234375 0.0234375 
0 0.396484375 0.2548828125 0.021484375 0.021484375 
0 0.5810546875 0.1923828125 0.0224609375 0.0224609375 
0 0.404296875 0.423828125 0.0234375 0.0234375 
1 0.5439453125 0.06640625 0.0224609375 0.0224609375 
1 0.5048828125 0.8232421875 0.0234375 0.0234375 
0 0.4892578125 0.5986328125 0.021484375 0.021484375 
0 0.427734375 0.4130859375 0.0234375 0.0234375 
0 0.5322265625 0.3798828125 0.0234375 0.0234375 
1 0.4462890625 0.37890625 0.0224609375 0.0224609375 
0 0.4580078125 0.7685546875 0.0234375 0.0234375 
0 0.466796875 0.2294921875 0.0234375 0.0234375 
0 0.4462890625 0.4228515625 0.0234375 0.0234375 
0 0.4384765625 0.7607421875 0.0224609375 0.0224609375 
0 0.4140625 0.1748046875 0.021484375 0.021484375 
0 0.3212890625 0.19921875 0.021484375 0.021484375 
0 0.470703125 0.140625 0.021484375 0.021484375 
0 0.3310546875 0.2734375 0.0234375 0.0234375 
0 0.3701171875 0.15234375 0.0224609375 0.0224609375 
0 0.2900390625 0.1142578125 0.021484375 0.021484375 
0 0.4716796875 0.28515625 0.021484375 0.021484375 
1 0.490234375 0.85546875 0.0234375 0.0234375 
