1 0.3203125 0.236328125 0.021484375 0.021484375 
1 0.6103515625 0.552734375 0.0224609375 0.0224609375 
0 0.4921875 0.0517578125 0.0234375 0.0234375 
0 0.53515625 0.13671875 0.021484375 0.021484375 
1 0.6376953125 0.1396484375 0.021484375 0.021484375 
0 0.3525390625 0.125 0.0234375 0.0234375 
1 0.3544921875 0.2470703125 0.0224609375 0.0224609375 
0 0.396484375 0.5849609375 0.021484375 0.021484375 
1 0.3759765625 0.283203125 0.021484375 0.021484375 
1 0.4482421875 0.1513671875 0.021484375 0.021484375 
1 0.5009765625 0.3984375 0.021484375 0.021484375 
1 0.5107421875 0.5732421875 0.021484375 0.021484375 
0 0.4619140625 0.564453125 0.021484375 0.021484375 
1 0.310546875 0.1611328125 0.021484375 0.021484375 
0 0.33984375 0.03515625 0.021484375 0.021484375 
0 0.5224609375 0.40234375 0.021484375 0.021484375 
0 0.5791015625 0.4609375 0.021484375 0.021484375 
0 0.47265625 0.2998046875 0.0224609375 0.0224609375 
0 0.6357421875 0.0419921875 0.021484375 0.021484375 
0 0.2861328125 0.0810546875 0.021484375 0.021484375 
0 0.4677734375 0.818359375 0.025390625 0.025390625 
0 0.4990234375 0.3232421875 0.021484375 0.021484375 
0 0.6376953125 0.1767578125 0.021484375 0.021484375 
0 0.5322265625 0.7412109375 0.021484375 0.021484375 
0 0.4736328125 0.5380859375 0.0234375 0.0234375 
0 0.470703125 0.6904296875 0.0234375 0.0234375 
0 0.5302734375 0.765625 0.0224609375 0.0224609375 
0 0.5234375 0.15625 0.021484375 0.021484375 
0 0.490234375 0.2568359375 0.021484375 0.021484375 
0 0.447265625 0.3056640625 0.0234375 0.0234375 
0 0.61328125 0.3154296875 0.021484375 0.021484375 
0 0.4658203125 0.59765625 0.021484375 0.021484375 
0 0.498046875 0.13671875 0.021484375 0.021484375 
0 0.478515625 0.0791015625 0.021484375 0.021484375 
0 0.6591796875 0.0634765625 0.0224609375 0.0224609375 
0 0.5048828125 0.787109375 0.025390625 0.025390625 
1 0.40234375 0.3466796875 0.021484375 0.021484375 
0 0.4306640625 0.2646484375 0.021484375 0.021484375 
0 0.3779296875 0.216796875 0.021484375 0.021484375 
0 0.5283203125 0.6064453125 0.0234375 0.0234375 
0 0.572265625 0.2705078125 0.021484375 0.021484375 
0 0.5869140625 0.41796875 0.0224609375 0.0224609375 
0 0.43359375 0.234375 0.0234375 0.0234375 
1 0.5888671875 0.197265625 0.0224609375 0.0224609375 
0 0.39453125 0.2685546875 0.021484375 0.021484375 
0 0.4033203125 0.3046875 0.0224609375 0.0224609375 
0 0.6201171875 0.177734375 0.0234375 0.0234375 
0 0.5556640625 0.6728515625 0.0224609375 0.0224609375 
0 0.478515625 0.6611328125 0.0224609375 0.0224609375 
1 0.5458984375 0.390625 0.021484375 0.021484375 
0 0.5146484375 0.7431640625 0.021484375 0.021484375 
0 0.5419921875 0.3271484375 0.021484375 0.021484375 
0 0.4501953125 0.6796875 0.021484375 0.021484375 
1 0.4111328125 0.5771484375 0.021484375 0.021484375 
0 0.3974609375 0.12109375 0.0234375 0.0234375 
0 0.4482421875 0.3798828125 0.0234375 0.0234375 
1 0.548828125 0.3583984375 0.021484375 0.021484375 
0 0.4638671875 0.47265625 0.021484375 0.021484375 
0 0.4130859375 0.0947265625 0.021484375 0.021484375 
1 0.55859375 0.462890625 0.021484375 0.021484375 
0 0.5947265625 0.4892578125 0.021484375 0.021484375 
0 0.361328125 0.443359375 0.021484375 0.021484375 
0 0.4033203125 0.1904296875 0.021484375 0.021484375 
0 0.5703125 0.419921875 0.0234375 0.0234375 
1 0.4814453125 0.796875 0.0234375 0.0234375 
0 0.4111328125 0.044921875 0.021484375 0.021484375 
0 0.619140625 0.4052734375 0.021484375 0.021484375 
0 0.568359375 0.0712890625 0.021484375 0.021484375 
0 0.390625 0.0859375 0.021484375 0.021484375 
1 0.37890625 0.396484375 0.0224609375 0.0224609375 
0 0.5009765625 0.6767578125 0.021484375 0.021484375 
1 0.5576171875 0.7880859375 0.0234375 0.0234375 
1 0.51953125 0.62890625 0.0224609375 0.0224609375 
0 0.50390625 0.21484375 0.021484375 0.021484375 
0 0.4462890625 0.806640625 0.0224609375 0.0224609375 
0 0.599609375 0.224609375 0.021484375 0.021484375 
0 0.5087890625 0.4189453125 0.0234375 0.0234375 
0 0.59765625 0.453125 0.021484375 0.021484375 
0 0.419921875 0.34765625 0.021484375 0.021484375 
0 0.6796875 0.1875 0.0234375 0.0234375 
0 0.4384765625 0.4013671875 0.021484375 0.021484375 
0 0.5166015625 0.19140625 0.021484375 0.021484375 
0 0.5302734375 0.0361328125 0.0234375 0.0234375 
0 0.341796875 0.2978515625 0.0234375 0.0234375 
0 0.474609375 0.375 0.021484375 0.021484375 
1 0.4814453125 0.4013671875 0.021484375 0.021484375 
0 0.4765625 0.046875 0.021484375 0.021484375 
1 0.4892578125 0.0302734375 0.0224609375 0.0224609375 
0 0.4033203125 0.21484375 0.021484375 0.021484375 
