0 0.5 0.83984375 0.025390625 0.025390625 
1 0.478515625 0.865234375 0.0234375 0.0234375 
0 0.4013671875 0.5673828125 0.021484375 0.021484375 
1 0.6455078125 0.2705078125 0.021484375 0.021484375 
0 0.4453125 0.7802734375 0.021484375 0.021484375 
1 0.6181640625 0.3974609375 0.021484375 0.021484375 
0 0.51171875 0.259765625 0.021484375 0.021484375 
1 0.626953125 0.224609375 0.0224609375 0.0224609375 
1 0.537109375 0.77734375 0.021484375 0.021484375 
1 0.6904296875 0.1552734375 0.0224609375 0.0224609375 
1 0.4111328125 0.0703125 0.021484375 0.021484375 
0 0.4384765625 0.037109375 0.0224609375 0.0224609375 
0 0.580078125 0.43359375 0.021484375 0.021484375 
1 0.4306640625 0.630859375 0.0224609375 0.0224609375 
0 0.4560546875 0.083984375 0.021484375 0.021484375 
0 0.326171875 0.203125 0.0234375 0.0234375 
0 0.66796875 0.275390625 0.0234375 0.0234375 
0 0.4912109375 0.6875 0.021484375 0.021484375 
1 0.6806640625 0.1708984375 0.021484375 0.021484375 
0 0.416015625 0.53125 0.0234375 0.0234375 
0 0.4951171875 0.76171875 0.025390625 0.025390625 
0 0.396484375 0.4169921875 0.021484375 0.021484375 
0 0.494140625 0.3193359375 0.021484375 0.021484375 
0 0.546875 0.2041015625 0.0234375 0.0234375 
0 0.5390625 0.1591796875 0.021484375 0.021484375 
0 0.6044921875 0.1220703125 0.0234375 0.0234375 
0 0.5205078125 0.8564453125 0.0224609375 0.0224609375 
0 0.4599609375 0.4697265625 0.0234375 0.0234375 
0 0.5009765625 0.7314453125 0.021484375 0.021484375 
0 0.55859375 0.69921875 0.021484375 0.021484375 
0 0.6787109375 0.2255859375 0.021484375 0.021484375 
1 0.505859375 0.5029296875 0.0224609375 0.0224609375 
0 0.43359375 0.431640625 0.0234375 0.0234375 
0 0.703125 0.04296875 0.0234375 0.0234375 
0 0.458984375 0.52734375 0.0224609375 0.0224609375 
1 0.435546875 0.06640625 0.021484375 0.021484375 
0 0.419921875 0.2275390625 0.0234375 0.0234375 
0 0.6357421875 0.3564453125 0.021484375 0.021484375 
0 0.330078125 0.0322265625 0.021484375 0.021484375 
1 0.57421875 0.666015625 0.0224609375 0.0224609375 
0 0.494140625 0.09765625 0.021484375 0.021484375 
0 0.5048828125 0.5439453125 0.021484375 0.021484375 
0 0.4580078125 0.30859375 0.021484375 0.021484375 
1 0.62890625 0.05078125 0.021484375 0.021484375 
0 0.552734375 0.748046875 0.0234375 0.0234375 
1 0.57421875 0.548828125 0.0224609375 0.0224609375 
0 0.51171875 0.3623046875 0.021484375 0.021484375 
0 0.3642578125 0.4306640625 0.021484375 0.021484375 
0 0.58203125 0.072265625 0.0234375 0.0234375 
1 0.623046875 0.0341796875 0.021484375 0.021484375 
0 0.568359375 0.3134765625 0.0234375 0.0234375 
1 0.4775390625 0.37890625 0.0224609375 0.0224609375 
0 0.4111328125 0.400390625 0.021484375 0.021484375 
0 0.548828125 0.560546875 0.0234375 0.0234375 
0 0.3193359375 0.2490234375 0.0224609375 0.0224609375 
0 0.5322265625 0.6572265625 0.0234375 0.0234375 
1 0.3857421875 0.1435546875 0.021484375 0.021484375 
0 0.5751953125 0.4638671875 0.021484375 0.021484375 
0 0.513671875 0.447265625 0.0234375 0.0234375 
0 0.5361328125 0.6376953125 0.021484375 0.021484375 
0 0.5166015625 0.3212890625 0.021484375 0.021484375 
0 0.4873046875 0.4755859375 0.0234375 0.0234375 
0 0.337890625 0.2841796875 0.021484375 0.021484375 
0 0.392578125 0.537109375 0.021484375 0.021484375 
0 0.3896484375 0.0654296875 0.0224609375 0.0224609375 
0 0.6103515625 0.4404296875 0.021484375 0.021484375 
1 0.4990234375 0.8125 0.021484375 0.021484375 
0 0.6630859375 0.08203125 0.021484375 0.021484375 
0 0.4296875 0.689453125 0.0224609375 0.0224609375 
0 0.5380859375 0.7099609375 0.0234375 0.0234375 
0 0.56640625 0.205078125 0.0224609375 0.0224609375 
0 0.4404296875 0.5400390625 0.0234375 0.0234375 
1 0.595703125 0.3056640625 0.0224609375 0.0224609375 
0 0.3173828125 0.1728515625 0.021484375 0.021484375 
0 0.35546875 0.40234375 0.0234375 0.0234375 
0 0.291015625 0.078125 0.021484375 0.021484375 
1 0.478515625 0.591796875 0.021484375 0.021484375 
0 0.556640625 0.787109375 0.0224609375 0.0224609375 
0 0.4921875 0.6123046875 0.021484375 0.021484375 
1 0.419921875 0.3349609375 0.021484375 0.021484375 
0 0.462890625 0.29296875 0.0234375 0.0234375 
0 0.5478515625 0.091796875 0.021484375 0.021484375 
0 0.4658203125 0.8916015625 0.021484375 0.021484375 
1 0.5166015625 0.34375 0.0224609375 0.0224609375 
0 0.4833984375 0.822265625 0.021484375 0.021484375 
0 0.5810546875 0.35546875 0.021484375 0.021484375 
0 0.373046875 0.33203125 0.0234375 0.0234375 
1 0.5107421875 0.4208984375 0.021484375 0.021484375 
0 0.552734375 0.806640625 0.0234375 0.0234375 
1 0.5791015625 0.3759765625 0.0224609375 0.0224609375 
1 0.4169921875 0.6142578125 0.021484375 0.021484375 
1 0.54296875 0.4501953125 0.021484375 0.021484375 
1 0.4345703125 0.353515625 0.021484375 0.021484375 
0 0.59765625 0.1025390625 0.021484375 0.021484375 
0 0.6357421875 0.3271484375 0.021484375 0.021484375 
1 0.5517578125 0.22265625 0.0224609375 0.0224609375 
0 0.546875 0.119140625 0.021484375 0.021484375 
1 0.4404296875 0.283203125 0.021484375 0.021484375 
0 0.4365234375 0.306640625 0.0234375 0.0234375 
0 0.5791015625 0.2802734375 0.0224609375 0.0224609375 
0 0.607421875 0.5166015625 0.0224609375 0.0224609375 
0 0.5126953125 0.1923828125 0.021484375 0.021484375 
1 0.6943359375 0.064453125 0.0224609375 0.0224609375 
0 0.5673828125 0.7255859375 0.021484375 0.021484375 
0 0.701171875 0.12109375 0.0234375 0.0234375 
0 0.6328125 0.2431640625 0.021484375 0.021484375 
0 0.353515625 0.263671875 0.021484375 0.021484375 
0 0.7041015625 0.091796875 0.021484375 0.021484375 
0 0.44921875 0.2119140625 0.021484375 0.021484375 
0 0.6650390625 0.208984375 0.0234375 0.0234375 
0 0.466796875 0.8525390625 0.01953125 0.01953125 
1 0.5810546875 0.6923828125 0.021484375 0.021484375 
0 0.4150390625 0.130859375 0.0224609375 0.0224609375 
0 0.3623046875 0.0732421875 0.021484375 0.021484375 
0 0.5146484375 0.57421875 0.021484375 0.021484375 
0 0.642578125 0.1513671875 0.021484375 0.021484375 
0 0.560546875 0.05859375 0.0234375 0.0234375 
1 0.56640625 0.6474609375 0.021484375 0.021484375 
0 0.48046875 0.3564453125 0.021484375 0.021484375 
1 0.564453125 0.1298828125 0.021484375 0.021484375 
0 0.5224609375 0.474609375 0.021484375 0.021484375 
0 0.54296875 0.5439453125 0.0234375 0.0234375 
0 0.5771484375 0.5205078125 0.0234375 0.0234375 
0 0.4296875 0.556640625 0.0234375 0.0234375 
0 0.443359375 0.107421875 0.0234375 0.0234375 
1 0.6259765625 0.171875 0.021484375 0.021484375 
0 0.521484375 0.791015625 0.025390625 0.025390625 
1 0.4169921875 0.1748046875 0.0224609375 0.0224609375 
0 0.4404296875 0.5078125 0.0234375 0.0234375 
0 0.4541015625 0.4326171875 0.021484375 0.021484375 
0 0.4619140625 0.12890625 0.021484375 0.021484375 
1 0.4130859375 0.505859375 0.021484375 0.021484375 
0 0.583984375 0.1513671875 0.021484375 0.021484375 
1 0.521484375 0.8125 0.0234375 0.0234375 
0 0.400390625 0.29296875 0.021484375 0.021484375 
0 0.5732421875 0.6259765625 0.021484375 0.021484375 
0 0.5986328125 0.2890625 0.021484375 0.021484375 
0 0.4267578125 0.66015625 0.0234375 0.0234375 
0 0.5478515625 0.4267578125 0.0234375 0.0234375 
0 0.5126953125 0.1328125 0.021484375 0.021484375 
1 0.3154296875 0.232421875 0.021484375 0.021484375 
0 0.3173828125 0.140625 0.0224609375 0.0224609375 
0 0.587890625 0.4111328125 0.0224609375 0.0224609375 
1 0.5400390625 0.8505859375 0.021484375 0.021484375 
0 0.3984375 0.2197265625 0.0234375 0.0234375 
1 0.6318359375 0.080078125 0.021484375 0.021484375 
0 0.6796875 0.068359375 0.021484375 0.021484375 
0 0.5576171875 0.6259765625 0.0224609375 0.0224609375 
0 0.333984375 0.2353515625 0.021484375 0.021484375 
0 0.4453125 0.4619140625 0.021484375 0.021484375 
1 0.4970703125 0.345703125 0.021484375 0.021484375 
1 0.4970703125 0.708984375 0.0224609375 0.0224609375 
0 0.4736328125 0.431640625 0.021484375 0.021484375 
0 0.4755859375 0.1865234375 0.021484375 0.021484375 
0 0.6123046875 0.1982421875 0.021484375 0.021484375 
