0 0.341796875 0.2060546875 0.0234375 0.0234375 
0 0.490234375 0.703125 0.0234375 0.0234375 
0 0.4365234375 0.0751953125 0.021484375 0.021484375 
0 0.5576171875 0.5537109375 0.021484375 0.021484375 
0 0.52734375 0.505859375 0.021484375 0.021484375 
0 0.416015625 0.6416015625 0.021484375 0.021484375 
0 0.6494140625 0.302734375 0.0234375 0.0234375 
1 0.546875 0.138671875 0.021484375 0.021484375 
0 0.462890625 0.1845703125 0.0224609375 0.0224609375 
0 0.484375 0.892578125 0.0224609375 0.0224609375 
0 0.55078125 0.451171875 0.021484375 0.021484375 
1 0.3662109375 0.2001953125 0.021484375 0.021484375 
0 0.5234375 0.75 0.021484375 0.021484375 
0 0.56640625 0.3798828125 0.021484375 0.021484375 
0 0.40234375 0.58984375 0.021484375 0.021484375 
1 0.486328125 0.5283203125 0.021484375 0.021484375 
1 0.3134765625 0.09375 0.021484375 0.021484375 
0 0.369140625 0.4169921875 0.021484375 0.021484375 
0 0.4951171875 0.474609375 0.0234375 0.0234375 
0 0.529296875 0.8349609375 0.01953125 0.01953125 
0 0.6005859375 0.0927734375 0.0234375 0.0234375 
0 0.548828125 0.529296875 0.021484375 0.021484375 
0 0.6513671875 0.337890625 0.0224609375 0.0224609375 
0 0.3505859375 0.2548828125 0.021484375 0.021484375 
0 0.421875 0.3701171875 0.021484375 0.021484375 
0 0.4375 0.779296875 0.01953125 0.01953125 
0 0.400390625 0.1484375 0.0234375 0.0234375 
0 0.5810546875 0.265625 0.0224609375 0.0224609375 
0 0.626953125 0.3388671875 0.0234375 0.0234375 
1 0.4677734375 0.5419921875 0.0224609375 0.0224609375 
0 0.3515625 0.1748046875 0.0234375 0.0234375 
0 0.599609375 0.4794921875 0.021484375 0.021484375 
0 0.517578125 0.564453125 0.0234375 0.0234375 
0 0.5 0.71875 0.021484375 0.021484375 
0 0.5908203125 0.5234375 0.021484375 0.021484375 
0 0.33203125 0.1640625 0.021484375 0.021484375 
0 0.6279296875 0.212890625 0.0224609375 0.0224609375 
0 0.62890625 0.3828125 0.021484375 0.021484375 
1 0.4599609375 0.509765625 0.0224609375 0.0224609375 
0 0.380859375 0.0927734375 0.021484375 0.021484375 
0 0.4326171875 0.681640625 0.0224609375 0.0224609375 
0 0.509765625 0.8623046875 0.0234375 0.0234375 
0 0.564453125 0.32421875 0.0234375 0.0234375 
0 0.4892578125 0.7998046875 0.025390625 0.025390625 
0 0.4482421875 0.3203125 0.021484375 0.021484375 
0 0.4658203125 0.0751953125 0.021484375 0.021484375 
1 0.5888671875 0.125 0.0224609375 0.0224609375 
1 0.548828125 0.716796875 0.0224609375 0.0224609375 
0 0.3544921875 0.3671875 0.021484375 0.021484375 
0 0.400390625 0.5029296875 0.021484375 0.021484375 
0 0.2890625 0.1044921875 0.021484375 0.021484375 
1 0.4150390625 0.0595703125 0.021484375 0.021484375 
0 0.5458984375 0.751953125 0.021484375 0.021484375 
1 0.5283203125 0.2587890625 0.021484375 0.021484375 
0 0.54296875 0.0556640625 0.021484375 0.021484375 
0 0.404296875 0.248046875 0.0234375 0.0234375 
1 0.27734375 0.07421875 0.0224609375 0.0224609375 
0 0.6962890625 0.091796875 0.021484375 0.021484375 
0 0.5048828125 0.802734375 0.021484375 0.021484375 
1 0.5859375 0.4921875 0.021484375 0.021484375 
0 0.623046875 0.2578125 0.021484375 0.021484375 
1 0.5244140625 0.71484375 0.021484375 0.021484375 
1 0.62109375 0.4814453125 0.021484375 0.021484375 
1 0.3291015625 0.1787109375 0.021484375 0.021484375 
0 0.3984375 0.5634765625 0.0234375 0.0234375 
0 0.529296875 0.853515625 0.0224609375 0.0224609375 
0 0.4453125 0.708984375 0.021484375 0.021484375 
0 0.6640625 0.287109375 0.0234375 0.0234375 
1 0.642578125 0.3701171875 0.021484375 0.021484375 
0 0.6083984375 0.544921875 0.021484375 0.021484375 
1 0.6435546875 0.04296875 0.021484375 0.021484375 
1 0.654296875 0.1142578125 0.021484375 0.021484375 
0 0.4296875 0.482421875 0.0234375 0.0234375 
1 0.5107421875 0.5029296875 0.021484375 0.021484375 
0 0.6220703125 0.0966796875 0.0234375 0.0234375 
0 0.6484375 0.2021484375 0.0234375 0.0234375 
0 0.484375 0.775390625 0.01953125 0.01953125 
0 0.4931640625 0.0703125 0.0234375 0.0234375 
0 0.6240234375 0.4462890625 0.021484375 0.021484375 
1 0.6689453125 0.1201171875 0.0224609375 0.0224609375 
0 0.5625 0.4619140625 0.021484375 0.021484375 
0 0.529296875 0.4130859375 0.0234375 0.0234375 
0 0.513671875 0.6748046875 0.0234375 0.0234375 
0 0.4765625 0.7158203125 0.0234375 0.0234375 
0 0.3603515625 0.150390625 0.021484375 0.021484375 
0 0.6484375 0.0849609375 0.0224609375 0.0224609375 
0 0.5185546875 0.2734375 0.021484375 0.021484375 
0 0.546875 0.2666015625 0.021484375 0.021484375 
0 0.6591796875 0.1796875 0.021484375 0.021484375 
0 0.421875 0.65625 0.0234375 0.0234375 
0 0.53125 0.529296875 0.0234375 0.0234375 
0 0.6884765625 0.1083984375 0.021484375 0.021484375 
0 0.3984375 0.609375 0.021484375 0.021484375 
0 0.4716796875 0.5751953125 0.0234375 0.0234375 
1 0.611328125 0.16015625 0.021484375 0.021484375 
0 0.4501953125 0.7421875 0.021484375 0.021484375 
0 0.5625 0.5888671875 0.021484375 0.021484375 
0 0.53515625 0.4501953125 0.0234375 0.0234375 
0 0.6484375 0.2197265625 0.021484375 0.021484375 
0 0.5712890625 0.505859375 0.021484375 0.021484375 
0 0.390625 0.123046875 0.0234375 0.0234375 
0 0.408203125 0.0322265625 0.021484375 0.021484375 
0 0.5693359375 0.7373046875 0.0234375 0.0234375 
0 0.537109375 0.0302734375 0.021484375 0.021484375 
0 0.5478515625 0.1123046875 0.021484375 0.021484375 
0 0.59375 0.349609375 0.021484375 0.021484375 
0 0.373046875 0.1162109375 0.0234375 0.0234375 
0 0.41015625 0.517578125 0.021484375 0.021484375 
0 0.5498046875 0.2021484375 0.0224609375 0.0224609375 
1 0.5771484375 0.62109375 0.021484375 0.021484375 
0 0.5927734375 0.44921875 0.021484375 0.021484375 
1 0.51171875 0.1513671875 0.021484375 0.021484375 
1 0.298828125 0.1640625 0.0224609375 0.0224609375 
0 0.5 0.6357421875 0.021484375 0.021484375 
0 0.6748046875 0.1591796875 0.0234375 0.0234375 
0 0.453125 0.8193359375 0.021484375 0.021484375 
1 0.45703125 0.4619140625 0.021484375 0.021484375 
0 0.5302734375 0.8896484375 0.0234375 0.0234375 
0 0.5087890625 0.888671875 0.0224609375 0.0224609375 
1 0.4599609375 0.7587890625 0.0234375 0.0234375 
0 0.3388671875 0.2236328125 0.0234375 0.0234375 
0 0.4501953125 0.0498046875 0.021484375 0.021484375 
0 0.5234375 0.4697265625 0.021484375 0.021484375 
1 0.57421875 0.4814453125 0.021484375 0.021484375 
1 0.669921875 0.2431640625 0.021484375 0.021484375 
0 0.4150390625 0.21484375 0.0234375 0.0234375 
0 0.4189453125 0.1455078125 0.0234375 0.0234375 
0 0.56640625 0.33984375 0.0234375 0.0234375 
0 0.541015625 0.240234375 0.0234375 0.0234375 
0 0.51171875 0.2119140625 0.0234375 0.0234375 
0 0.419921875 0.25390625 0.021484375 0.021484375 
0 0.6142578125 0.279296875 0.021484375 0.021484375 
0 0.3623046875 0.306640625 0.021484375 0.021484375 
0 0.4765625 0.8505859375 0.0224609375 0.0224609375 
0 0.412109375 0.275390625 0.0234375 0.0234375 
