0 0.4912109375 0.2744140625 0.021484375 0.021484375 
0 0.5869140625 0.1962890625 0.0234375 0.0234375 
0 0.568359375 0.66015625 0.021484375 0.021484375 
0 0.435546875 0.408203125 0.021484375 0.021484375 
0 0.52734375 0.5029296875 0.021484375 0.021484375 
1 0.5224609375 0.0654296875 0.0224609375 0.0224609375 
1 0.3974609375 0.361328125 0.021484375 0.021484375 
1 0.4677734375 0.8818359375 0.021484375 0.021484375 
0 0.5673828125 0.3251953125 0.0234375 0.0234375 
0 0.4462890625 0.1943359375 0.021484375 0.021484375 
0 0.4833984375 0.6103515625 0.0234375 0.0234375 
0 0.4765625 0.1953125 0.0234375 0.0234375 
0 0.5791015625 0.4833984375 0.0234375 0.0234375 
0 0.5810546875 0.318359375 0.0224609375 0.0224609375 
0 0.4521484375 0.0517578125 0.0234375 0.0234375 
0 0.5322265625 0.8583984375 0.0224609375 0.0224609375 
0 0.4814453125 0.8681640625 0.0234375 0.0234375 
1 0.2861328125 0.05078125 0.0224609375 0.0224609375 
0 0.2958984375 0.107421875 0.0224609375 0.0224609375 
0 0.6220703125 0.1103515625 0.0234375 0.0234375 
0 0.4677734375 0.5908203125 0.0224609375 0.0224609375 
0 0.6494140625 0.03125 0.0224609375 0.0224609375 
0 0.537109375 0.404296875 0.0234375 0.0234375 
0 0.5068359375 0.5087890625 0.0234375 0.0234375 
0 0.5390625 0.6865234375 0.021484375 0.021484375 
0 0.515625 0.283203125 0.021484375 0.021484375 
1 0.3974609375 0.4189453125 0.0224609375 0.0224609375 
1 0.5595703125 0.7626953125 0.021484375 0.021484375 
1 0.423828125 0.0400390625 0.0224609375 0.0224609375 
0 0.431640625 0.29296875 0.021484375 0.021484375 
0 0.55859375 0.0419921875 0.0224609375 0.0224609375 
0 0.59375 0.046875 0.0224609375 0.0224609375 
0 0.66015625 0.14453125 0.0234375 0.0234375 
0 0.4951171875 0.4716796875 0.0234375 0.0234375 
1 0.5380859375 0.5712890625 0.021484375 0.021484375 
0 0.44140625 0.224609375 0.021484375 0.021484375 
1 0.560546875 0.21484375 0.021484375 0.021484375 
1 0.5419921875 0.5107421875 0.021484375 0.021484375 
0 0.404296875 0.2890625 0.021484375 0.021484375 
0 0.671875 0.166015625 0.021484375 0.021484375 
0 0.423828125 0.6826171875 0.021484375 0.021484375 
0 0.5498046875 0.1552734375 0.0234375 0.0234375 
0 0.328125 0.1748046875 0.021484375 0.021484375 
1 0.642578125 0.126953125 0.021484375 0.021484375 
1 0.5068359375 0.203125 0.021484375 0.021484375 
0 0.541015625 0.169921875 0.021484375 0.021484375 
1 0.5732421875 0.5390625 0.0224609375 0.0224609375 
0 0.4150390625 0.1923828125 0.021484375 0.021484375 
0 0.5703125 0.1171875 0.021484375 0.021484375 
0 0.5263671875 0.7802734375 0.025390625 0.025390625 
0 0.5908203125 0.1669921875 0.0234375 0.0234375 
0 0.5595703125 0.525390625 0.0234375 0.0234375 
1 0.2919921875 0.134765625 0.021484375 0.021484375 
0 0.3916015625 0.396484375 0.021484375 0.021484375 
1 0.521484375 0.4619140625 0.0224609375 0.0224609375 
0 0.5546875 0.2783203125 0.0234375 0.0234375 
1 0.357421875 0.3955078125 0.0224609375 0.0224609375 
0 0.4150390625 0.056640625 0.0224609375 0.0224609375 
0 0.7099609375 0.0693359375 0.021484375 0.021484375 
1 0.4111328125 0.640625 0.0224609375 0.0224609375 
0 0.5 0.419921875 0.021484375 0.021484375 
0 0.4326171875 0.125 0.021484375 0.021484375 
0 0.505859375 0.1455078125 0.021484375 0.021484375 
0 0.3828125 0.451171875 0.021484375 0.021484375 
0 0.689453125 0.0478515625 0.0224609375 0.0224609375 
1 0.4873046875 0.732421875 0.021484375 0.021484375 
0 0.455078125 0.4921875 0.021484375 0.021484375 
1 0.68359375 0.0625 0.021484375 0.021484375 
0 0.46875 0.4033203125 0.021484375 0.021484375 
1 0.4130859375 0.3984375 0.021484375 0.021484375 
0 0.4462890625 0.65234375 0.0234375 0.0234375 
1 0.54296875 0.267578125 0.0224609375 0.0224609375 
0 0.4453125 0.318359375 0.021484375 0.021484375 
0 0.3486328125 0.2685546875 0.021484375 0.021484375 
1 0.431640625 0.70703125 0.0224609375 0.0224609375 
0 0.4697265625 0.818359375 0.021484375 0.021484375 
0 0.5673828125 0.736328125 0.0234375 0.0234375 
0 0.6416015625 0.2353515625 0.0234375 0.0234375 
0 0.6337890625 0.1640625 0.021484375 0.021484375 
0 0.3916015625 0.2705078125 0.021484375 0.021484375 
0 0.611328125 0.2890625 0.021484375 0.021484375 
0 0.5576171875 0.3740234375 0.0234375 0.0234375 
1 0.3916015625 0.37890625 0.021484375 0.021484375 
0 0.564453125 0.33984375 0.0234375 0.0234375 
0 0.5947265625 0.587890625 0.0234375 0.0234375 
0 0.376953125 0.263671875 0.0234375 0.0234375 
0 0.3955078125 0.5986328125 0.0224609375 0.0224609375 
1 0.4521484375 0.8408203125 0.0234375 0.0234375 
0 0.5390625 0.443359375 0.0234375 0.0234375 
0 0.630859375 0.42578125 0.021484375 0.021484375 
0 0.373046875 0.396484375 0.021484375 0.021484375 
0 0.412109375 0.23046875 0.021484375 0.021484375 
0 0.3681640625 0.140625 0.021484375 0.021484375 
0 0.5205078125 0.63671875 0.0234375 0.0234375 
0 0.6845703125 0.1279296875 0.021484375 0.021484375 
0 0.447265625 0.1552734375 0.0234375 0.0234375 
0 0.4619140625 0.24609375 0.0224609375 0.0224609375 
0 0.3876953125 0.435546875 0.0234375 0.0234375 
0 0.35546875 0.0810546875 0.0234375 0.0234375 
0 0.5791015625 0.453125 0.021484375 0.021484375 
1 0.587890625 0.1474609375 0.0224609375 0.0224609375 
1 0.509765625 0.748046875 0.021484375 0.021484375 
0 0.556640625 0.4150390625 0.021484375 0.021484375 
0 0.5478515625 0.3525390625 0.021484375 0.021484375 
0 0.4755859375 0.5078125 0.021484375 0.021484375 
0 0.4052734375 0.12890625 0.021484375 0.021484375 
0 0.51171875 0.0966796875 0.021484375 0.021484375 
0 0.642578125 0.3662109375 0.021484375 0.021484375 
0 0.6630859375 0.2666015625 0.0234375 0.0234375 
1 0.513671875 0.5908203125 0.0224609375 0.0224609375 
0 0.578125 0.1591796875 0.0224609375 0.0224609375 
1 0.3955078125 0.1064453125 0.021484375 0.021484375 
0 0.4189453125 0.5830078125 0.021484375 0.021484375 
0 0.451171875 0.6064453125 0.0224609375 0.0224609375 
0 0.4443359375 0.76953125 0.0234375 0.0234375 
0 0.3232421875 0.1552734375 0.021484375 0.021484375 
0 0.5546875 0.2392578125 0.021484375 0.021484375 
0 0.609375 0.5380859375 0.0234375 0.0234375 
0 0.515625 0.228515625 0.021484375 0.021484375 
0 0.3896484375 0.04296875 0.021484375 0.021484375 
0 0.546875 0.0302734375 0.0234375 0.0234375 
0 0.37109375 0.1083984375 0.0234375 0.0234375 
0 0.5458984375 0.5380859375 0.0234375 0.0234375 
0 0.30859375 0.205078125 0.021484375 0.021484375 
1 0.490234375 0.0947265625 0.021484375 0.021484375 
1 0.466796875 0.15234375 0.0224609375 0.0224609375 
0 0.3056640625 0.123046875 0.0224609375 0.0224609375 
0 0.5126953125 0.39453125 0.021484375 0.021484375 
0 0.5546875 0.654296875 0.021484375 0.021484375 
1 0.5986328125 0.5654296875 0.0224609375 0.0224609375 
0 0.599609375 0.5048828125 0.021484375 0.021484375 
1 0.55078125 0.4833984375 0.021484375 0.021484375 
0 0.5537109375 0.1875 0.021484375 0.021484375 
0 0.4326171875 0.5322265625 0.021484375 0.021484375 
1 0.515625 0.837890625 0.0234375 0.0234375 
0 0.330078125 0.2607421875 0.0234375 0.0234375 
0 0.5595703125 0.068359375 0.021484375 0.021484375 
0 0.4990234375 0.875 0.0224609375 0.0224609375 
0 0.5009765625 0.64453125 0.0234375 0.0234375 
0 0.3740234375 0.201171875 0.0224609375 0.0224609375 
0 0.5947265625 0.1025390625 0.021484375 0.021484375 
0 0.4296875 0.1982421875 0.0224609375 0.0224609375 
0 0.5625 0.4560546875 0.021484375 0.021484375 
0 0.501953125 0.791015625 0.025390625 0.025390625 
1 0.619140625 0.3408203125 0.021484375 0.021484375 
0 0.5380859375 0.744140625 0.0224609375 0.0224609375 
0 0.4052734375 0.1552734375 0.021484375 0.021484375 
0 0.423828125 0.3525390625 0.021484375 0.021484375 
0 0.3359375 0.0830078125 0.0234375 0.0234375 
0 0.4765625 0.6826171875 0.021484375 0.021484375 
0 0.6201171875 0.35546875 0.021484375 0.021484375 
0 0.548828125 0.78125 0.0224609375 0.0224609375 
1 0.466796875 0.119140625 0.021484375 0.021484375 
0 0.388671875 0.2998046875 0.0234375 0.0234375 
0 0.580078125 0.263671875 0.0234375 0.0234375 
0 0.341796875 0.04296875 0.021484375 0.021484375 
1 0.451171875 0.3447265625 0.021484375 0.021484375 
0 0.3779296875 0.2490234375 0.021484375 0.021484375 
1 0.4833984375 0.4423828125 0.0224609375 0.0224609375 
0 0.5234375 0.1298828125 0.021484375 0.021484375 
1 0.6123046875 0.435546875 0.021484375 0.021484375 
0 0.5498046875 0.615234375 0.021484375 0.021484375 
0 0.48046875 0.6357421875 0.0234375 0.0234375 
0 0.4580078125 0.63671875 0.0224609375 0.0224609375 
