0 0.59765625 0.037109375 0.021484375 0.021484375 
0 0.4267578125 0.10546875 0.0234375 0.0234375 
0 0.4287109375 0.13671875 0.021484375 0.021484375 
0 0.50390625 0.0341796875 0.021484375 0.021484375 
1 0.484375 0.0966796875 0.0224609375 0.0224609375 
1 0.5810546875 0.322265625 0.021484375 0.021484375 
0 0.4296875 0.12109375 0.021484375 0.021484375 
0 0.5322265625 0.578125 0.021484375 0.021484375 
0 0.4111328125 0.2041015625 0.021484375 0.021484375 
0 0.3642578125 0.287109375 0.0224609375 0.0224609375 
1 0.630859375 0.13671875 0.0224609375 0.0224609375 
1 0.466796875 0.873046875 0.021484375 0.021484375 
0 0.5576171875 0.0419921875 0.021484375 0.021484375 
1 0.4599609375 0.5888671875 0.021484375 0.021484375 
0 0.5478515625 0.1142578125 0.021484375 0.021484375 
0 0.5146484375 0.4833984375 0.0234375 0.0234375 
1 0.302734375 0.193359375 0.021484375 0.021484375 
1 0.4140625 0.5126953125 0.021484375 0.021484375 
0 0.53125 0.6845703125 0.0224609375 0.0224609375 
1 0.275390625 0.041015625 0.021484375 0.021484375 
0 0.5595703125 0.26953125 0.021484375 0.021484375 
0 0.55078125 0.12890625 0.021484375 0.021484375 
0 0.4580078125 0.8525390625 0.0234375 0.0234375 
0 0.490234375 0.169921875 0.021484375 0.021484375 
0 0.599609375 0.5888671875 0.021484375 0.021484375 
0 0.470703125 0.7158203125 0.021484375 0.021484375 
0 0.474609375 0.1455078125 0.021484375 0.021484375 
0 0.498046875 0.591796875 0.021484375 0.021484375 
0 0.5048828125 0.228515625 0.0234375 0.0234375 
0 0.61328125 0.2294921875 0.0224609375 0.0224609375 
1 0.65234375 0.265625 0.021484375 0.021484375 
0 0.560546875 0.51953125 0.0224609375 0.0224609375 
0 0.3271484375 0.0458984375 0.021484375 0.021484375 
0 0.5302734375 0.8916015625 0.0224609375 0.0224609375 
0 0.51171875 0.2119140625 0.0234375 0.0234375 
0 0.5908203125 0.158203125 0.021484375 0.021484375 
1 0.4765625 0.6337890625 0.0224609375 0.0224609375 
0 0.6943359375 0.056640625 0.021484375 0.021484375 
1 0.580078125 0.466796875 0.0224609375 0.0224609375 
0 0.3916015625 0.314453125 0.0224609375 0.0224609375 
0 0.447265625 0.7412109375 0.021484375 0.021484375 
0 0.65625 0.0986328125 0.021484375 0.021484375 
0 0.3759765625 0.3896484375 0.0234375 0.0234375 
0 0.5576171875 0.490234375 0.0234375 0.0234375 
0 0.4501953125 0.1494140625 0.0234375 0.0234375 
1 0.7021484375 0.0751953125 0.021484375 0.021484375 
0 0.4169921875 0.375 0.021484375 0.021484375 
0 0.5595703125 0.740234375 0.021484375 0.021484375 
0 0.3212890625 0.0888671875 0.0234375 0.0234375 
1 0.6611328125 0.310546875 0.0224609375 0.0224609375 
0 0.478515625 0.2607421875 0.021484375 0.021484375 
0 0.6318359375 0.3818359375 0.021484375 0.021484375 
1 0.50390625 0.453125 0.021484375 0.021484375 
0 0.5087890625 0.1298828125 0.0234375 0.0234375 
0 0.4951171875 0.62890625 0.0234375 0.0234375 
1 0.4287109375 0.4208984375 0.0224609375 0.0224609375 
0 0.564453125 0.314453125 0.0234375 0.0234375 
0 0.466796875 0.0478515625 0.021484375 0.021484375 
0 0.6669921875 0.21484375 0.0234375 0.0234375 
1 0.453125 0.033203125 0.0224609375 0.0224609375 
0 0.447265625 0.0576171875 0.021484375 0.021484375 
1 0.4052734375 0.1337890625 0.021484375 0.021484375 
0 0.3525390625 0.248046875 0.021484375 0.021484375 
0 0.4580078125 0.318359375 0.0234375 0.0234375 
1 0.55078125 0.3876953125 0.021484375 0.021484375 
0 0.60546875 0.3251953125 0.021484375 0.021484375 
0 0.564453125 0.6767578125 0.0224609375 0.0224609375 
0 0.548828125 0.7998046875 0.0234375 0.0234375 
0 0.36328125 0.06640625 0.021484375 0.021484375 
0 0.6103515625 0.287109375 0.021484375 0.021484375 
0 0.32421875 0.1455078125 0.021484375 0.021484375 
0 0.6923828125 0.123046875 0.021484375 0.021484375 
0 0.484375 0.1240234375 0.0224609375 0.0224609375 
0 0.62890625 0.40234375 0.0234375 0.0234375 
0 0.419921875 0.5849609375 0.021484375 0.021484375 
0 0.4345703125 0.59375 0.0234375 0.0234375 
0 0.390625 0.1123046875 0.021484375 0.021484375 
0 0.4013671875 0.591796875 0.0234375 0.0234375 
0 0.2998046875 0.1767578125 0.021484375 0.021484375 
0 0.546875 0.77734375 0.0234375 0.0234375 
0 0.3935546875 0.3369140625 0.021484375 0.021484375 
0 0.28125 0.083984375 0.021484375 0.021484375 
0 0.3955078125 0.4462890625 0.021484375 0.021484375 
1 0.6474609375 0.1455078125 0.021484375 0.021484375 
0 0.6123046875 0.3896484375 0.021484375 0.021484375 
0 0.4072265625 0.1689453125 0.021484375 0.021484375 
1 0.59765625 0.095703125 0.021484375 0.021484375 
1 0.5654296875 0.2998046875 0.021484375 0.021484375 
1 0.546875 0.5859375 0.021484375 0.021484375 
1 0.6142578125 0.439453125 0.0224609375 0.0224609375 
0 0.412109375 0.3544921875 0.0234375 0.0234375 
1 0.6015625 0.072265625 0.0224609375 0.0224609375 
0 0.533203125 0.5244140625 0.0224609375 0.0224609375 
0 0.626953125 0.2177734375 0.0224609375 0.0224609375 
0 0.6396484375 0.2275390625 0.021484375 0.021484375 
0 0.4677734375 0.8251953125 0.025390625 0.025390625 
1 0.380859375 0.185546875 0.021484375 0.021484375 
0 0.53125 0.85546875 0.021484375 0.021484375 
0 0.470703125 0.0888671875 0.021484375 0.021484375 
0 0.453125 0.693359375 0.0234375 0.0234375 
0 0.5615234375 0.455078125 0.021484375 0.021484375 
0 0.35546875 0.224609375 0.021484375 0.021484375 
0 0.4326171875 0.5576171875 0.0234375 0.0234375 
0 0.505859375 0.69921875 0.0224609375 0.0224609375 
1 0.578125 0.1953125 0.021484375 0.021484375 
0 0.5166015625 0.66796875 0.021484375 0.021484375 
1 0.529296875 0.443359375 0.021484375 0.021484375 
0 0.470703125 0.3369140625 0.0234375 0.0234375 
0 0.369140625 0.34375 0.021484375 0.021484375 
0 0.4931640625 0.2880859375 0.021484375 0.021484375 
0 0.4609375 0.810546875 0.0224609375 0.0224609375 
0 0.4716796875 0.2919921875 0.0234375 0.0234375 
0 0.673828125 0.1298828125 0.0234375 0.0234375 
0 0.474609375 0.234375 0.0234375 0.0234375 
0 0.46484375 0.5078125 0.021484375 0.021484375 
1 0.4130859375 0.12109375 0.021484375 0.021484375 
0 0.41015625 0.267578125 0.021484375 0.021484375 
0 0.33984375 0.3125 0.0224609375 0.0224609375 
0 0.5615234375 0.6396484375 0.021484375 0.021484375 
1 0.517578125 0.8798828125 0.021484375 0.021484375 
0 0.4072265625 0.4658203125 0.0234375 0.0234375 
0 0.4013671875 0.396484375 0.021484375 0.021484375 
0 0.291015625 0.0380859375 0.021484375 0.021484375 
0 0.46484375 0.212890625 0.021484375 0.021484375 
0 0.626953125 0.087890625 0.0234375 0.0234375 
0 0.462890625 0.55078125 0.0234375 0.0234375 
0 0.5380859375 0.6279296875 0.021484375 0.021484375 
1 0.5673828125 0.7548828125 0.0234375 0.0234375 
0 0.4931640625 0.3095703125 0.0224609375 0.0224609375 
0 0.5654296875 0.3291015625 0.0224609375 0.0224609375 
0 0.6025390625 0.1689453125 0.021484375 0.021484375 
0 0.3251953125 0.279296875 0.021484375 0.021484375 
0 0.666015625 0.033203125 0.0234375 0.0234375 
1 0.4580078125 0.7255859375 0.0224609375 0.0224609375 
0 0.3134765625 0.1650390625 0.0234375 0.0234375 
0 0.62890625 0.17578125 0.0234375 0.0234375 
1 0.306640625 0.083984375 0.021484375 0.021484375 
0 0.525390625 0.36328125 0.021484375 0.021484375 
0 0.40234375 0.5029296875 0.0234375 0.0234375 
0 0.3984375 0.56640625 0.0224609375 0.0224609375 
0 0.6181640625 0.1962890625 0.021484375 0.021484375 
0 0.34375 0.28515625 0.0234375 0.0234375 
0 0.3720703125 0.0517578125 0.021484375 0.021484375 
0 0.474609375 0.6015625 0.021484375 0.021484375 
1 0.2958984375 0.1005859375 0.0224609375 0.0224609375 
0 0.5107421875 0.2626953125 0.0224609375 0.0224609375 
0 0.5751953125 0.625 0.021484375 0.021484375 
0 0.6435546875 0.294921875 0.021484375 0.021484375 
0 0.41796875 0.3076171875 0.0234375 0.0234375 
0 0.5927734375 0.283203125 0.021484375 0.021484375 
0 0.5146484375 0.6328125 0.021484375 0.021484375 
0 0.4794921875 0.7578125 0.01953125 0.01953125 
0 0.5 0.1455078125 0.0234375 0.0234375 
0 0.369140625 0.43359375 0.021484375 0.021484375 
0 0.4990234375 0.79296875 0.01953125 0.01953125 
0 0.5634765625 0.693359375 0.0234375 0.0234375 
0 0.3623046875 0.3076171875 0.021484375 0.021484375 
0 0.484375 0.4267578125 0.021484375 0.021484375 
0 0.564453125 0.3564453125 0.0234375 0.0234375 
1 0.5556640625 0.09765625 0.021484375 0.021484375 
