0 0.486328125 0.7744140625 0.025390625 0.025390625 
0 0.5595703125 0.423828125 0.021484375 0.021484375 
1 0.6103515625 0.2265625 0.021484375 0.021484375 
0 0.5830078125 0.4423828125 0.0234375 0.0234375 
1 0.6826171875 0.0703125 0.021484375 0.021484375 
0 0.4990234375 0.509765625 0.021484375 0.021484375 
0 0.595703125 0.4130859375 0.0224609375 0.0224609375 
0 0.3564453125 0.126953125 0.0234375 0.0234375 
0 0.494140625 0.03515625 0.0234375 0.0234375 
0 0.5478515625 0.6396484375 0.021484375 0.021484375 
0 0.4765625 0.80078125 0.01953125 0.01953125 
1 0.3701171875 0.0771484375 0.021484375 0.021484375 
0 0.453125 0.65625 0.0224609375 0.0224609375 
0 0.388671875 0.0546875 0.0234375 0.0234375 
0 0.40625 0.53125 0.0234375 0.0234375 
0 0.591796875 0.3720703125 0.0234375 0.0234375 
0 0.5712890625 0.552734375 0.021484375 0.021484375 
0 0.6787109375 0.03515625 0.021484375 0.021484375 
0 0.4755859375 0.453125 0.021484375 0.021484375 
0 0.5947265625 0.072265625 0.0234375 0.0234375 
0 0.6748046875 0.21484375 0.021484375 0.021484375 
0 0.32421875 0.142578125 0.0224609375 0.0224609375 
0 0.5283203125 0.5224609375 0.0234375 0.0234375 
1 0.521484375 0.2705078125 0.021484375 0.021484375 
0 0.521484375 0.412109375 0.021484375 0.021484375 
0 0.46484375 0.177734375 0.0234375 0.0234375 
0 0.501953125 0.2109375 0.0234375 0.0234375 
0 0.4404296875 0.3056640625 0.0234375 0.0234375 
0 0.3203125 0.251953125 0.021484375 0.021484375 
0 0.6337890625 0.333984375 0.0234375 0.0234375 
0 0.6044921875 0.5205078125 0.0234375 0.0234375 
0 0.5087890625 0.044921875 0.0234375 0.0234375 
0 0.6513671875 0.208984375 0.021484375 0.021484375 
0 0.4130859375 0.4453125 0.021484375 0.021484375 
0 0.6103515625 0.140625 0.0234375 0.0234375 
0 0.517578125 0.158203125 0.021484375 0.021484375 
0 0.328125 0.123046875 0.021484375 0.021484375 
0 0.4541015625 0.140625 0.0234375 0.0234375 
0 0.404296875 0.0400390625 0.021484375 0.021484375 
0 0.53125 0.2080078125 0.0234375 0.0234375 
0 0.5517578125 0.12890625 0.0234375 0.0234375 
0 0.7060546875 0.07421875 0.0234375 0.0234375 
0 0.474609375 0.6181640625 0.0234375 0.0234375 
0 0.447265625 0.6826171875 0.021484375 0.021484375 
1 0.4462890625 0.484375 0.0224609375 0.0224609375 
0 0.6171875 0.2021484375 0.021484375 0.021484375 
0 0.3486328125 0.349609375 0.021484375 0.021484375 
0 0.6357421875 0.185546875 0.021484375 0.021484375 
1 0.37109375 0.240234375 0.021484375 0.021484375 
1 0.404296875 0.2353515625 0.0224609375 0.0224609375 
0 0.4658203125 0.3369140625 0.021484375 0.021484375 
0 0.5302734375 0.767578125 0.01953125 0.01953125 
0 0.5009765625 0.7890625 0.021484375 0.021484375 
0 0.529296875 0.8798828125 0.0224609375 0.0224609375 
1 0.3984375 0.1142578125 0.0224609375 0.0224609375 
1 0.4384765625 0.412109375 0.0224609375 0.0224609375 
0 0.599609375 0.345703125 0.021484375 0.021484375 
0 0.4384765625 0.703125 0.021484375 0.021484375 
0 0.3955078125 0.4951171875 0.0234375 0.0234375 
0 0.302734375 0.0634765625 0.021484375 0.021484375 
1 0.58984375 0.251953125 0.0224609375 0.0224609375 
0 0.60546875 0.173828125 0.0224609375 0.0224609375 
0 0.685546875 0.1787109375 0.0234375 0.0234375 
0 0.544921875 0.3017578125 0.0234375 0.0234375 
1 0.44921875 0.5859375 0.021484375 0.021484375 
0 0.3720703125 0.1552734375 0.021484375 0.021484375 
1 0.33984375 0.1474609375 0.021484375 0.021484375 
0 0.533203125 0.15625 0.0224609375 0.0224609375 
0 0.419921875 0.0654296875 0.021484375 0.021484375 
0 0.4453125 0.11328125 0.0234375 0.0234375 
0 0.5009765625 0.0732421875 0.0234375 0.0234375 
0 0.6640625 0.111328125 0.021484375 0.021484375 
0 0.65234375 0.326171875 0.021484375 0.021484375 
0 0.505859375 0.33203125 0.021484375 0.021484375 
0 0.2958984375 0.1396484375 0.0234375 0.0234375 
0 0.4150390625 0.369140625 0.021484375 0.021484375 
0 0.357421875 0.0361328125 0.021484375 0.021484375 
0 0.5283203125 0.810546875 0.0234375 0.0234375 
0 0.5439453125 0.2578125 0.0234375 0.0234375 
0 0.537109375 0.4580078125 0.021484375 0.021484375 
0 0.341796875 0.068359375 0.0234375 0.0234375 
0 0.3916015625 0.2783203125 0.0234375 0.0234375 
1 0.4697265625 0.1630859375 0.021484375 0.021484375 
0 0.5341796875 0.283203125 0.021484375 0.021484375 
0 0.6865234375 0.09375 0.021484375 0.021484375 
0 0.5703125 0.701171875 0.0234375 0.0234375 
0 0.458984375 0.41015625 0.021484375 0.021484375 
