1 0.4580078125 0.6240234375 0.021484375 0.021484375 
0 0.298828125 0.0498046875 0.021484375 0.021484375 
0 0.4619140625 0.4638671875 0.021484375 0.021484375 
0 0.3271484375 0.1787109375 0.021484375 0.021484375 
0 0.4443359375 0.0478515625 0.0234375 0.0234375 
1 0.5498046875 0.28515625 0.021484375 0.021484375 
0 0.4912109375 0.5185546875 0.0234375 0.0234375 
1 0.5439453125 0.4453125 0.021484375 0.021484375 
0 0.4814453125 0.6591796875 0.0234375 0.0234375 
0 0.451171875 0.5810546875 0.021484375 0.021484375 
0 0.419921875 0.041015625 0.0224609375 0.0224609375 
1 0.349609375 0.2958984375 0.0224609375 0.0224609375 
0 0.5107421875 0.328125 0.021484375 0.021484375 
0 0.5654296875 0.6328125 0.0224609375 0.0224609375 
0 0.3671875 0.22265625 0.0234375 0.0234375 
0 0.470703125 0.4443359375 0.021484375 0.021484375 
1 0.5322265625 0.16015625 0.021484375 0.021484375 
0 0.421875 0.2548828125 0.021484375 0.021484375 
0 0.3408203125 0.1240234375 0.0234375 0.0234375 
0 0.4814453125 0.0302734375 0.0234375 0.0234375 
0 0.517578125 0.654296875 0.0224609375 0.0224609375 
1 0.41015625 0.5888671875 0.021484375 0.021484375 
0 0.5234375 0.46875 0.0224609375 0.0224609375 
0 0.41796875 0.3212890625 0.021484375 0.021484375 
0 0.5263671875 0.716796875 0.0234375 0.0234375 
0 0.5654296875 0.478515625 0.021484375 0.021484375 
1 0.421875 0.6591796875 0.021484375 0.021484375 
0 0.4736328125 0.71484375 0.021484375 0.021484375 
0 0.5908203125 0.3388671875 0.0234375 0.0234375 
0 0.42578125 0.337890625 0.021484375 0.021484375 
0 0.4755859375 0.2529296875 0.0224609375 0.0224609375 
0 0.5234375 0.640625 0.0234375 0.0234375 
0 0.5244140625 0.361328125 0.021484375 0.021484375 
1 0.3837890625 0.380859375 0.021484375 0.021484375 
0 0.5673828125 0.6708984375 0.0224609375 0.0224609375 
1 0.501953125 0.2880859375 0.021484375 0.021484375 
0 0.5439453125 0.642578125 0.021484375 0.021484375 
0 0.6083984375 0.541015625 0.0234375 0.0234375 
0 0.529296875 0.0537109375 0.021484375 0.021484375 
0 0.525390625 0.5205078125 0.0224609375 0.0224609375 
0 0.47265625 0.890625 0.021484375 0.021484375 
1 0.5205078125 0.548828125 0.0224609375 0.0224609375 
0 0.5517578125 0.462890625 0.0234375 0.0234375 
0 0.6064453125 0.4501953125 0.0234375 0.0234375 
0 0.51171875 0.6240234375 0.021484375 0.021484375 
1 0.3154296875 0.07421875 0.021484375 0.021484375 
0 0.564453125 0.42578125 0.0234375 0.0234375 
1 0.3486328125 0.357421875 0.021484375 0.021484375 
0 0.6689453125 0.2705078125 0.0234375 0.0234375 
0 0.380859375 0.19921875 0.0234375 0.0234375 
0 0.4130859375 0.2880859375 0.0234375 0.0234375 
0 0.4013671875 0.1474609375 0.0224609375 0.0224609375 
0 0.599609375 0.0419921875 0.021484375 0.021484375 
0 0.478515625 0.853515625 0.01953125 0.01953125 
0 0.4921875 0.3115234375 0.021484375 0.021484375 
0 0.5087890625 0.45703125 0.021484375 0.021484375 
0 0.646484375 0.29296875 0.0234375 0.0234375 
0 0.5234375 0.0341796875 0.021484375 0.021484375 
1 0.4462890625 0.7353515625 0.021484375 0.021484375 
0 0.4169921875 0.3525390625 0.021484375 0.021484375 
0 0.470703125 0.7392578125 0.021484375 0.021484375 
0 0.55859375 0.77734375 0.0234375 0.0234375 
1 0.56640625 0.3974609375 0.021484375 0.021484375 
0 0.6083984375 0.470703125 0.0234375 0.0234375 
1 0.5126953125 0.7060546875 0.021484375 0.021484375 
0 0.6630859375 0.1640625 0.021484375 0.021484375 
0 0.4951171875 0.34765625 0.0234375 0.0234375 
0 0.4404296875 0.416015625 0.021484375 0.021484375 
1 0.4111328125 0.482421875 0.021484375 0.021484375 
1 0.5126953125 0.830078125 0.0234375 0.0234375 
0 0.6650390625 0.080078125 0.0234375 0.0234375 
1 0.4140625 0.3857421875 0.0224609375 0.0224609375 
0 0.53125 0.2744140625 0.021484375 0.021484375 
0 0.46484375 0.8076171875 0.0234375 0.0234375 
0 0.419921875 0.697265625 0.0224609375 0.0224609375 
0 0.443359375 0.443359375 0.0234375 0.0234375 
0 0.337890625 0.26171875 0.0234375 0.0234375 
0 0.3154296875 0.1259765625 0.0234375 0.0234375 
0 0.65625 0.228515625 0.021484375 0.021484375 
1 0.6044921875 0.4931640625 0.021484375 0.021484375 
0 0.4501953125 0.248046875 0.021484375 0.021484375 
0 0.43359375 0.21484375 0.021484375 0.021484375 
0 0.474609375 0.626953125 0.0224609375 0.0224609375 
0 0.537109375 0.509765625 0.0234375 0.0234375 
0 0.6123046875 0.2744140625 0.021484375 0.021484375 
0 0.44140625 0.09375 0.0234375 0.0234375 
0 0.44921875 0.8046875 0.0224609375 0.0224609375 
0 0.5380859375 0.5419921875 0.0224609375 0.0224609375 
0 0.5068359375 0.6083984375 0.021484375 0.021484375 
1 0.6025390625 0.208984375 0.021484375 0.021484375 
0 0.4794921875 0.837890625 0.01953125 0.01953125 
0 0.513671875 0.533203125 0.021484375 0.021484375 
0 0.5791015625 0.626953125 0.0224609375 0.0224609375 
1 0.3955078125 0.3984375 0.0224609375 0.0224609375 
0 0.4541015625 0.328125 0.021484375 0.021484375 
0 0.38671875 0.0771484375 0.021484375 0.021484375 
0 0.5009765625 0.73828125 0.0234375 0.0234375 
0 0.5791015625 0.5595703125 0.021484375 0.021484375 
0 0.642578125 0.314453125 0.021484375 0.021484375 
1 0.4365234375 0.115234375 0.0224609375 0.0224609375 
1 0.44140625 0.134765625 0.021484375 0.021484375 
1 0.33203125 0.091796875 0.0224609375 0.0224609375 
1 0.4140625 0.1845703125 0.021484375 0.021484375 
1 0.587890625 0.2412109375 0.0224609375 0.0224609375 
0 0.576171875 0.1982421875 0.0234375 0.0234375 
0 0.556640625 0.1904296875 0.021484375 0.021484375 
1 0.650390625 0.2705078125 0.021484375 0.021484375 
0 0.3837890625 0.2900390625 0.021484375 0.021484375 
0 0.65625 0.1318359375 0.0234375 0.0234375 
