0 0.501953125 0.1767578125 0.021484375 0.021484375 
0 0.388671875 0.421875 0.021484375 0.021484375 
1 0.4111328125 0.28125 0.0224609375 0.0224609375 
1 0.4580078125 0.310546875 0.021484375 0.021484375 
1 0.41796875 0.453125 0.021484375 0.021484375 
0 0.5732421875 0.4970703125 0.021484375 0.021484375 
0 0.55078125 0.35546875 0.021484375 0.021484375 
0 0.693359375 0.146484375 0.021484375 0.021484375 
0 0.5458984375 0.677734375 0.021484375 0.021484375 
0 0.580078125 0.3115234375 0.021484375 0.021484375 
0 0.453125 0.7314453125 0.021484375 0.021484375 
1 0.5234375 0.3720703125 0.021484375 0.021484375 
0 0.6240234375 0.45703125 0.021484375 0.021484375 
1 0.501953125 0.5947265625 0.021484375 0.021484375 
0 0.4296875 0.6396484375 0.021484375 0.021484375 
0 0.5478515625 0.140625 0.021484375 0.021484375 
1 0.375 0.3935546875 0.0224609375 0.0224609375 
0 0.3720703125 0.2255859375 0.021484375 0.021484375 
0 0.505859375 0.734375 0.021484375 0.021484375 
1 0.5390625 0.3212890625 0.021484375 0.021484375 
0 0.5966796875 0.162109375 0.021484375 0.021484375 
1 0.525390625 0.8583984375 0.021484375 0.021484375 
0 0.43359375 0.103515625 0.021484375 0.021484375 
0 0.578125 0.2099609375 0.021484375 0.021484375 
0 0.3984375 0.1943359375 0.0234375 0.0234375 
0 0.65234375 0.0625 0.021484375 0.021484375 
1 0.58203125 0.15234375 0.021484375 0.021484375 
0 0.5693359375 0.7158203125 0.0234375 0.0234375 
0 0.4716796875 0.302734375 0.0234375 0.0234375 
0 0.6083984375 0.501953125 0.021484375 0.021484375 
0 0.3857421875 0.0732421875 0.0224609375 0.0224609375 
0 0.453125 0.1884765625 0.0224609375 0.0224609375 
0 0.423828125 0.6943359375 0.021484375 0.021484375 
0 0.4375 0.5283203125 0.0234375 0.0234375 
0 0.5986328125 0.2509765625 0.021484375 0.021484375 
0 0.5234375 0.71484375 0.0234375 0.0234375 
0 0.494140625 0.3125 0.021484375 0.021484375 
0 0.5654296875 0.59765625 0.021484375 0.021484375 
0 0.369140625 0.1669921875 0.021484375 0.021484375 
0 0.423828125 0.4072265625 0.0224609375 0.0224609375 
0 0.6025390625 0.3125 0.0224609375 0.0224609375 
0 0.482421875 0.1435546875 0.021484375 0.021484375 
0 0.451171875 0.080078125 0.0234375 0.0234375 
1 0.3466796875 0.1884765625 0.021484375 0.021484375 
0 0.533203125 0.46484375 0.021484375 0.021484375 
0 0.67578125 0.119140625 0.021484375 0.021484375 
0 0.310546875 0.1416015625 0.021484375 0.021484375 
1 0.548828125 0.568359375 0.021484375 0.021484375 
0 0.41796875 0.111328125 0.0234375 0.0234375 
1 0.5419921875 0.4013671875 0.021484375 0.021484375 
0 0.5498046875 0.8232421875 0.0224609375 0.0224609375 
0 0.5126953125 0.533203125 0.0234375 0.0234375 
0 0.6611328125 0.1357421875 0.0224609375 0.0224609375 
0 0.53125 0.244140625 0.0234375 0.0234375 
0 0.294921875 0.03125 0.021484375 0.021484375 
0 0.41796875 0.32421875 0.0234375 0.0234375 
0 0.484375 0.453125 0.0234375 0.0234375 
0 0.509765625 0.2685546875 0.0224609375 0.0224609375 
0 0.4482421875 0.580078125 0.0224609375 0.0224609375 
0 0.37890625 0.318359375 0.0224609375 0.0224609375 
0 0.4755859375 0.2724609375 0.0234375 0.0234375 
0 0.4560546875 0.1376953125 0.021484375 0.021484375 
0 0.3603515625 0.2939453125 0.021484375 0.021484375 
0 0.3837890625 0.4404296875 0.0234375 0.0234375 
0 0.537109375 0.55859375 0.0234375 0.0234375 
0 0.439453125 0.501953125 0.021484375 0.021484375 
0 0.6064453125 0.556640625 0.021484375 0.021484375 
0 0.408203125 0.134765625 0.0224609375 0.0224609375 
0 0.5126953125 0.2197265625 0.021484375 0.021484375 
0 0.451171875 0.658203125 0.0234375 0.0234375 
1 0.4140625 0.638671875 0.0224609375 0.0224609375 
0 0.4501953125 0.615234375 0.021484375 0.021484375 
0 0.361328125 0.37890625 0.0224609375 0.0224609375 
0 0.4697265625 0.0341796875 0.0234375 0.0234375 
0 0.48828125 0.0595703125 0.021484375 0.021484375 
0 0.51953125 0.1298828125 0.0234375 0.0234375 
0 0.439453125 0.056640625 0.021484375 0.021484375 
1 0.61328125 0.271484375 0.021484375 0.021484375 
1 0.6025390625 0.5263671875 0.021484375 0.021484375 
0 0.599609375 0.4658203125 0.0234375 0.0234375 
0 0.4228515625 0.3564453125 0.0234375 0.0234375 
0 0.5244140625 0.0654296875 0.021484375 0.021484375 
0 0.490234375 0.84765625 0.0224609375 0.0224609375 
0 0.4619140625 0.5986328125 0.021484375 0.021484375 
0 0.5771484375 0.3740234375 0.021484375 0.021484375 
0 0.6005859375 0.37890625 0.021484375 0.021484375 
0 0.6533203125 0.1484375 0.021484375 0.021484375 
0 0.498046875 0.80859375 0.0224609375 0.0224609375 
0 0.375 0.2861328125 0.021484375 0.021484375 
0 0.419921875 0.20703125 0.021484375 0.021484375 
0 0.548828125 0.734375 0.021484375 0.021484375 
0 0.392578125 0.396484375 0.0234375 0.0234375 
1 0.55859375 0.1533203125 0.0224609375 0.0224609375 
0 0.50390625 0.44921875 0.0234375 0.0234375 
0 0.48046875 0.078125 0.0224609375 0.0224609375 
0 0.4609375 0.2763671875 0.0234375 0.0234375 
0 0.5498046875 0.0537109375 0.0224609375 0.0224609375 
0 0.4765625 0.21484375 0.021484375 0.021484375 
0 0.48828125 0.6435546875 0.0234375 0.0234375 
1 0.4443359375 0.2109375 0.0224609375 0.0224609375 
0 0.5595703125 0.6181640625 0.0224609375 0.0224609375 
0 0.279296875 0.048828125 0.0224609375 0.0224609375 
1 0.5439453125 0.693359375 0.021484375 0.021484375 
0 0.345703125 0.134765625 0.021484375 0.021484375 
0 0.6787109375 0.03515625 0.021484375 0.021484375 
0 0.5205078125 0.5869140625 0.021484375 0.021484375 
0 0.3125 0.09375 0.021484375 0.021484375 
0 0.46484375 0.1015625 0.0234375 0.0234375 
0 0.4072265625 0.0810546875 0.021484375 0.021484375 
0 0.591796875 0.51171875 0.0234375 0.0234375 
0 0.5703125 0.349609375 0.0234375 0.0234375 
0 0.5732421875 0.5517578125 0.0224609375 0.0224609375 
0 0.5537109375 0.3125 0.021484375 0.021484375 
0 0.630859375 0.1044921875 0.0234375 0.0234375 
0 0.666015625 0.072265625 0.021484375 0.021484375 
1 0.3173828125 0.123046875 0.021484375 0.021484375 
0 0.5107421875 0.46875 0.0234375 0.0234375 
0 0.474609375 0.6591796875 0.021484375 0.021484375 
0 0.3642578125 0.189453125 0.021484375 0.021484375 
1 0.43359375 0.3740234375 0.0224609375 0.0224609375 
1 0.4033203125 0.517578125 0.0224609375 0.0224609375 
0 0.666015625 0.169921875 0.0234375 0.0234375 
1 0.46875 0.75 0.0224609375 0.0224609375 
0 0.3671875 0.2412109375 0.021484375 0.021484375 
0 0.498046875 0.658203125 0.0234375 0.0234375 
0 0.7001953125 0.0751953125 0.021484375 0.021484375 
0 0.60546875 0.1396484375 0.021484375 0.021484375 
0 0.361328125 0.0361328125 0.021484375 0.021484375 
0 0.564453125 0.6328125 0.0234375 0.0234375 
1 0.505859375 0.5771484375 0.021484375 0.021484375 
1 0.412109375 0.390625 0.021484375 0.021484375 
0 0.482421875 0.3466796875 0.021484375 0.021484375 
0 0.5810546875 0.4501953125 0.0234375 0.0234375 
1 0.337890625 0.1171875 0.021484375 0.021484375 
0 0.4560546875 0.7861328125 0.01953125 0.01953125 
0 0.373046875 0.451171875 0.021484375 0.021484375 
0 0.607421875 0.083984375 0.0234375 0.0234375 
1 0.5751953125 0.4111328125 0.021484375 0.021484375 
1 0.564453125 0.4443359375 0.0224609375 0.0224609375 
0 0.4052734375 0.1728515625 0.021484375 0.021484375 
1 0.283203125 0.1044921875 0.021484375 0.021484375 
0 0.521484375 0.0966796875 0.0234375 0.0234375 
0 0.5361328125 0.283203125 0.021484375 0.021484375 
1 0.478515625 0.67578125 0.021484375 0.021484375 
0 0.4287109375 0.291015625 0.0234375 0.0234375 
0 0.3359375 0.076171875 0.021484375 0.021484375 
0 0.3994140625 0.06640625 0.0224609375 0.0224609375 
0 0.5703125 0.0908203125 0.0224609375 0.0224609375 
0 0.337890625 0.2119140625 0.0234375 0.0234375 
0 0.6552734375 0.341796875 0.0234375 0.0234375 
1 0.6640625 0.2666015625 0.021484375 0.021484375 
0 0.638671875 0.3349609375 0.021484375 0.021484375 
0 0.5634765625 0.1181640625 0.021484375 0.021484375 
0 0.333984375 0.2314453125 0.021484375 0.021484375 
0 0.396484375 0.251953125 0.021484375 0.021484375 
0 0.5693359375 0.041015625 0.0234375 0.0234375 
0 0.4521484375 0.341796875 0.021484375 0.021484375 
0 0.4833984375 0.404296875 0.021484375 0.021484375 
0 0.5791015625 0.642578125 0.021484375 0.021484375 
1 0.494140625 0.6845703125 0.0224609375 0.0224609375 
0 0.5546875 0.5078125 0.021484375 0.021484375 
0 0.57421875 0.4794921875 0.021484375 0.021484375 
1 0.482421875 0.1904296875 0.0224609375 0.0224609375 
0 0.439453125 0.7685546875 0.021484375 0.021484375 
0 0.3759765625 0.203125 0.0234375 0.0234375 
0 0.62109375 0.4794921875 0.021484375 0.021484375 
1 0.3974609375 0.3486328125 0.0224609375 0.0224609375 
0 0.533203125 0.1787109375 0.0234375 0.0234375 
0 0.3916015625 0.0908203125 0.0234375 0.0234375 
0 0.4677734375 0.615234375 0.021484375 0.021484375 
0 0.5908203125 0.607421875 0.021484375 0.021484375 
1 0.55859375 0.76953125 0.021484375 0.021484375 
0 0.5224609375 0.482421875 0.021484375 0.021484375 
1 0.53515625 0.1552734375 0.021484375 0.021484375 
0 0.48046875 0.4970703125 0.0234375 0.0234375 
1 0.4990234375 0.478515625 0.021484375 0.021484375 
0 0.349609375 0.1728515625 0.021484375 0.021484375 
0 0.5009765625 0.3486328125 0.0234375 0.0234375 
0 0.6376953125 0.189453125 0.021484375 0.021484375 
0 0.517578125 0.80078125 0.01953125 0.01953125 
1 0.619140625 0.3212890625 0.021484375 0.021484375 
0 0.5830078125 0.052734375 0.021484375 0.021484375 
0 0.451171875 0.5341796875 0.0224609375 0.0224609375 
1 0.5146484375 0.3193359375 0.021484375 0.021484375 
0 0.42578125 0.5380859375 0.021484375 0.021484375 
0 0.46484375 0.19921875 0.021484375 0.021484375 
0 0.4951171875 0.89453125 0.0224609375 0.0224609375 
0 0.5517578125 0.52734375 0.0234375 0.0234375 
