0 0.4873046875 0.73046875 0.0234375 0.0234375 
0 0.359375 0.4013671875 0.021484375 0.021484375 
1 0.609375 0.083984375 0.021484375 0.021484375 
0 0.4765625 0.4501953125 0.021484375 0.021484375 
1 0.49609375 0.7451171875 0.021484375 0.021484375 
0 0.36328125 0.259765625 0.021484375 0.021484375 
1 0.4951171875 0.5517578125 0.0224609375 0.0224609375 
0 0.6435546875 0.3876953125 0.0234375 0.0234375 
0 0.455078125 0.228515625 0.021484375 0.021484375 
0 0.5908203125 0.1015625 0.021484375 0.021484375 
0 0.33203125 0.08984375 0.0234375 0.0234375 
0 0.3447265625 0.375 0.0234375 0.0234375 
0 0.50390625 0.59375 0.0234375 0.0234375 
0 0.603515625 0.142578125 0.021484375 0.021484375 
0 0.5029296875 0.5146484375 0.0224609375 0.0224609375 
0 0.4287109375 0.7412109375 0.0224609375 0.0224609375 
0 0.431640625 0.302734375 0.0234375 0.0234375 
1 0.4208984375 0.0849609375 0.0224609375 0.0224609375 
0 0.5693359375 0.4921875 0.021484375 0.021484375 
1 0.4560546875 0.8271484375 0.021484375 0.021484375 
0 0.4755859375 0.544921875 0.021484375 0.021484375 
0 0.517578125 0.44921875 0.021484375 0.021484375 
0 0.51953125 0.03515625 0.0234375 0.0234375 
0 0.5576171875 0.25390625 0.0224609375 0.0224609375 
1 0.5234375 0.8974609375 0.021484375 0.021484375 
1 0.654296875 0.28515625 0.021484375 0.021484375 
0 0.490234375 0.466796875 0.021484375 0.021484375 
0 0.35546875 0.31640625 0.021484375 0.021484375 
0 0.46484375 0.150390625 0.021484375 0.021484375 
1 0.5322265625 0.3017578125 0.021484375 0.021484375 
0 0.3359375 0.044921875 0.0224609375 0.0224609375 
0 0.6171875 0.30078125 0.0224609375 0.0224609375 
0 0.3994140625 0.0947265625 0.0234375 0.0234375 
0 0.4453125 0.685546875 0.0234375 0.0234375 
0 0.318359375 0.1640625 0.0234375 0.0234375 
0 0.615234375 0.3515625 0.021484375 0.021484375 
1 0.6767578125 0.0380859375 0.021484375 0.021484375 
0 0.439453125 0.3271484375 0.021484375 0.021484375 
0 0.4228515625 0.5966796875 0.021484375 0.021484375 
0 0.6123046875 0.185546875 0.021484375 0.021484375 
0 0.509765625 0.8671875 0.0224609375 0.0224609375 
0 0.5166015625 0.5 0.0224609375 0.0224609375 
0 0.59375 0.3427734375 0.021484375 0.021484375 
0 0.5859375 0.0576171875 0.021484375 0.021484375 
1 0.5458984375 0.41796875 0.021484375 0.021484375 
0 0.466796875 0.3330078125 0.021484375 0.021484375 
1 0.5771484375 0.115234375 0.021484375 0.021484375 
0 0.6357421875 0.265625 0.021484375 0.021484375 
0 0.4423828125 0.6142578125 0.021484375 0.021484375 
1 0.595703125 0.302734375 0.0224609375 0.0224609375 
0 0.6328125 0.408203125 0.0234375 0.0234375 
0 0.56640625 0.384765625 0.021484375 0.021484375 
1 0.658203125 0.2578125 0.0224609375 0.0224609375 
1 0.431640625 0.2802734375 0.021484375 0.021484375 
0 0.666015625 0.076171875 0.021484375 0.021484375 
1 0.4619140625 0.076171875 0.021484375 0.021484375 
0 0.29296875 0.052734375 0.021484375 0.021484375 
0 0.3916015625 0.392578125 0.021484375 0.021484375 
0 0.3212890625 0.0322265625 0.0224609375 0.0224609375 
0 0.5205078125 0.6923828125 0.021484375 0.021484375 
0 0.537109375 0.4853515625 0.021484375 0.021484375 
1 0.6064453125 0.4462890625 0.021484375 0.021484375 
1 0.376953125 0.05859375 0.021484375 0.021484375 
0 0.5029296875 0.6435546875 0.021484375 0.021484375 
1 0.46875 0.1181640625 0.0224609375 0.0224609375 
0 0.505859375 0.052734375 0.021484375 0.021484375 
1 0.498046875 0.4140625 0.021484375 0.021484375 
0 0.4248046875 0.1884765625 0.0224609375 0.0224609375 
0 0.53515625 0.7529296875 0.0224609375 0.0224609375 
0 0.5029296875 0.3603515625 0.0234375 0.0234375 
0 0.4130859375 0.43359375 0.0234375 0.0234375 
0 0.5009765625 0.6962890625 0.0234375 0.0234375 
0 0.607421875 0.4638671875 0.021484375 0.021484375 
0 0.390625 0.1123046875 0.0234375 0.0234375 
0 0.345703125 0.248046875 0.0234375 0.0234375 
0 0.486328125 0.8115234375 0.0224609375 0.0224609375 
1 0.5595703125 0.7666015625 0.0234375 0.0234375 
0 0.546875 0.169921875 0.021484375 0.021484375 
0 0.5927734375 0.4755859375 0.021484375 0.021484375 
0 0.5888671875 0.197265625 0.021484375 0.021484375 
0 0.5146484375 0.169921875 0.021484375 0.021484375 
0 0.5576171875 0.517578125 0.0224609375 0.0224609375 
0 0.4345703125 0.5732421875 0.021484375 0.021484375 
0 0.3671875 0.169921875 0.021484375 0.021484375 
0 0.3232421875 0.2734375 0.021484375 0.021484375 
0 0.5439453125 0.1953125 0.021484375 0.021484375 
0 0.3291015625 0.3046875 0.021484375 0.021484375 
0 0.392578125 0.146484375 0.0234375 0.0234375 
0 0.54296875 0.453125 0.021484375 0.021484375 
0 0.5615234375 0.6064453125 0.0234375 0.0234375 
0 0.6826171875 0.18359375 0.0234375 0.0234375 
0 0.3515625 0.1494140625 0.0224609375 0.0224609375 
0 0.58984375 0.5703125 0.021484375 0.021484375 
0 0.66796875 0.2353515625 0.0224609375 0.0224609375 
0 0.3359375 0.166015625 0.021484375 0.021484375 
1 0.4130859375 0.1337890625 0.0224609375 0.0224609375 
1 0.4658203125 0.8525390625 0.021484375 0.021484375 
0 0.552734375 0.705078125 0.021484375 0.021484375 
0 0.4580078125 0.1845703125 0.021484375 0.021484375 
1 0.5087890625 0.4775390625 0.0224609375 0.0224609375 
0 0.41015625 0.5166015625 0.021484375 0.021484375 
0 0.4853515625 0.2041015625 0.021484375 0.021484375 
0 0.623046875 0.330078125 0.021484375 0.021484375 
0 0.345703125 0.3388671875 0.0234375 0.0234375 
0 0.447265625 0.76953125 0.025390625 0.025390625 
1 0.501953125 0.841796875 0.021484375 0.021484375 
0 0.486328125 0.2421875 0.0234375 0.0234375 
0 0.2919921875 0.068359375 0.0234375 0.0234375 
0 0.646484375 0.146484375 0.021484375 0.021484375 
0 0.4541015625 0.3828125 0.0234375 0.0234375 
0 0.345703125 0.1015625 0.021484375 0.021484375 
0 0.484375 0.5283203125 0.0234375 0.0234375 
0 0.6337890625 0.287109375 0.021484375 0.021484375 
0 0.541015625 0.814453125 0.021484375 0.021484375 
0 0.5263671875 0.64453125 0.021484375 0.021484375 
0 0.369140625 0.2431640625 0.021484375 0.021484375 
0 0.5302734375 0.31640625 0.021484375 0.021484375 
0 0.466796875 0.59375 0.0234375 0.0234375 
0 0.48046875 0.56640625 0.0234375 0.0234375 
1 0.427734375 0.0517578125 0.021484375 0.021484375 
1 0.5517578125 0.7216796875 0.021484375 0.021484375 
1 0.5361328125 0.861328125 0.021484375 0.021484375 
1 0.4736328125 0.044921875 0.021484375 0.021484375 
1 0.5537109375 0.5576171875 0.021484375 0.021484375 
