0 0.3974609375 0.423828125 0.0234375 0.0234375 
1 0.421875 0.1640625 0.021484375 0.021484375 
0 0.5 0.29296875 0.0234375 0.0234375 
1 0.361328125 0.3154296875 0.021484375 0.021484375 
0 0.3427734375 0.3212890625 0.021484375 0.021484375 
0 0.650390625 0.1220703125 0.0234375 0.0234375 
0 0.54296875 0.7216796875 0.021484375 0.021484375 
0 0.4052734375 0.0390625 0.0234375 0.0234375 
0 0.37109375 0.2890625 0.0234375 0.0234375 
1 0.4501953125 0.744140625 0.021484375 0.021484375 
1 0.435546875 0.509765625 0.021484375 0.021484375 
0 0.6220703125 0.447265625 0.0234375 0.0234375 
0 0.365234375 0.1796875 0.0224609375 0.0224609375 
0 0.619140625 0.09765625 0.021484375 0.021484375 
0 0.4814453125 0.458984375 0.021484375 0.021484375 
0 0.54296875 0.5732421875 0.021484375 0.021484375 
0 0.5986328125 0.171875 0.0234375 0.0234375 
0 0.4423828125 0.685546875 0.0224609375 0.0224609375 
0 0.5380859375 0.841796875 0.0224609375 0.0224609375 
1 0.6201171875 0.2548828125 0.0224609375 0.0224609375 
0 0.40625 0.2802734375 0.0234375 0.0234375 
0 0.5693359375 0.689453125 0.0234375 0.0234375 
1 0.3642578125 0.1357421875 0.0224609375 0.0224609375 
1 0.28515625 0.087890625 0.021484375 0.021484375 
0 0.619140625 0.365234375 0.021484375 0.021484375 
0 0.4658203125 0.1904296875 0.021484375 0.021484375 
1 0.3623046875 0.25 0.0224609375 0.0224609375 
0 0.47265625 0.408203125 0.0234375 0.0234375 
0 0.58203125 0.3681640625 0.021484375 0.021484375 
0 0.6552734375 0.0859375 0.0234375 0.0234375 
1 0.3857421875 0.06640625 0.021484375 0.021484375 
0 0.4697265625 0.4716796875 0.0234375 0.0234375 
0 0.31640625 0.125 0.0234375 0.0234375 
0 0.4072265625 0.357421875 0.021484375 0.021484375 
0 0.611328125 0.4736328125 0.021484375 0.021484375 
0 0.470703125 0.205078125 0.021484375 0.021484375 
0 0.60546875 0.4384765625 0.0224609375 0.0224609375 
0 0.5283203125 0.1083984375 0.021484375 0.021484375 
0 0.5263671875 0.5244140625 0.0224609375 0.0224609375 
0 0.4462890625 0.6455078125 0.0224609375 0.0224609375 
1 0.6884765625 0.1171875 0.0224609375 0.0224609375 
0 0.48046875 0.3857421875 0.021484375 0.021484375 
0 0.515625 0.166015625 0.0234375 0.0234375 
0 0.5146484375 0.677734375 0.0234375 0.0234375 
0 0.310546875 0.056640625 0.0234375 0.0234375 
0 0.548828125 0.4208984375 0.0234375 0.0234375 
0 0.3896484375 0.3740234375 0.021484375 0.021484375 
0 0.6611328125 0.140625 0.021484375 0.021484375 
0 0.310546875 0.2294921875 0.021484375 0.021484375 
0 0.47265625 0.6611328125 0.021484375 0.021484375 
1 0.3271484375 0.048828125 0.0224609375 0.0224609375 
0 0.5927734375 0.6142578125 0.021484375 0.021484375 
0 0.53125 0.2099609375 0.0234375 0.0234375 
0 0.53125 0.1630859375 0.021484375 0.021484375 
0 0.6845703125 0.095703125 0.021484375 0.021484375 
1 0.5576171875 0.3251953125 0.021484375 0.021484375 
1 0.380859375 0.48046875 0.021484375 0.021484375 
0 0.4892578125 0.54296875 0.021484375 0.021484375 
0 0.4931640625 0.1943359375 0.0234375 0.0234375 
1 0.3837890625 0.1640625 0.021484375 0.021484375 
0 0.51171875 0.5576171875 0.021484375 0.021484375 
1 0.6533203125 0.1806640625 0.021484375 0.021484375 
0 0.3779296875 0.310546875 0.0234375 0.0234375 
1 0.44921875 0.66015625 0.021484375 0.021484375 
1 0.423828125 0.353515625 0.021484375 0.021484375 
1 0.35546875 0.10546875 0.021484375 0.021484375 
0 0.560546875 0.7646484375 0.0224609375 0.0224609375 
0 0.4931640625 0.646484375 0.021484375 0.021484375 
1 0.6162109375 0.2080078125 0.021484375 0.021484375 
0 0.3271484375 0.185546875 0.0234375 0.0234375 
1 0.4462890625 0.259765625 0.0224609375 0.0224609375 
1 0.3818359375 0.234375 0.021484375 0.021484375 
0 0.32421875 0.22265625 0.021484375 0.021484375 
1 0.603515625 0.388671875 0.021484375 0.021484375 
0 0.4375 0.759765625 0.0224609375 0.0224609375 
0 0.466796875 0.2861328125 0.021484375 0.021484375 
0 0.609375 0.0654296875 0.0234375 0.0234375 
0 0.431640625 0.2412109375 0.0224609375 0.0224609375 
0 0.5693359375 0.154296875 0.021484375 0.021484375 
0 0.48046875 0.2939453125 0.021484375 0.021484375 
0 0.5947265625 0.455078125 0.021484375 0.021484375 
0 0.466796875 0.365234375 0.0234375 0.0234375 
0 0.484375 0.7509765625 0.0234375 0.0234375 
0 0.3955078125 0.126953125 0.021484375 0.021484375 
0 0.66796875 0.26953125 0.021484375 0.021484375 
1 0.4287109375 0.5947265625 0.021484375 0.021484375 
1 0.66796875 0.107421875 0.0224609375 0.0224609375 
0 0.5146484375 0.328125 0.0234375 0.0234375 
0 0.4521484375 0.5595703125 0.021484375 0.021484375 
1 0.5556640625 0.3544921875 0.0224609375 0.0224609375 
0 0.3818359375 0.4345703125 0.021484375 0.021484375 
0 0.568359375 0.6142578125 0.021484375 0.021484375 
0 0.271484375 0.0546875 0.021484375 0.021484375 
0 0.51171875 0.716796875 0.021484375 0.021484375 
0 0.3203125 0.2490234375 0.0224609375 0.0224609375 
0 0.3466796875 0.294921875 0.021484375 0.021484375 
0 0.435546875 0.6689453125 0.021484375 0.021484375 
1 0.353515625 0.03515625 0.0224609375 0.0224609375 
0 0.5224609375 0.1962890625 0.021484375 0.021484375 
0 0.4345703125 0.306640625 0.021484375 0.021484375 
0 0.3193359375 0.0771484375 0.0234375 0.0234375 
0 0.4892578125 0.4267578125 0.021484375 0.021484375 
0 0.5517578125 0.1591796875 0.021484375 0.021484375 
0 0.388671875 0.2783203125 0.021484375 0.021484375 
0 0.5859375 0.330078125 0.0234375 0.0234375 
0 0.2958984375 0.1533203125 0.021484375 0.021484375 
0 0.5419921875 0.2548828125 0.0224609375 0.0224609375 
1 0.3779296875 0.5234375 0.021484375 0.021484375 
0 0.4248046875 0.2734375 0.021484375 0.021484375 
0 0.4169921875 0.5146484375 0.021484375 0.021484375 
0 0.53515625 0.23828125 0.0234375 0.0234375 
0 0.4345703125 0.1416015625 0.0234375 0.0234375 
0 0.5283203125 0.4541015625 0.021484375 0.021484375 
0 0.5185546875 0.740234375 0.021484375 0.021484375 
1 0.6669921875 0.201171875 0.021484375 0.021484375 
0 0.484375 0.783203125 0.025390625 0.025390625 
0 0.5732421875 0.2431640625 0.0234375 0.0234375 
0 0.400390625 0.2138671875 0.021484375 0.021484375 
0 0.5595703125 0.20703125 0.021484375 0.021484375 
1 0.498046875 0.4990234375 0.021484375 0.021484375 
0 0.4794921875 0.1416015625 0.021484375 0.021484375 
0 0.3515625 0.2783203125 0.021484375 0.021484375 
0 0.5390625 0.5400390625 0.0224609375 0.0224609375 
0 0.52734375 0.3974609375 0.0234375 0.0234375 
0 0.4326171875 0.1083984375 0.021484375 0.021484375 
0 0.45703125 0.8203125 0.0224609375 0.0224609375 
0 0.4404296875 0.4736328125 0.021484375 0.021484375 
0 0.4140625 0.595703125 0.021484375 0.021484375 
1 0.64453125 0.314453125 0.021484375 0.021484375 
0 0.619140625 0.228515625 0.021484375 0.021484375 
1 0.5302734375 0.068359375 0.021484375 0.021484375 
0 0.6103515625 0.1484375 0.021484375 0.021484375 
0 0.5458984375 0.279296875 0.021484375 0.021484375 
0 0.5947265625 0.2216796875 0.0224609375 0.0224609375 
0 0.5185546875 0.6953125 0.0224609375 0.0224609375 
0 0.4755859375 0.25 0.0224609375 0.0224609375 
0 0.4326171875 0.0693359375 0.021484375 0.021484375 
1 0.537109375 0.677734375 0.021484375 0.021484375 
0 0.412109375 0.4091796875 0.0224609375 0.0224609375 
0 0.58203125 0.392578125 0.0234375 0.0234375 
0 0.3349609375 0.078125 0.0224609375 0.0224609375 
0 0.4208984375 0.55078125 0.021484375 0.021484375 
0 0.533203125 0.0302734375 0.0224609375 0.0224609375 
0 0.484375 0.3505859375 0.0234375 0.0234375 
1 0.5634765625 0.4169921875 0.021484375 0.021484375 
0 0.6181640625 0.3154296875 0.0234375 0.0234375 
0 0.48046875 0.5205078125 0.021484375 0.021484375 
0 0.4921875 0.7978515625 0.0224609375 0.0224609375 
0 0.4794921875 0.158203125 0.021484375 0.021484375 
0 0.5048828125 0.1123046875 0.021484375 0.021484375 
1 0.4111328125 0.3173828125 0.021484375 0.021484375 
0 0.4013671875 0.169921875 0.021484375 0.021484375 
0 0.4619140625 0.6845703125 0.021484375 0.021484375 
0 0.33984375 0.2509765625 0.0224609375 0.0224609375 
1 0.400390625 0.0712890625 0.0224609375 0.0224609375 
0 0.4921875 0.037109375 0.0234375 0.0234375 
0 0.4365234375 0.171875 0.021484375 0.021484375 
0 0.6552734375 0.2333984375 0.021484375 0.021484375 
1 0.408203125 0.2353515625 0.021484375 0.021484375 
0 0.4638671875 0.5263671875 0.021484375 0.021484375 
0 0.4599609375 0.1640625 0.021484375 0.021484375 
0 0.505859375 0.54296875 0.021484375 0.021484375 
0 0.5615234375 0.279296875 0.021484375 0.021484375 
0 0.3720703125 0.453125 0.0224609375 0.0224609375 
0 0.462890625 0.3203125 0.0234375 0.0234375 
0 0.5126953125 0.0888671875 0.021484375 0.021484375 
0 0.642578125 0.0341796875 0.021484375 0.021484375 
0 0.4033203125 0.62890625 0.021484375 0.021484375 
0 0.5185546875 0.619140625 0.021484375 0.021484375 
0 0.4140625 0.0810546875 0.021484375 0.021484375 
0 0.4208984375 0.384765625 0.0234375 0.0234375 
0 0.5771484375 0.4638671875 0.0234375 0.0234375 
0 0.537109375 0.47265625 0.021484375 0.021484375 
0 0.5068359375 0.2470703125 0.021484375 0.021484375 
0 0.494140625 0.404296875 0.0224609375 0.0224609375 
0 0.404296875 0.3828125 0.0234375 0.0234375 
0 0.4150390625 0.333984375 0.021484375 0.021484375 
0 0.513671875 0.3681640625 0.021484375 0.021484375 
0 0.3515625 0.0673828125 0.021484375 0.021484375 
0 0.578125 0.2734375 0.021484375 0.021484375 
