0 0.43359375 0.630859375 0.021484375 0.021484375 
0 0.4248046875 0.2734375 0.021484375 0.021484375 
0 0.46484375 0.69921875 0.0224609375 0.0224609375 
0 0.646484375 0.2451171875 0.0234375 0.0234375 
0 0.578125 0.4462890625 0.0234375 0.0234375 
0 0.4287109375 0.658203125 0.021484375 0.021484375 
1 0.5244140625 0.0810546875 0.021484375 0.021484375 
1 0.4521484375 0.7841796875 0.021484375 0.021484375 
0 0.458984375 0.310546875 0.021484375 0.021484375 
1 0.3837890625 0.2548828125 0.021484375 0.021484375 
0 0.5546875 0.44921875 0.0234375 0.0234375 
1 0.408203125 0.365234375 0.021484375 0.021484375 
0 0.6376953125 0.349609375 0.021484375 0.021484375 
0 0.5068359375 0.6396484375 0.0234375 0.0234375 
0 0.5380859375 0.4619140625 0.021484375 0.021484375 
0 0.51171875 0.1533203125 0.021484375 0.021484375 
0 0.6181640625 0.4111328125 0.021484375 0.021484375 
0 0.5849609375 0.650390625 0.021484375 0.021484375 
1 0.5546875 0.7353515625 0.021484375 0.021484375 
0 0.498046875 0.8896484375 0.0234375 0.0234375 
0 0.6005859375 0.208984375 0.0234375 0.0234375 
0 0.3427734375 0.2587890625 0.0234375 0.0234375 
0 0.5673828125 0.17578125 0.0234375 0.0234375 
0 0.3642578125 0.130859375 0.021484375 0.021484375 
0 0.4931640625 0.537109375 0.021484375 0.021484375 
0 0.4326171875 0.3671875 0.0224609375 0.0224609375 
0 0.47265625 0.421875 0.021484375 0.021484375 
0 0.494140625 0.2822265625 0.0234375 0.0234375 
1 0.341796875 0.2216796875 0.021484375 0.021484375 
0 0.41796875 0.4326171875 0.021484375 0.021484375 
0 0.3564453125 0.279296875 0.0224609375 0.0224609375 
0 0.4287109375 0.21875 0.0234375 0.0234375 
1 0.6396484375 0.2294921875 0.021484375 0.021484375 
0 0.3681640625 0.4130859375 0.021484375 0.021484375 
1 0.6484375 0.2021484375 0.021484375 0.021484375 
0 0.6826171875 0.1474609375 0.021484375 0.021484375 
1 0.548828125 0.4228515625 0.021484375 0.021484375 
0 0.5185546875 0.328125 0.021484375 0.021484375 
0 0.390625 0.466796875 0.021484375 0.021484375 
0 0.7197265625 0.0322265625 0.0234375 0.0234375 
1 0.5625 0.361328125 0.021484375 0.021484375 
0 0.6416015625 0.2724609375 0.0224609375 0.0224609375 
0 0.5595703125 0.189453125 0.0234375 0.0234375 
0 0.6455078125 0.2919921875 0.0224609375 0.0224609375 
0 0.6123046875 0.4345703125 0.021484375 0.021484375 
0 0.46484375 0.3916015625 0.021484375 0.021484375 
0 0.54296875 0.3876953125 0.0224609375 0.0224609375 
1 0.37109375 0.328125 0.0224609375 0.0224609375 
0 0.49609375 0.8349609375 0.0224609375 0.0224609375 
0 0.52734375 0.6884765625 0.0234375 0.0234375 
0 0.466796875 0.59375 0.021484375 0.021484375 
1 0.3896484375 0.2958984375 0.021484375 0.021484375 
0 0.5810546875 0.49609375 0.021484375 0.021484375 
1 0.431640625 0.0302734375 0.0224609375 0.0224609375 
0 0.392578125 0.345703125 0.0234375 0.0234375 
1 0.5849609375 0.255859375 0.0224609375 0.0224609375 
1 0.5341796875 0.53515625 0.021484375 0.021484375 
0 0.41796875 0.49609375 0.0234375 0.0234375 
0 0.5244140625 0.869140625 0.021484375 0.021484375 
0 0.5390625 0.775390625 0.025390625 0.025390625 
1 0.611328125 0.1533203125 0.021484375 0.021484375 
0 0.3818359375 0.19140625 0.0224609375 0.0224609375 
0 0.474609375 0.318359375 0.021484375 0.021484375 
0 0.54296875 0.3564453125 0.021484375 0.021484375 
1 0.55859375 0.7646484375 0.0234375 0.0234375 
1 0.458984375 0.470703125 0.021484375 0.021484375 
0 0.3173828125 0.1201171875 0.021484375 0.021484375 
0 0.5146484375 0.4619140625 0.021484375 0.021484375 
0 0.435546875 0.3466796875 0.021484375 0.021484375 
1 0.4580078125 0.15234375 0.021484375 0.021484375 
0 0.447265625 0.4228515625 0.021484375 0.021484375 
0 0.54296875 0.515625 0.0234375 0.0234375 
0 0.4013671875 0.5341796875 0.021484375 0.021484375 
0 0.6357421875 0.3779296875 0.021484375 0.021484375 
0 0.490234375 0.57421875 0.0234375 0.0234375 
0 0.423828125 0.6923828125 0.021484375 0.021484375 
0 0.5908203125 0.5224609375 0.0234375 0.0234375 
0 0.59765625 0.2978515625 0.021484375 0.021484375 
0 0.669921875 0.0673828125 0.0234375 0.0234375 
0 0.484375 0.8671875 0.025390625 0.025390625 
1 0.6484375 0.12109375 0.0224609375 0.0224609375 
0 0.6533203125 0.3349609375 0.0234375 0.0234375 
0 0.5107421875 0.033203125 0.021484375 0.021484375 
0 0.4873046875 0.3740234375 0.0234375 0.0234375 
1 0.3583984375 0.0654296875 0.021484375 0.021484375 
0 0.47265625 0.494140625 0.021484375 0.021484375 
1 0.43359375 0.4326171875 0.021484375 0.021484375 
0 0.451171875 0.72265625 0.021484375 0.021484375 
1 0.5478515625 0.1259765625 0.021484375 0.021484375 
0 0.3505859375 0.1201171875 0.021484375 0.021484375 
1 0.3330078125 0.1767578125 0.0224609375 0.0224609375 
1 0.4990234375 0.859375 0.021484375 0.021484375 
0 0.373046875 0.166015625 0.0234375 0.0234375 
0 0.5888671875 0.2841796875 0.0234375 0.0234375 
0 0.515625 0.583984375 0.0224609375 0.0224609375 
0 0.4248046875 0.333984375 0.021484375 0.021484375 
0 0.6123046875 0.248046875 0.0234375 0.0234375 
0 0.533203125 0.666015625 0.021484375 0.021484375 
0 0.6318359375 0.4521484375 0.021484375 0.021484375 
0 0.3330078125 0.236328125 0.021484375 0.021484375 
0 0.61328125 0.3408203125 0.021484375 0.021484375 
0 0.4150390625 0.0380859375 0.0234375 0.0234375 
0 0.37890625 0.04296875 0.0234375 0.0234375 
1 0.33984375 0.068359375 0.021484375 0.021484375 
0 0.2958984375 0.1240234375 0.0234375 0.0234375 
0 0.376953125 0.2783203125 0.0234375 0.0234375 
0 0.4521484375 0.556640625 0.021484375 0.021484375 
0 0.587890625 0.0478515625 0.0234375 0.0234375 
0 0.4873046875 0.0400390625 0.021484375 0.021484375 
0 0.5791015625 0.1962890625 0.0234375 0.0234375 
0 0.5341796875 0.1904296875 0.021484375 0.021484375 
0 0.44921875 0.2080078125 0.021484375 0.021484375 
0 0.4609375 0.1767578125 0.0224609375 0.0224609375 
0 0.650390625 0.0302734375 0.021484375 0.021484375 
1 0.51171875 0.740234375 0.021484375 0.021484375 
0 0.3349609375 0.3046875 0.0234375 0.0234375 
0 0.3408203125 0.0419921875 0.021484375 0.021484375 
0 0.50390625 0.6220703125 0.0234375 0.0234375 
0 0.53125 0.818359375 0.0224609375 0.0224609375 
1 0.6103515625 0.48046875 0.0224609375 0.0224609375 
0 0.5537109375 0.041015625 0.021484375 0.021484375 
0 0.41796875 0.673828125 0.021484375 0.021484375 
0 0.466796875 0.3759765625 0.021484375 0.021484375 
0 0.62109375 0.3857421875 0.021484375 0.021484375 
0 0.486328125 0.2958984375 0.0234375 0.0234375 
0 0.42578125 0.5302734375 0.021484375 0.021484375 
1 0.61328125 0.306640625 0.0224609375 0.0224609375 
0 0.583984375 0.140625 0.0234375 0.0234375 
1 0.546875 0.3349609375 0.0224609375 0.0224609375 
1 0.6337890625 0.306640625 0.0224609375 0.0224609375 
0 0.4306640625 0.5556640625 0.021484375 0.021484375 
