0 0.3994140625 0.548828125 0.0234375 0.0234375 
0 0.3623046875 0.3154296875 0.021484375 0.021484375 
0 0.6298828125 0.287109375 0.0234375 0.0234375 
0 0.5556640625 0.138671875 0.021484375 0.021484375 
0 0.599609375 0.474609375 0.021484375 0.021484375 
0 0.5673828125 0.1640625 0.021484375 0.021484375 
0 0.439453125 0.2353515625 0.021484375 0.021484375 
0 0.388671875 0.51171875 0.021484375 0.021484375 
0 0.5244140625 0.6416015625 0.021484375 0.021484375 
1 0.4296875 0.5595703125 0.0224609375 0.0224609375 
0 0.5126953125 0.4169921875 0.0224609375 0.0224609375 
0 0.6376953125 0.369140625 0.0234375 0.0234375 
0 0.6318359375 0.3173828125 0.0234375 0.0234375 
0 0.4384765625 0.12890625 0.021484375 0.021484375 
0 0.5341796875 0.3271484375 0.0234375 0.0234375 
0 0.349609375 0.0732421875 0.0224609375 0.0224609375 
0 0.458984375 0.6240234375 0.021484375 0.021484375 
0 0.517578125 0.1748046875 0.021484375 0.021484375 
0 0.41796875 0.544921875 0.021484375 0.021484375 
0 0.62109375 0.3408203125 0.0224609375 0.0224609375 
0 0.423828125 0.38671875 0.021484375 0.021484375 
1 0.462890625 0.3125 0.0224609375 0.0224609375 
0 0.3173828125 0.115234375 0.021484375 0.021484375 
1 0.455078125 0.5361328125 0.0224609375 0.0224609375 
0 0.2802734375 0.076171875 0.0224609375 0.0224609375 
0 0.3232421875 0.1630859375 0.021484375 0.021484375 
1 0.685546875 0.1201171875 0.021484375 0.021484375 
0 0.3623046875 0.349609375 0.021484375 0.021484375 
0 0.474609375 0.673828125 0.021484375 0.021484375 
0 0.4013671875 0.033203125 0.021484375 0.021484375 
0 0.4326171875 0.642578125 0.021484375 0.021484375 
0 0.6064453125 0.138671875 0.021484375 0.021484375 
0 0.5126953125 0.7529296875 0.01953125 0.01953125 
1 0.48046875 0.4970703125 0.021484375 0.021484375 
1 0.6474609375 0.1748046875 0.021484375 0.021484375 
1 0.564453125 0.2587890625 0.0224609375 0.0224609375 
0 0.4853515625 0.578125 0.021484375 0.021484375 
0 0.5400390625 0.1552734375 0.021484375 0.021484375 
0 0.5224609375 0.8505859375 0.0234375 0.0234375 
1 0.4755859375 0.7734375 0.0234375 0.0234375 
0 0.4951171875 0.353515625 0.021484375 0.021484375 
0 0.6279296875 0.2529296875 0.0234375 0.0234375 
0 0.521484375 0.271484375 0.0224609375 0.0224609375 
0 0.650390625 0.19140625 0.0234375 0.0234375 
1 0.6259765625 0.173828125 0.021484375 0.021484375 
1 0.3349609375 0.0576171875 0.0224609375 0.0224609375 
0 0.36328125 0.390625 0.0234375 0.0234375 
1 0.5498046875 0.7568359375 0.021484375 0.021484375 
0 0.5693359375 0.232421875 0.021484375 0.021484375 
0 0.5234375 0.4462890625 0.0234375 0.0234375 
0 0.443359375 0.326171875 0.021484375 0.021484375 
0 0.3857421875 0.466796875 0.021484375 0.021484375 
0 0.55078125 0.8232421875 0.0224609375 0.0224609375 
0 0.548828125 0.5498046875 0.021484375 0.021484375 
0 0.455078125 0.6728515625 0.021484375 0.021484375 
0 0.5380859375 0.47265625 0.021484375 0.021484375 
0 0.5 0.78515625 0.0234375 0.0234375 
0 0.4873046875 0.1025390625 0.0234375 0.0234375 
0 0.55078125 0.66015625 0.021484375 0.021484375 
0 0.40234375 0.4892578125 0.0234375 0.0234375 
0 0.5703125 0.41796875 0.021484375 0.021484375 
0 0.431640625 0.705078125 0.0234375 0.0234375 
0 0.36328125 0.259765625 0.021484375 0.021484375 
0 0.3818359375 0.1943359375 0.0224609375 0.0224609375 
0 0.5205078125 0.06640625 0.0234375 0.0234375 
1 0.4453125 0.0751953125 0.021484375 0.021484375 
0 0.525390625 0.515625 0.021484375 0.021484375 
1 0.4111328125 0.5654296875 0.021484375 0.021484375 
0 0.3583984375 0.439453125 0.021484375 0.021484375 
0 0.5751953125 0.5166015625 0.0234375 0.0234375 
0 0.533203125 0.23046875 0.0224609375 0.0224609375 
1 0.4033203125 0.283203125 0.0224609375 0.0224609375 
0 0.615234375 0.43359375 0.0234375 0.0234375 
0 0.609375 0.3310546875 0.021484375 0.021484375 
0 0.625 0.076171875 0.0224609375 0.0224609375 
0 0.5869140625 0.419921875 0.021484375 0.021484375 
0 0.3154296875 0.1474609375 0.021484375 0.021484375 
0 0.349609375 0.27734375 0.021484375 0.021484375 
1 0.54296875 0.810546875 0.021484375 0.021484375 
0 0.515625 0.6806640625 0.0224609375 0.0224609375 
1 0.4921875 0.671875 0.021484375 0.021484375 
0 0.5322265625 0.18359375 0.0234375 0.0234375 
0 0.525390625 0.486328125 0.021484375 0.021484375 
1 0.552734375 0.3759765625 0.0224609375 0.0224609375 
1 0.421875 0.2509765625 0.0224609375 0.0224609375 
1 0.5673828125 0.5888671875 0.021484375 0.021484375 
0 0.5107421875 0.62890625 0.0234375 0.0234375 
0 0.517578125 0.4716796875 0.021484375 0.021484375 
0 0.62109375 0.2177734375 0.021484375 0.021484375 
0 0.4931640625 0.4033203125 0.0234375 0.0234375 
0 0.404296875 0.0478515625 0.021484375 0.021484375 
0 0.431640625 0.6259765625 0.0234375 0.0234375 
1 0.4873046875 0.0693359375 0.0224609375 0.0224609375 
0 0.455078125 0.5126953125 0.021484375 0.021484375 
0 0.654296875 0.08984375 0.0234375 0.0234375 
0 0.57421875 0.3681640625 0.021484375 0.021484375 
0 0.5419921875 0.5703125 0.0234375 0.0234375 
1 0.6650390625 0.1328125 0.0224609375 0.0224609375 
0 0.5498046875 0.4951171875 0.0234375 0.0234375 
0 0.453125 0.1796875 0.0224609375 0.0224609375 
1 0.3173828125 0.2314453125 0.021484375 0.021484375 
0 0.4541015625 0.0625 0.0234375 0.0234375 
0 0.5576171875 0.5078125 0.021484375 0.021484375 
1 0.4384765625 0.4443359375 0.021484375 0.021484375 
0 0.490234375 0.4345703125 0.021484375 0.021484375 
0 0.591796875 0.373046875 0.0234375 0.0234375 
0 0.53125 0.705078125 0.021484375 0.021484375 
0 0.6796875 0.2216796875 0.0224609375 0.0224609375 
1 0.3779296875 0.361328125 0.021484375 0.021484375 
0 0.5751953125 0.2158203125 0.0234375 0.0234375 
1 0.6025390625 0.2080078125 0.0224609375 0.0224609375 
1 0.423828125 0.47265625 0.0224609375 0.0224609375 
0 0.37890625 0.498046875 0.021484375 0.021484375 
0 0.515625 0.5341796875 0.021484375 0.021484375 
0 0.5673828125 0.3173828125 0.0234375 0.0234375 
0 0.4267578125 0.0908203125 0.021484375 0.021484375 
0 0.4541015625 0.1611328125 0.021484375 0.021484375 
0 0.513671875 0.3525390625 0.0234375 0.0234375 
0 0.5771484375 0.6689453125 0.021484375 0.021484375 
0 0.451171875 0.3525390625 0.0234375 0.0234375 
0 0.55078125 0.3427734375 0.021484375 0.021484375 
1 0.625 0.0302734375 0.0224609375 0.0224609375 
1 0.4638671875 0.5947265625 0.021484375 0.021484375 
0 0.4697265625 0.71484375 0.0234375 0.0234375 
1 0.5732421875 0.5556640625 0.021484375 0.021484375 
0 0.427734375 0.326171875 0.021484375 0.021484375 
0 0.46484375 0.8154296875 0.0224609375 0.0224609375 
0 0.3583984375 0.212890625 0.021484375 0.021484375 
